10 10
0 1 2 3 4 5 6 7 8 9
10 11 12 13 14 15 16 17 18 19
20 21 22 23 24 25 26 27 28 29
30 31 32 33 34 35 36 37 38 39
40 41 42 43 44 45 46 47 48 49
50 51 52 53 54 55 56 57 58 59
60 61 62 63 64 65 66 67 68 69
70 71 72 73 74 75 76 77 78 79
80 81 82 83 84 85 86 87 88 89
90 91 92 93 94 95 96 97 98 99
2 59 18 63 70 61 41 85 43 54
25 69 13 11 8 0 5 4 60 87
65 42 1 10 91 57 35 71 98 3
19 7 62 73 79 76 22 33 52 30
44 27 31 77 29 75 46 72 56 84
90 38 51 49 58 9 78 16 47 66
32 80 92 82 28 97 88 36 89 74
48 21 55 20 37 12 34 24 45 6
95 86 94 14 67 99 96 93 39 83
64 40 26 17 23 81 50 68 15 53
