20 20
0 1 2 3 4 5 6 7 8 9 10 11 12 13 14 15 16 17 18 19
20 21 22 23 24 25 26 27 28 29 30 31 32 33 34 35 36 37 38 39
40 41 42 43 44 45 46 47 48 49 50 51 52 53 54 55 56 57 58 59
60 61 62 63 64 65 66 67 68 69 70 71 72 73 74 75 76 77 78 79
80 81 82 83 84 85 86 87 88 89 90 91 92 93 94 95 96 97 98 99
100 101 102 103 104 105 106 107 108 109 110 111 112 113 114 115 116 117 118 119
120 121 122 123 124 125 126 127 128 129 130 131 132 133 134 135 136 137 138 139
140 141 142 143 144 145 146 147 148 149 150 151 152 153 154 155 156 157 158 159
160 161 162 163 164 165 166 167 168 169 170 171 172 173 174 175 176 177 178 179
180 181 182 183 184 185 186 187 188 189 190 191 192 193 194 195 196 197 198 199
200 201 202 203 204 205 206 207 208 209 210 211 212 213 214 215 216 217 218 219
220 221 222 223 224 225 226 227 228 229 230 231 232 233 234 235 236 237 238 239
240 241 242 243 244 245 246 247 248 249 250 251 252 253 254 255 256 257 258 259
260 261 262 263 264 265 266 267 268 269 270 271 272 273 274 275 276 277 278 279
280 281 282 283 284 285 286 287 288 289 290 291 292 293 294 295 296 297 298 299
300 301 302 303 304 305 306 307 308 309 310 311 312 313 314 315 316 317 318 319
320 321 322 323 324 325 326 327 328 329 330 331 332 333 334 335 336 337 338 339
340 341 342 343 344 345 346 347 348 349 350 351 352 353 354 355 356 357 358 359
360 361 362 363 364 365 366 367 368 369 370 371 372 373 374 375 376 377 378 379
380 381 382 383 384 385 386 387 388 389 390 391 392 393 394 395 396 397 398 399
302 81 40 54 376 320 48 168 267 338 301 393 207 36 366 98 12 115 117 259
209 239 14 253 169 272 96 215 252 123 232 196 157 360 66 292 343 299 68 126
318 330 226 86 1 257 94 339 34 92 172 349 258 217 365 190 103 13 186 246
183 327 21 97 210 191 44 315 144 392 265 127 222 235 216 112 4 279 287 136
45 89 153 174 231 147 105 95 181 205 179 143 324 335 362 242 241 121 87 380
176 122 298 19 290 99 175 10 71 102 67 317 27 63 155 107 203 200 85 90
282 295 238 156 352 141 399 230 357 111 370 104 321 351 24 198 294 383 281 372
6 20 154 129 177 110 266 120 119 59 255 286 285 31 384 208 249 39 146 291
288 55 271 64 2 329 276 124 193 88 7 106 109 385 316 32 273 82 108 9
135 42 145 278 296 247 348 182 150 355 161 41 163 47 244 234 56 228 37 11
341 275 131 374 353 236 201 197 358 46 310 219 140 114 167 69 248 308 381 306
125 91 237 283 368 331 354 73 3 350 323 304 245 202 16 396 152 395 29 264
188 375 377 77 164 251 100 130 75 72 397 221 212 333 189 62 78 58 204 382
118 43 84 240 305 336 322 263 371 270 192 293 25 363 17 390 38 332 262 51
277 356 347 162 195 151 138 260 359 170 303 26 0 229 367 379 218 369 178 309
268 70 345 149 342 57 159 391 233 173 60 211 289 314 132 319 61 15 128 18
394 311 194 184 180 134 8 23 50 33 5 224 313 386 160 166 49 53 328 30
220 213 225 387 223 137 79 65 274 74 284 388 361 373 80 256 133 334 340 83
250 165 148 76 139 52 243 254 389 300 280 337 116 312 22 28 142 326 158 227
297 214 398 171 364 101 206 35 93 325 185 346 269 199 113 378 261 307 187 344
