30 30
0 1 2 3 4 5 6 7 8 9 10 11 12 13 14 15 16 17 18 19 20 21 22 23 24 25 26 27 28 29
30 31 32 33 34 35 36 37 38 39 40 41 42 43 44 45 46 47 48 49 50 51 52 53 54 55 56 57 58 59
60 61 62 63 64 65 66 67 68 69 70 71 72 73 74 75 76 77 78 79 80 81 82 83 84 85 86 87 88 89
90 91 92 93 94 95 96 97 98 99 100 101 102 103 104 105 106 107 108 109 110 111 112 113 114 115 116 117 118 119
120 121 122 123 124 125 126 127 128 129 130 131 132 133 134 135 136 137 138 139 140 141 142 143 144 145 146 147 148 149
150 151 152 153 154 155 156 157 158 159 160 161 162 163 164 165 166 167 168 169 170 171 172 173 174 175 176 177 178 179
180 181 182 183 184 185 186 187 188 189 190 191 192 193 194 195 196 197 198 199 200 201 202 203 204 205 206 207 208 209
210 211 212 213 214 215 216 217 218 219 220 221 222 223 224 225 226 227 228 229 230 231 232 233 234 235 236 237 238 239
240 241 242 243 244 245 246 247 248 249 250 251 252 253 254 255 256 257 258 259 260 261 262 263 264 265 266 267 268 269
270 271 272 273 274 275 276 277 278 279 280 281 282 283 284 285 286 287 288 289 290 291 292 293 294 295 296 297 298 299
300 301 302 303 304 305 306 307 308 309 310 311 312 313 314 315 316 317 318 319 320 321 322 323 324 325 326 327 328 329
330 331 332 333 334 335 336 337 338 339 340 341 342 343 344 345 346 347 348 349 350 351 352 353 354 355 356 357 358 359
360 361 362 363 364 365 366 367 368 369 370 371 372 373 374 375 376 377 378 379 380 381 382 383 384 385 386 387 388 389
390 391 392 393 394 395 396 397 398 399 400 401 402 403 404 405 406 407 408 409 410 411 412 413 414 415 416 417 418 419
420 421 422 423 424 425 426 427 428 429 430 431 432 433 434 435 436 437 438 439 440 441 442 443 444 445 446 447 448 449
450 451 452 453 454 455 456 457 458 459 460 461 462 463 464 465 466 467 468 469 470 471 472 473 474 475 476 477 478 479
480 481 482 483 484 485 486 487 488 489 490 491 492 493 494 495 496 497 498 499 500 501 502 503 504 505 506 507 508 509
510 511 512 513 514 515 516 517 518 519 520 521 522 523 524 525 526 527 528 529 530 531 532 533 534 535 536 537 538 539
540 541 542 543 544 545 546 547 548 549 550 551 552 553 554 555 556 557 558 559 560 561 562 563 564 565 566 567 568 569
570 571 572 573 574 575 576 577 578 579 580 581 582 583 584 585 586 587 588 589 590 591 592 593 594 595 596 597 598 599
600 601 602 603 604 605 606 607 608 609 610 611 612 613 614 615 616 617 618 619 620 621 622 623 624 625 626 627 628 629
630 631 632 633 634 635 636 637 638 639 640 641 642 643 644 645 646 647 648 649 650 651 652 653 654 655 656 657 658 659
660 661 662 663 664 665 666 667 668 669 670 671 672 673 674 675 676 677 678 679 680 681 682 683 684 685 686 687 688 689
690 691 692 693 694 695 696 697 698 699 700 701 702 703 704 705 706 707 708 709 710 711 712 713 714 715 716 717 718 719
720 721 722 723 724 725 726 727 728 729 730 731 732 733 734 735 736 737 738 739 740 741 742 743 744 745 746 747 748 749
750 751 752 753 754 755 756 757 758 759 760 761 762 763 764 765 766 767 768 769 770 771 772 773 774 775 776 777 778 779
780 781 782 783 784 785 786 787 788 789 790 791 792 793 794 795 796 797 798 799 800 801 802 803 804 805 806 807 808 809
810 811 812 813 814 815 816 817 818 819 820 821 822 823 824 825 826 827 828 829 830 831 832 833 834 835 836 837 838 839
840 841 842 843 844 845 846 847 848 849 850 851 852 853 854 855 856 857 858 859 860 861 862 863 864 865 866 867 868 869
870 871 872 873 874 875 876 877 878 879 880 881 882 883 884 885 886 887 888 889 890 891 892 893 894 895 896 897 898 899
697 152 147 207 354 549 168 195 328 341 419 844 409 479 595 229 532 196 718 592 730 822 451 93 501 873 858 619 732 727
395 671 728 857 334 455 707 739 75 692 880 826 316 185 654 798 27 682 158 694 700 871 18 92 355 368 688 635 890 412
124 546 163 487 291 65 884 81 452 331 73 687 46 200 160 141 860 330 630 369 187 201 734 322 788 460 259 235 69 177
478 181 805 614 731 515 550 215 874 842 466 232 413 244 133 294 204 219 644 197 778 608 754 657 0 763 470 882 811 399
242 599 699 342 67 121 284 815 548 485 431 768 475 379 846 358 529 676 637 194 307 139 384 480 695 453 302 893 264 537
408 427 652 202 50 35 392 611 273 429 684 25 370 733 828 601 806 887 494 463 469 94 573 831 563 674 658 527 203 142
270 381 889 19 426 313 359 678 437 131 482 659 801 430 253 556 876 339 380 746 439 55 406 616 212 835 886 198 115 224
128 841 675 583 13 567 744 107 318 251 314 653 883 847 324 343 40 119 271 512 123 600 120 612 116 175 691 509 606 617
720 492 211 171 668 161 336 290 747 717 230 364 345 829 609 498 564 76 591 293 4 558 760 618 389 173 843 386 631 352
456 276 685 12 704 353 223 669 9 759 45 440 135 800 726 490 445 756 830 472 575 708 870 237 737 649 85 656 881 486
553 817 129 491 774 262 38 837 398 149 897 96 645 620 442 192 99 574 698 254 150 178 508 581 895 467 542 441 155 852
91 689 541 554 320 585 130 367 750 140 481 776 396 867 666 108 755 418 686 83 104 875 283 540 348 311 105 500 63 752
239 693 849 60 762 417 54 638 570 443 853 865 157 118 88 724 245 402 423 839 650 26 594 205 435 390 850 716 286 838
483 372 289 797 784 304 520 670 446 41 15 534 82 349 217 613 151 522 888 761 190 191 222 661 569 300 218 37 448 533
113 326 771 371 255 317 70 182 587 394 868 416 736 710 557 821 506 802 447 6 510 795 274 664 723 535 146 415 517 722
464 385 14 648 663 428 258 477 495 208 543 673 627 789 337 572 17 126 365 164 174 505 243 183 667 539 751 263 1 148
52 701 240 741 513 432 775 329 156 565 863 11 325 702 137 834 350 677 64 162 516 803 374 277 249 362 111 79 89 457
298 547 742 143 382 877 33 450 899 295 555 551 713 647 193 646 3 214 579 721 577 106 233 879 502 862 247 47 757 287
633 127 438 607 473 8 125 799 36 102 773 662 461 221 411 735 86 29 281 266 375 296 61 401 861 559 186 824 524 44
767 743 571 112 598 10 144 377 376 855 568 531 832 170 24 101 114 719 578 179 238 848 227 109 301 764 110 665 421 42
34 596 344 117 781 462 226 807 356 489 7 851 303 366 22 623 766 43 184 820 261 391 278 810 20 514 624 279 90 361
484 725 397 748 859 783 136 796 496 97 465 400 145 225 790 403 809 333 80 714 525 78 444 683 639 625 56 562 319 77
241 72 628 305 526 507 180 603 297 378 71 785 793 74 87 729 823 545 122 745 425 816 894 813 59 167 891 267 580 642
504 605 210 770 454 621 48 280 825 812 414 51 309 780 132 335 62 134 459 779 538 738 292 169 712 864 521 758 836 57
449 299 338 256 39 833 383 407 310 28 268 518 892 709 272 493 275 787 327 340 95 703 791 740 560 772 753 189 765 488
706 634 360 593 433 672 346 424 523 282 651 188 248 308 306 552 420 584 814 604 544 715 154 260 236 528 626 393 632 388
100 636 312 315 503 252 681 405 586 58 172 347 410 468 827 499 246 777 265 530 357 5 690 696 782 21 30 640 561 476
679 288 213 68 153 872 436 422 231 769 31 856 845 234 622 216 166 898 16 53 220 373 840 588 458 615 866 878 228 711
536 808 590 23 497 332 285 199 885 138 323 2 321 404 576 660 159 519 103 818 749 387 32 641 250 655 363 566 597 786
869 351 206 643 257 896 66 209 269 582 804 474 511 165 471 589 434 792 84 602 794 680 819 98 176 49 629 854 705 610
