1000 1000
930 355 29108
544 355 63577
279 895 23070
67 932 61407
810 735 97329
223 567 67456
771 563 9374
810 605 65748
321 273 48992
577 747 20317
865 990 26385
12 492 9166
277 839 15571
537 390 16021
37 200 60582
975 573 94520
849 111 87435
158 19 23965
406 866 47488
519 530 10582
585 173 61752
294 96 74086
287 87 31582
983 611 89728
440 775 72680
335 609 32746
871 741 44938
578 496 31914
491 885 53676
335 191 41592
894 389 96704
293 837 42785
429 128 60619
475 382 43568
479 719 10466
296 53 41861
444 166 39148
986 381 77268
852 652 14822
787 275 83192
22 264 2956
215 17 21795
604 288 77767
4 459 21462
75 58 68148
918 572 25919
611 239 87209
180 555 64363
622 865 96516
154 443 22457
238 952 77088
8 33 96925
249 670 11007
46 863 82309
862 26 22688
350 60 82941
783 919 67316
672 361 18782
771 893 63711
164 527 60399
979 520 98201
456 287 85845
826 583 97665
243 3 60151
971 683 91522
357 173 53087
892 262 79354
112 693 51663
425 37 30210
199 837 93196
975 345 3263
242 331 3563
298 867 46057
863 256 59776
107 68 93470
689 518 9398
69 248 47265
90 847 53521
438 240 43891
147 783 80710
888 954 52029
492 635 53978
60 594 64302
864 274 3111
743 93 70356
578 556 28920
551 641 83180
922 55 51542
706 576 42900
697 900 7552
342 108 41519
817 416 99113
845 269 97553
446 759 80423
917 991 3408
68 153 66652
476 964 71847
410 140 76410
841 904 78175
29 899 34754
759 331 30908
383 815 12794
694 915 56334
306 717 54714
529 909 59135
938 725 62988
625 572 53144
714 443 63400
999 294 10828
280 285 51551
524 615 47234
501 474 14490
442 38 13779
838 493 22975
829 526 30026
364 702 43164
634 69 44333
83 28 87478
686 488 80548
657 885 62850
891 8 3872
264 824 45542
817 135 55782
474 584 61887
965 807 16192
578 585 52225
846 892 25991
139 867 74015
667 731 39374
652 389 98554
209 638 770
270 439 45319
194 502 64530
770 803 26708
996 290 74790
661 157 95582
66 840 68917
659 952 54663
122 190 96440
968 989 1665
322 317 58797
289 775 85094
369 615 11325
820 662 36945
950 844 11375
912 850 99700
519 553 79747
319 115 10863
939 176 77626
87 504 69585
991 117 72889
756 630 55022
855 396 1785
702 416 94187
136 439 67292
492 18 80575
218 61 12925
99 500 41857
198 711 69312
643 520 46988
19 466 18727
84 958 81851
375 955 97135
859 54 76515
575 547 29574
615 476 9068
246 858 9580
158 184 88205
368 45 12429
781 34 97641
869 410 47911
868 261 85915
117 252 38578
592 542 54639
654 112 45127
130 243 48515
837 650 35789
880 269 68140
619 324 32540
172 780 34048
882 734 84295
987 36 33969
891 551 56487
504 497 68204
640 640 19101
160 488 37540
692 300 14292
127 846 6082
170 339 13480
902 478 88345
666 381 15603
777 528 85475
471 718 74736
560 903 55449
56 248 95544
761 841 40176
925 43 73469
558 760 6663
14 474 35972
673 710 86459
486 880 52905
415 213 99511
879 774 24589
963 586 89065
141 175 35076
754 666 68148
652 861 84819
501 922 14759
513 415 10677
30 958 33970
964 537 9723
426 175 43756
164 417 73303
217 812 21414
388 502 74490
24 644 10804
500 680 60325
963 741 55079
431 768 8527
548 109 33480
799 177 7848
433 192 37939
13 299 99835
912 55 9053
570 465 4774
395 161 9221
407 696 44353
776 404 45313
355 553 16315
912 81 96915
810 267 17913
545 888 81030
701 54 83614
426 652 46736
76 472 53800
281 330 34804
590 944 27
855 604 66563
210 585 67339
23 525 36199
729 373 14717
712 887 963
520 569 12495
189 975 76542
134 52 10069
115 803 64683
536 138 71161
255 701 47824
174 367 26631
839 304 80751
865 550 5466
935 724 11750
326 191 21146
585 370 58102
778 285 12938
277 582 20482
789 404 15249
474 37 42914
988 117 49156
800 68 87719
181 286 8002
889 870 11054
942 221 79872
929 515 7442
257 675 34218
323 14 50671
136 927 92332
234 932 58079
733 667 28075
301 418 18255
61 882 77597
695 491 51633
291 404 14797
822 317 13810
21 571 60954
794 842 57294
545 883 93745
842 412 82112
13 173 84036
37 730 52736
721 253 97662
10 41 8897
83 764 44837
428 58 95720
241 906 74574
423 592 48285
697 192 36371
767 619 18390
254 316 41704
407 209 68974
862 241 2678
287 131 18552
501 243 38335
40 403 42527
780 361 11072
411 398 82753
898 602 59611
794 1 69593
196 702 38562
279 843 78722
187 848 4348
28 774 24142
598 31 66260
632 513 85573
700 843 23753
991 63 88000
120 656 77027
790 489 72778
371 670 84119
896 58 72846
636 429 5460
484 193 16229
111 555 26709
955 806 44172
883 256 24591
106 738 87770
691 192 41250
70 517 28157
643 161 82370
132 323 32690
697 641 63908
785 230 81191
167 724 98221
76 107 50525
996 463 65606
992 571 71593
875 127 3004
852 437 21355
783 383 33391
68 940 96004
107 677 2934
544 765 85696
235 601 1438
52 501 37626
95 702 42394
311 267 42874
615 154 89843
549 308 68718
455 916 3370
106 834 4528
533 511 67542
744 77 38225
228 247 12477
159 50 32540
821 717 72633
634 483 2773
683 726 68986
910 764 90353
120 694 31185
398 439 58764
618 626 1312
615 330 64089
823 801 39626
166 645 6480
127 479 23948
826 22 69606
563 612 54616
462 953 79241
403 310 66829
879 468 60041
144 692 3384
228 230 10356
789 922 4345
134 562 75824
334 984 24672
182 530 46976
120 379 97690
870 250 97669
8 489 92692
224 659 73048
633 871 48277
372 812 82108
698 331 97066
269 635 59554
459 244 47557
16 491 48350
319 232 3470
605 64 66841
253 424 58345
848 191 49592
81 167 67779
749 564 65518
399 890 7817
661 993 13249
323 763 34617
430 618 56632
913 533 90136
319 819 62154
324 733 40025
83 491 3538
3 454 58176
80 955 19026
916 371 6014
265 338 71393
877 73 64199
982 977 57869
707 450 11554
978 471 85717
593 801 32069
296 664 12229
636 546 53729
607 407 43668
996 431 75351
631 312 68970
873 260 46572
276 160 16477
694 840 60882
571 961 15702
888 117 81173
488 336 30924
227 682 11467
156 888 21833
879 305 81807
692 205 27892
966 74 99523
233 484 58835
566 640 7811
830 40 13356
606 616 15291
825 588 79678
994 901 45288
799 970 39614
475 956 18391
535 51 46344
147 274 65833
518 935 77908
307 14 44920
582 481 91358
477 806 6399
717 76 14035
70 508 51801
417 545 64236
822 393 54752
768 342 81207
487 504 13964
134 367 88591
444 18 22621
200 526 58038
791 89 20955
279 325 86271
59 944 37968
220 62 7147
532 2 77483
346 937 46514
317 141 46731
689 475 90263
132 838 29064
880 42 68626
736 298 39786
812 568 35991
796 381 4409
266 983 94350
688 233 34322
317 372 89869
192 910 56147
400 144 56821
106 558 737
196 572 24200
414 961 92391
947 939 12871
504 381 76207
988 681 71547
448 784 59510
60 857 39749
636 68 21240
393 98 16795
291 847 56925
843 919 98610
476 22 95118
435 630 82625
94 348 42455
476 350 2513
251 598 30978
251 306 6899
59 370 82105
278 593 58440
373 398 86008
726 365 19076
884 778 6369
607 467 52594
451 613 69498
468 326 24266
226 368 29759
682 105 71250
461 8 17882
375 154 53447
732 245 98782
258 188 47731
714 399 67141
712 282 25256
551 795 39483
228 454 78610
920 153 31428
233 877 58947
948 874 53312
910 228 55876
116 888 17884
165 744 38855
18 91 60409
402 216 78428
747 424 24898
728 827 26549
369 227 85116
537 589 59797
552 30 30325
730 195 80638
971 753 86941
376 33 8690
882 146 87765
958 160 75540
811 726 32289
131 624 30702
556 783 49361
695 537 70746
349 250 18023
942 431 6897
372 396 34330
305 35 62621
982 544 74550
711 828 49546
150 162 26937
10 542 64567
151 556 97581
992 569 95257
691 280 89678
769 385 92032
651 961 35427
445 177 97342
114 578 53695
27 4 50219
834 522 65777
435 77 67242
626 353 14248
473 364 1314
343 295 77434
336 318 55799
441 729 95390
143 65 2349
385 386 5423
1 240 65636
166 360 18022
370 251 5951
38 290 19490
384 371 46720
951 671 3569
869 900 74656
659 10 21918
762 516 71820
779 539 52805
831 202 14340
181 998 60663
129 344 54850
292 955 38434
63 279 55413
213 757 62979
118 874 77860
489 430 78197
496 741 35638
519 902 47419
313 327 4402
114 546 90545
545 289 68003
735 349 70545
225 709 76511
511 225 69763
890 155 55801
801 845 21702
545 45 47046
908 704 14405
326 808 53820
133 97 40012
561 684 40516
521 163 23776
580 478 11692
472 50 62730
57 490 63902
210 229 76184
306 50 5152
627 825 88645
350 876 73672
861 927 10397
419 496 56240
542 689 90361
575 572 7923
573 33 7868
483 245 45679
369 626 92945
425 13 33266
307 746 22364
716 421 84128
521 608 28287
544 174 75750
200 428 48901
429 889 15091
150 810 21969
103 890 13507
125 985 81888
30 40 10657
67 381 9465
543 644 14338
905 918 28051
381 401 71355
552 655 78351
16 215 82011
476 425 13458
944 978 27284
538 925 14000
726 547 9923
738 602 918
684 726 34189
16 907 59057
867 937 51228
541 1 13726
181 478 87893
12 597 98542
978 630 6173
823 654 82617
334 331 22386
51 829 82696
173 930 99333
908 321 34480
112 642 29164
689 815 39890
938 623 84753
986 429 43478
94 664 41414
742 417 32271
688 801 41417
834 416 67109
439 794 90590
679 585 30256
832 817 15157
866 549 77483
158 38 46123
270 726 5167
484 210 68088
598 103 40742
315 368 27879
157 41 15085
825 376 41752
152 713 92593
544 885 81484
810 499 93691
253 301 74258
295 402 68059
540 979 23491
814 266 13803
437 739 23953
669 876 67801
449 8 31769
424 791 83077
988 725 23736
523 179 37384
96 641 6410
981 790 20939
18 763 62931
170 672 70090
24 287 11045
179 598 94702
14 130 56124
536 871 57878
656 408 60736
866 852 6250
601 929 17201
804 656 78924
817 663 8174
840 618 23927
313 103 94030
682 844 36559
47 419 93538
537 332 40702
69 170 24167
245 87 89409
93 357 48690
277 506 5730
47 844 33189
203 929 27841
98 854 74631
637 242 23731
75 37 44328
301 229 32442
273 61 47626
204 948 41748
388 573 66858
717 265 85660
876 882 44234
350 799 90721
282 482 56090
981 388 26149
672 146 85028
632 36 25795
91 889 29287
623 404 4598
797 189 88535
654 162 39515
666 426 62592
938 623 79126
752 875 7071
495 879 55993
648 651 35965
975 7 87518
733 433 39166
21 423 23770
327 474 49720
215 882 12585
835 662 54813
956 915 62516
893 871 12886
665 467 26759
409 794 47484
807 422 94942
988 148 29634
610 67 31286
244 324 44267
505 112 27263
528 25 76315
213 771 25711
185 854 62139
722 354 90169
880 664 62113
578 395 12869
551 293 30072
755 380 53542
566 576 7159
919 523 16291
911 141 47967
375 628 73712
207 531 17357
881 972 30184
996 703 70980
842 621 36105
802 999 90065
479 416 19672
193 217 44020
583 504 54569
552 457 44915
481 386 45208
934 267 55190
25 886 82156
145 578 27604
371 556 75220
483 523 8960
717 801 79426
766 71 11023
646 273 90106
952 423 62136
817 47 35195
341 415 60451
410 801 28156
855 80 16072
268 263 94925
819 209 33176
214 789 91581
687 691 32686
737 389 7871
642 361 13039
255 64 45657
214 457 72888
701 260 43250
775 227 3609
946 384 67119
60 537 41840
684 183 99455
661 504 38565
884 250 27312
482 127 19770
226 793 51530
714 264 39739
764 413 21892
553 616 65440
861 427 90391
213 469 41724
155 922 4756
742 425 11136
662 96 3219
641 738 56807
952 9 28273
662 903 3323
368 160 75751
582 195 45471
914 423 60593
20 390 810
533 165 25962
132 521 17866
309 550 70764
864 573 2200
823 72 69387
559 936 18097
980 294 60272
860 201 24387
3 19 8900
956 745 2016
713 921 450
87 205 54277
338 819 86476
401 230 17260
915 871 36598
685 996 69788
314 559 73911
272 837 50714
713 224 80899
858 904 81567
571 529 28411
911 730 74748
467 722 83865
224 607 71443
308 542 70742
68 265 24505
735 261 37052
519 870 2595
139 765 43357
304 478 64104
732 166 52867
490 684 30470
531 881 48054
504 926 47249
504 96 66568
56 997 30755
27 235 61088
847 937 34146
377 720 54924
810 695 63113
496 408 20722
873 755 96175
558 374 97303
710 278 38137
309 757 60356
360 255 62035
49 896 91167
100 966 26534
543 363 29921
892 787 75023
86 907 78159
980 981 43986
479 127 36505
897 344 18863
870 118 13295
682 178 77536
262 583 25451
967 581 90998
399 190 63071
318 92 53608
325 454 87261
275 876 23775
816 206 49821
679 562 77631
7 333 82749
978 300 73088
707 271 32095
621 472 4346
525 645 94293
520 376 93591
295 409 79173
239 488 17787
953 155 6882
205 705 43306
880 171 67590
805 408 11396
760 306 64461
854 720 32643
224 752 26346
532 307 55231
160 972 34814
670 690 26008
315 863 72212
14 559 55134
873 44 469
742 547 31660
389 17 42237
254 554 11428
597 821 11178
935 625 47650
407 20 29839
993 513 64613
170 572 71518
678 927 9612
263 541 94418
234 957 36054
874 69 45946
204 257 19992
140 812 85814
97 41 94286
413 736 816
650 31 9352
185 892 82599
606 525 14572
384 521 63358
798 969 96935
341 489 72713
993 109 23307
366 303 35752
917 270 92823
317 408 9646
753 580 96842
524 574 73176
614 463 85725
119 965 44604
418 661 70923
146 330 55655
292 799 30657
859 892 65410
161 546 76940
378 86 11755
684 65 59367
502 267 3235
794 849 71643
217 162 49813
444 528 82970
2 927 77998
366 716 39106
316 701 3678
405 971 41093
722 250 37977
147 57 77160
105 512 91425
53 323 309
919 638 69250
674 846 68858
255 587 80250
893 536 303
755 104 99110
112 319 84443
101 841 99841
427 536 54587
185 781 1885
833 680 30385
935 625 69991
215 964 7236
12 596 22221
468 829 46806
549 896 34223
468 960 50062
803 739 56029
751 289 83056
17 71 30509
486 745 1915
551 2 54555
318 286 62159
795 502 90283
681 653 94237
678 434 14063
512 21 85424
156 469 57583
26 265 82202
53 629 53925
473 294 85144
998 992 15603
633 38 82223
916 354 44113
929 231 65074
404 532 76640
276 546 34143
819 727 78029
329 954 78827
304 900 93273
380 543 27564
17 940 43887
703 231 96022
443 1000 55465
950 854 17991
364 650 15788
55 751 38009
233 214 77055
704 290 44382
901 507 66356
151 351 21153
680 767 67468
232 448 60141
643 87 22960
644 470 88512
883 909 148
181 20 89044
254 241 13313
456 245 88110
718 822 44224
878 343 28077
516 249 14390
668 803 70201
438 639 70209
702 408 39590
971 544 20744
698 3 43606
733 368 91633
347 654 66443
382 103 87280
431 693 39733
236 983 13989
112 156 95254
24 132 86262
673 609 868
951 844 4497
212 537 6963
253 678 34242
827 831 95650
483 968 10913
985 741 28022
165 402 74446
267 525 59072
16 930 19144
15 810 20117
1 1000
