300 1000
274 19 19467
154 20 77293
176 216 8968
208 85 88950
163 234 29180
210 165 11942
214 45 79317
153 100 66255
103 8 83943
143 238 14880
30 3 52445
277 111 92133
244 155 41888
104 37 91454
44 74 60956
147 151 40105
52 21 28547
188 115 40929
182 180 9800
260 165 93196
289 34 8974
105 61 44598
283 100 59253
270 80 75735
217 92 27947
279 234 88423
37 153 29860
30 241 60597
250 28 41589
167 193 59901
266 29 68201
207 90 34588
218 131 39036
84 98 84459
277 142 31638
236 29 77098
207 295 65530
276 96 97185
137 74 48566
37 106 70189
153 8 3986
98 102 54524
104 264 43720
236 192 13486
58 113 96510
227 39 64379
275 69 9399
256 28 45080
194 290 78394
116 89 31733
79 47 41060
110 34 50117
149 113 96320
148 9 25224
139 83 35100
61 254 32825
228 174 37592
169 231 5286
154 198 94207
127 290 69302
70 146 29001
262 102 76823
53 106 17747
124 185 83458
219 26 71041
230 146 56444
137 194 29342
200 45 45512
153 19 22426
12 274 13552
279 51 53034
31 42 50217
195 259 42636
164 42 36820
233 98 5
85 22 36786
8 234 68665
107 25 75186
156 5 95628
165 152 54653
289 150 56324
73 134 37909
95 222 18994
122 14 16690
173 275 42439
25 66 58403
263 213 70224
272 182 23171
45 189 31071
108 195 82076
180 272 78852
188 93 98015
78 48 1711
7 290 13692
294 45 88807
230 192 2371
111 96 2451
199 129 47007
121 56 5139
135 260 49068
189 77 65820
125 251 75929
194 264 4150
171 192 30690
121 65 53165
187 93 79866
199 186 17558
182 186 44429
161 195 14698
217 159 19637
6 189 38071
179 154 87846
64 186 99768
143 234 94313
280 250 2367
5 78 48830
40 70 55752
264 282 8287
156 110 46086
298 144 83248
182 76 42070
222 52 49897
48 4 18302
295 113 13187
200 118 28912
133 187 8859
252 56 91227
179 228 53166
3 126 9096
112 21 37970
196 222 56291
77 294 66050
260 203 71366
49 98 20137
219 288 49620
141 257 34333
21 6 8279
14 298 95616
106 1 84162
174 162 55924
13 231 48249
124 134 81012
8 270 56540
48 106 26229
130 185 76856
58 261 32462
125 201 50449
234 266 55734
254 182 28274
31 139 55743
43 64 67313
22 22 83056
127 84 62129
144 199 18819
213 101 27016
109 92 21352
76 80 86304
45 110 31747
279 186 40358
134 123 16774
70 261 69844
251 189 29987
167 33 64650
284 10 76445
74 233 64805
273 39 83770
22 195 8723
58 73 96656
109 169 53206
46 240 21422
151 196 91379
15 281 96383
263 181 6488
205 250 56843
96 168 36682
294 27 1394
43 294 91397
68 83 76758
88 53 25534
152 120 53147
179 22 2564
103 12 39269
288 179 38326
88 206 49769
86 226 9794
234 45 39837
253 151 99343
44 217 36288
100 185 79142
199 15 45463
173 90 85249
235 228 61892
252 259 80236
105 271 66474
138 58 34495
82 175 55078
169 7 38455
114 254 55627
179 290 99762
116 19 89544
250 172 92725
167 138 17158
163 246 36823
186 170 72477
110 60 97823
210 57 8315
217 75 77878
259 115 90141
23 136 80541
276 147 64299
38 222 81696
196 141 14202
132 44 29996
224 156 16789
84 71 49215
243 113 60754
206 149 32778
285 19 27822
39 269 1532
32 16 80922
119 229 57692
83 193 16903
36 276 61321
209 165 48231
283 174 49489
149 111 29608
76 78 85607
132 117 54250
175 278 54794
90 189 91334
228 234 72025
272 19 89273
265 24 66568
156 32 58381
209 195 52589
133 300 29894
277 25 38196
168 58 91449
249 119 49497
208 18 64053
210 135 95735
261 198 37646
252 299 9228
217 274 45109
62 175 11737
279 44 76938
290 157 95304
194 297 84819
105 71 60930
297 284 26367
68 59 81857
227 66 91147
286 205 47229
142 4 85563
100 153 22412
175 115 12363
43 212 17588
138 44 87176
78 177 84058
101 138 41622
240 280 34607
285 118 18876
239 32 44148
230 232 38679
99 114 57170
271 50 21968
150 78 83763
102 286 54561
201 139 27396
106 273 37801
300 14 3098
47 107 92760
256 137 33240
125 192 66005
75 240 76693
54 116 67556
35 48 40652
110 162 33029
162 239 41515
180 286 11757
99 187 68870
16 12 32676
134 119 3844
148 198 88373
2 247 36134
279 186 25904
44 120 27838
198 134 79386
157 154 10635
207 16 50849
22 57 76149
238 211 53659
34 202 68987
112 204 53464
38 92 36135
75 247 70145
18 257 91159
276 155 63301
73 128 64279
280 231 19773
220 272 44060
233 66 23315
153 39 31338
68 59 60846
122 296 17590
100 182 98388
72 159 93555
266 158 41396
97 114 94529
252 26 42620
88 255 3252
104 293 5998
41 113 51410
283 210 27448
195 202 7066
74 237 6787
177 93 28227
242 261 96433
83 35 26751
19 57 49889
184 188 83378
35 135 18546
293 2 80012
78 57 85118
11 66 37629
234 248 3849
178 191 47446
186 254 96084
127 9 29965
76 130 75691
98 178 13443
292 185 83230
140 145 17507
153 135 50395
213 139 89248
287 70 74117
162 220 56169
184 267 8450
154 167 84344
162 104 87382
110 27 90798
120 38 19187
10 146 1270
156 256 71172
216 243 95545
272 253 9305
229 95 68475
94 4 54125
260 297 43575
155 262 33597
213 182 9702
187 258 14779
135 97 49147
85 3 69236
294 72 75317
163 50 65406
149 7 94303
245 240 70902
197 118 48215
184 245 40873
86 37 46133
271 39 61998
66 7 85074
114 226 31987
281 195 19889
264 266 14727
85 39 93313
127 114 384
39 161 53143
229 195 40045
29 253 53097
167 298 71977
93 14 53000
227 142 82011
293 122 96809
299 58 9703
187 42 4399
160 188 69612
231 55 60668
94 96 13219
208 40 8540
291 277 19216
31 224 49912
280 13 38536
293 95 23230
65 7 14852
63 277 38357
287 246 1331
39 36 70108
264 103 12434
228 264 83295
285 201 37951
66 37 91512
202 284 80858
217 238 5897
156 78 97364
134 62 48739
32 53 23481
53 168 6152
119 112 59648
230 48 13471
202 215 34818
110 190 97120
284 234 11734
216 181 59957
110 132 30048
272 13 83621
199 17 42716
131 27 90289
98 234 61245
59 83 20846
121 24 29967
256 203 32785
31 81 42617
90 104 25216
293 154 62289
201 239 20836
25 6 37116
91 35 57376
107 297 65043
273 238 38469
31 236 12942
240 11 16894
14 262 7111
18 39 40934
118 299 34074
106 286 79481
267 238 32532
255 252 30358
229 75 93870
169 59 42303
10 245 92505
283 48 28154
199 134 18743
244 30 22568
200 21 10202
73 234 9997
58 216 43182
100 185 88590
298 197 37998
100 236 3143
44 249 6556
99 240 73762
165 158 69260
233 76 82773
224 146 34059
26 24 80135
261 127 99392
19 106 72741
29 250 16326
1 216 58585
8 155 34255
175 65 71811
20 60 87403
52 234 78922
30 26 73264
197 198 47948
194 51 57
83 239 82715
194 147 79426
168 147 45374
107 86 1508
192 79 4492
258 82 9275
236 281 20355
132 201 50635
2 158 66670
118 146 94746
162 293 55750
298 129 7981
48 82 93182
16 175 80364
131 102 29751
165 299 14612
188 101 55110
70 268 19232
202 5 71916
157 281 88021
177 103 91946
184 92 86651
175 97 20392
276 154 44227
141 229 6627
235 78 9926
227 103 86220
126 293 25509
232 125 83782
36 158 61047
253 235 94561
174 272 51925
183 102 28877
285 251 83147
43 228 21381
252 54 30087
159 252 65555
93 278 78480
27 51 74453
279 264 30922
239 160 21432
54 2 13607
6 226 65197
261 151 16440
112 107 95344
143 222 23273
185 161 4635
289 60 80571
286 294 90273
47 93 73606
228 264 937
108 95 98147
118 271 39011
204 101 28781
123 85 92408
236 21 34065
12 154 76129
14 4 85886
287 74 15845
291 194 59311
98 87 3049
104 11 84164
161 74 90704
137 19 59852
1 188 4681
103 19 37043
223 70 60906
125 202 38573
99 205 85411
117 65 8513
132 50 4998
131 218 13746
185 34 17398
56 167 7189
299 189 29418
185 95 91984
294 172 89039
128 293 56561
143 160 96098
26 8 69491
13 103 77948
126 268 36540
4 38 31852
8 233 32944
106 108 77416
127 179 91247
77 221 71240
249 153 30221
224 170 7870
293 162 1537
161 216 26117
243 101 35494
35 250 65046
134 45 74529
147 176 40684
150 54 14212
276 56 29800
113 256 93816
72 123 64187
89 200 23227
63 227 86645
158 140 5471
238 148 9777
183 275 6755
274 127 53610
232 22 29411
54 43 33813
48 296 26776
90 125 84940
260 295 83937
92 162 65686
49 66 88441
37 214 24409
190 135 25541
151 273 46658
173 243 82467
198 139 24523
163 114 28193
106 83 73900
215 10 99503
216 87 63607
12 166 14126
234 153 3708
99 86 70021
136 192 85082
23 171 68850
230 100 86827
290 152 82873
254 29 71780
144 236 67438
166 299 37447
27 270 77892
49 239 32772
242 108 58151
91 226 62091
195 189 34897
82 159 61584
141 225 22691
117 71 78535
219 45 29002
45 61 83338
125 221 7767
145 215 12415
32 272 98860
2 288 16973
117 166 2664
256 52 65999
72 134 99483
77 85 15512
189 39 84419
78 275 21685
77 152 69488
228 163 92862
177 54 52896
211 159 81104
55 31 6022
133 150 97226
160 75 34083
92 263 56110
266 68 26846
20 118 33240
287 147 43396
168 125 93097
158 60 80588
67 76 30924
25 163 35876
66 246 33997
300 248 17012
188 263 21682
267 16 41922
112 170 35340
257 196 30297
32 34 12801
219 163 72373
76 299 49872
296 252 87631
45 279 17473
169 228 67937
32 170 86152
194 165 76611
97 283 50275
118 74 13240
284 29 66430
127 8 21764
125 256 43308
122 232 81257
127 22 56569
4 68 56034
210 163 63612
125 158 59201
247 113 91833
200 211 90741
263 151 31086
296 52 60096
50 77 97084
46 286 366
78 101 73516
93 234 30130
81 28 15352
295 215 16707
136 253 81783
138 171 44057
63 228 30316
58 239 37693
12 213 77508
50 138 41033
269 266 82294
135 198 17772
47 77 78751
154 131 35534
101 98 39146
234 206 61125
160 175 42477
198 264 62798
203 52 51866
34 287 7388
15 105 52748
244 132 67269
31 235 35106
272 99 59184
195 171 77984
240 103 43837
134 296 61800
26 237 28126
139 189 50793
17 147 94871
35 155 38458
173 243 33691
180 173 99816
2 122 63921
141 28 82747
207 183 85396
82 218 54464
229 275 89708
207 233 92368
19 247 50301
209 277 56213
161 36 58931
296 279 84551
59 186 3339
104 67 61785
20 68 83331
271 171 82362
94 80 70219
60 124 98490
215 2 51407
251 151 62909
37 273 10251
277 230 41069
132 263 85376
214 76 86127
152 252 15854
262 192 12371
107 282 79216
138 291 33539
113 195 64821
116 166 17884
263 27 99328
30 137 30409
79 200 70485
210 254 62168
172 225 64202
166 119 42281
109 249 44951
118 191 92225
150 144 80397
44 29 49093
135 94 36908
157 275 42202
15 63 97742
181 110 73412
236 100 54204
50 101 38207
120 24 54321
37 33 98516
97 97 4598
21 172 13242
85 276 22891
232 9 7676
101 90 45259
91 240 89490
18 158 98854
161 80 30834
233 106 70708
102 299 8300
233 224 2473
129 284 32913
198 272 21332
279 129 85865
212 166 33205
254 235 62883
20 25 9450
261 125 82272
282 103 7756
44 120 56356
274 6 40601
5 176 76179
204 15 22438
101 197 75475
170 233 70004
57 14 96960
105 63 70595
282 86 35053
298 15 83396
125 49 27908
163 72 47229
6 75 3706
182 229 11693
188 167 32583
14 131 51803
52 228 36958
71 288 62938
176 171 12896
269 225 4332
296 264 66907
35 253 42230
36 65 69555
135 98 95384
247 126 58552
63 137 72398
280 202 46704
134 298 43230
217 184 44841
117 29 54219
272 52 1236
173 106 14999
55 187 66723
17 85 25984
258 139 89015
90 82 70013
239 12 3266
67 108 59545
5 213 18645
278 159 70210
160 253 50947
162 237 80116
291 236 68567
216 65 2866
135 266 67046
246 121 14067
153 46 86978
43 245 70333
115 23 59442
256 279 74784
84 269 20250
33 44 42098
124 91 69265
294 247 11088
118 36 4980
29 212 72220
178 266 75596
53 160 36864
102 8 79424
237 250 90067
291 149 14565
183 257 76877
4 141 3568
197 97 68729
85 29 33839
140 161 94001
162 207 212
18 84 50899
163 116 20631
171 241 5067
214 50 6835
239 137 78458
165 150 90017
85 194 12716
41 96 10878
203 74 42506
143 97 76270
68 277 41095
225 31 49903
160 185 12434
13 215 71231
34 14 85048
284 189 54650
219 26 68360
143 270 804
115 154 37256
124 219 82701
71 58 65876
67 173 28353
253 219 55859
221 269 89197
206 300 32980
7 90 55969
165 37 68869
53 276 52473
167 10 4448
209 21 56521
168 17 77047
110 35 79092
128 164 20562
164 10 73365
261 2 87375
242 137 88931
250 139 30302
187 175 29571
139 272 68938
100 16 54377
171 197 5341
43 234 1249
3 170 15364
6 175 8846
101 27 25921
65 14 64135
106 209 83993
113 277 63379
244 100 50211
148 78 50233
191 142 90781
250 122 3620
118 205 38256
8 116 5843
244 289 89717
196 123 59795
162 263 46324
160 179 22252
222 130 44241
224 202 52797
229 184 44689
126 219 75521
147 28 60551
151 100 22111
265 262 55733
143 232 91404
243 41 98551
125 269 73562
212 37 39318
284 228 43889
32 61 37092
134 198 66495
290 175 39600
150 98 94904
144 135 82510
268 184 76556
216 291 86970
63 16 62194
56 16 65698
119 252 86876
108 90 30855
156 67 60521
64 231 23577
137 40 96242
218 224 88516
145 275 12946
146 146 67424
276 163 27272
74 128 84162
77 142 44336
134 112 60815
282 15 44904
128 255 98182
230 175 97429
206 96 34345
35 266 67067
234 56 32619
241 15 44036
76 164 9750
193 265 41645
25 187 58634
147 108 30868
240 61 55134
163 24 26253
235 284 7679
101 100 59878
127 45 82485
196 99 42188
193 22 55696
252 48 79968
195 210 92356
103 279 44060
69 78 30075
176 75 86718
286 265 34519
72 258 95171
238 162 51856
100 68 47309
232 35 68218
136 294 54989
58 199 59391
178 4 21934
137 93 49039
250 71 84083
300 249 22446
7 136 85269
194 263 53389
230 238 8485
243 105 5540
19 205 41975
180 139 14949
29 201 36396
167 190 93056
106 216 59708
211 68 15770
297 134 93315
281 202 33605
45 76 40336
186 30 98912
239 131 90840
83 230 77729
5 127 18222
143 177 89009
274 36 14530
121 88 54913
76 292 46349
238 36 47976
24 141 74876
133 113 52233
86 77 32293
16 179 45897
96 200 27217
64 200 40589
255 117 75318
290 5 82414
7 161 97375
44 257 32444
146 130 12587
86 11 6031
178 87 55395
296 148 20593
17 37 62498
97 147 31911
298 249 39805
12 271 20550
143 79 95502
220 261 29991
247 8 28438
105 236 24485
184 124 11235
84 109 72574
150 277 93091
218 126 49061
155 216 1037
31 178 39651
174 35 20544
190 162 61789
99 62 81031
263 222 62351
244 159 84912
153 129 19029
1 300
