20
20 20 1000000000
20 20 1000000000
20 20 1000000000
20 20 1000000000
20 20 1000000000
20 20 1000000000
20 20 1000000001
20 20 1000000000
20 20 1000000000
20 20 1000000000
20 20 1000000000
20 20 1000000000
20 20 1000000000
20 20 1000000000
20 20 1000000000
20 20 1000000000
20 20 1000000001
20 20 1000000000
20 20 1000000000
20 20 1000000000
20 20 1000000000
20 20 1000000000
20 20 1000000000
20 20 1000000000
20 20 1000000000
20 20 1000000000
20 20 1000000000
20 20 1000000000
20 20 1000000000
20 20 1000000000
20 20 1000000000
20 20 1000000000
20 20 1000000000
