150 75 1000000000
636
922
960
136
789
712
29
525
271
40
325
217
451
514
235
108
890
732
452
92
698
353
536
856
295
331
66
190
709
39
668
263
16
992
257
119
781
767
193
684
458
133
765
223
392
675
562
911
253
200
187
891
607
166
617
34
983
170
237
925
258
250
404
658
812
989
860
210
369
438
507
979
285
759
961
125
673
946
677
431
133
194
866
119
455
644
511
661
640
890
915
539
79
343
518
429
533
467
848
80
468
12
721
345
40
184
673
175
545
311
360
54
469
60
21
152
448
344
657
183
698
275
378
999
485
678
693
996
315
35
577
247
324
496
535
511
476
390
561
224
232
979
138
282
452
373
385
166
722
480
