1000
2570 112
9222 916
684 199
2274 750
8744 11
2392 43
1513 989
1883 198
7828 132
6686 755
3300 551
690 832
6279 950
1340 100
9325 590
5602 716
981 725
8827 924
593 674
4446 286
8251 440
2846 794
8011 422
4761 970
8610 288
606 691
7747 279
8243 874
632 548
7065 707
2941 15
1074 905
4067 994
4123 319
5233 461
4451 13
888 796
5703 631
8649 350
2115 869
7380 953
9369 793
69 729
9457 185
7178 417
8249 6
2811 400
2835 525
9705 79
5826 835
5364 13
8156 666
922 439
3248 791
73 846
4166 21
5719 862
7105 560
9697 960
6491 324
5943 387
7608 538
4066 101
6759 236
5198 64
8223 33
1833 244
3732 714
3996 301
2705 646
9460 591
3338 535
2874 995
7167 945
1034 713
6123 534
9413 509
7192 496
4550 520
9768 708
1635 841
6038 917
7692 996
2114 929
1545 155
6129 936
4772 302
7061 777
4074 85
7784 212
1498 753
382 257
6907 667
459 311
7298 191
5873 317
1614 519
7631 475
5113 355
6043 262
4396 34
5904 503
771 464
5675 612
7313 762
8336 285
7848 657
487 676
3825 526
6000 305
2459 410
6121 646
141 339
5410 211
8319 53
7323 873
2582 135
7145 225
1032 358
8002 880
1651 311
3321 772
6640 555
8819 742
5462 91
1083 438
117 370
8472 79
6752 355
6097 42
1320 859
9280 352
9106 128
5442 344
1633 252
5059 661
7272 430
4698 873
8377 507
4176 755
4410 477
5679 307
7305 744
1262 746
3956 506
8221 114
3510 152
3677 452
3376 883
6139 753
1361 22
6345 972
6750 392
6256 669
7140 819
309 986
793 739
8103 616
9297 134
5112 435
9553 455
4816 981
7411 990
4833 319
3038 514
8598 940
8771 93
6364 4
5538 791
3073 406
7670 293
4742 311
112 202
959 67
4804 636
3464 719
2153 615
92 63
6082 717
8852 314
5099 684
6500 733
4609 801
8907 427
7397 1
5452 672
3778 232
1268 314
5924 891
2158 354
5259 201
4845 248
4982 16
1628 465
800 395
7010 772
3572 389
2426 59
5270 661
3626 70
675 274
4071 456
5939 537
497 499
8563 191
9434 94
8130 552
3837 139
8808 94
87 111
8812 268
149 52
6596 466
9934 632
528 456
1070 599
9627 392
9837 974
5007 481
8882 663
4521 99
1981 168
3704 46
5420 171
1645 414
4809 357
6439 595
6536 677
9885 306
1697 583
8919 214
5418 898
1011 503
8490 661
3416 545
8833 987
4929 655
9874 91
734 518
4402 474
7727 276
615 294
4378 254
7651 590
6178 905
3529 539
9073 927
9577 322
6621 368
1215 948
1780 328
3964 522
6612 6
1174 104
6264 841
1729 727
9186 273
6793 919
1919 511
7168 645
7445 289
7878 821
452 376
4595 504
1030 71
7138 170
4158 998
7125 693
829 750
2181 492
4025 408
9492 513
7611 251
7496 191
7172 340
4567 12
9002 102
4297 935
761 405
8080 816
9248 486
3366 662
4762 676
587 937
4215 994
9377 54
588 923
1737 279
2239 915
2341 200
5892 990
8363 131
631 37
1927 172
1699 327
5003 106
9356 736
4661 788
598 607
2058 48
4322 654
9060 112
4750 810
6478 455
4703 479
5822 712
5938 266
8910 134
3219 834
9468 731
7855 67
6496 745
2890 248
8424 619
2458 507
3157 931
9635 274
1140 91
7051 990
9540 853
3999 493
8975 70
2590 968
6069 179
5236 487
9920 249
1118 696
8314 677
9563 681
1869 472
6910 427
2585 59
8741 50
9486 211
8283 567
5970 612
53 884
7484 35
2440 89
1980 38
189 194
8004 405
8352 636
106 780
2204 742
596 918
5096 782
2202 443
3203 137
5881 136
851 974
5644 272
8970 846
8491 629
5721 628
1608 791
2528 253
643 303
3232 940
8054 465
7473 96
2112 566
3857 333
8447 875
570 433
7229 604
6102 208
6438 991
551 288
5997 551
6194 629
8214 139
5935 879
2799 808
3152 889
3903 746
3018 308
6587 497
1412 977
2406 130
3644 601
7879 687
6107 610
3268 903
7336 545
6694 989
3585 889
574 531
8326 90
399 259
4088 769
8961 378
7902 364
1202 744
3446 828
5535 536
8844 950
6036 649
6740 739
5104 876
6626 104
4994 386
4592 771
2487 93
3653 835
3745 400
4365 726
6170 818
5889 566
9176 510
2472 696
7239 526
6191 889
4610 571
5587 471
174 349
8343 913
9019 973
3681 267
2764 784
9745 928
3896 244
4284 437
7849 215
2220 920
412 269
3174 980
5067 890
1211 148
3580 976
2198 93
5580 639
2035 800
692 265
1933 477
4447 646
2269 862
4669 231
7150 90
599 584
8318 659
9034 332
5043 671
3103 120
8750 684
5690 299
1852 272
385 583
7245 291
4449 867
8085 159
3900 828
202 624
295 864
1343 379
1002 681
4256 192
1931 709
8853 560
7657 276
573 528
8267 528
8430 566
8012 707
6145 679
7419 88
4100 270
3606 970
6357 190
1368 234
9582 663
7826 640
4705 935
5833 0
3968 343
8974 909
983 296
1164 36
7552 699
6829 282
7556 481
9448 776
7768 953
2376 760
7682 736
8601 177
8857 474
7243 664
3007 59
8876 719
2279 596
5463 427
5192 392
164 693
7763 987
6523 871
9250 549
6839 131
3058 515
1232 999
324 202
7114 266
9308 451
9799 117
1319 128
6506 496
4939 794
3081 765
2619 804
3171 551
8094 19
9796 391
9225 653
4425 683
3025 490
5460 594
3958 668
104 701
3864 993
832 766
283 971
567 283
8153 554
9003 587
3060 832
5596 401
2698 253
7464 739
738 174
4106 125
9645 940
3317 373
5106 26
3135 644
2180 980
4704 665
7537 424
3033 621
3736 373
1477 531
7081 373
1087 482
1003 236
7544 866
4463 690
9604 406
1561 133
7779 777
6970 639
1111 876
4612 950
5413 891
166 194
4794 91
9265 229
6669 290
8660 660
7948 621
7719 529
2486 251
3691 284
6795 479
9489 958
5317 31
4901 150
2567 135
4600 874
7225 47
207 730
4292 269
9115 698
8724 593
62 929
4509 355
9945 272
9537 970
2464 638
2662 369
1390 345
6258 93
3969 270
1701 380
6832 185
7838 664
6359 121
7487 808
7934 82
1399 765
4383 428
2159 195
7975 50
2549 151
609 315
8763 363
3842 844
362 85
3482 110
337 284
6638 664
5227 364
9141 433
2447 314
4781 24
9454 216
1811 957
3002 943
1411 232
1873 150
6393 286
2736 812
783 206
2654 11
6349 296
9249 671
5879 65
8984 558
4849 320
6054 965
4195 61
676 40
4897 596
4019 512
1786 138
4956 601
280 481
6934 674
1263 99
78 408
8785 759
8883 390
6705 200
467 57
2245 695
2106 450
788 966
8859 676
1058 621
4236 591
8228 690
1795 529
3548 439
6925 969
4568 797
9665 286
4482 335
5045 594
5783 12
9811 492
9950 662
5091 194
8240 160
5769 857
7607 153
7206 315
2788 659
306 64
1877 570
3504 597
5501 101
6704 814
6579 938
9182 240
2196 149
9272 315
6978 980
5197 118
3415 880
6867 119
384 35
1188 147
3859 60
1267 812
3322 473
3392 577
5830 85
8340 538
6864 816
2543 179
7853 478
3963 847
9021 851
3187 384
7614 601
7706 864
6352 564
4210 540
9394 935
7036 282
5777 758
641 276
8334 531
4773 690
9772 216
8708 714
426 838
7984 349
8217 60
5982 70
6681 791
6931 65
5901 41
6067 791
9801 657
477 755
7690 975
1156 909
9172 997
7020 654
3543 720
9613 144
8758 794
8832 41
1949 594
2388 556
9178 649
1695 7
8980 428
4584 467
8023 91
1753 896
7443 593
5485 160
42 480
6734 869
9741 729
2563 694
6306 568
1061 67
7033 796
8836 443
8566 146
9120 942
622 313
5855 17
3186 794
2467 901
9842 671
8034 728
871 384
4850 463
1675 475
9621 176
7577 890
8259 698
8253 917
4219 758
6415 341
2772 770
3658 720
691 206
1977 451
4597 402
5107 858
1509 924
1025 999
5302 422
6543 552
6655 876
4193 496
2368 978
9193 855
8071 571
650 246
569 641
8629 126
4869 172
7275 826
1625 131
2678 803
908 957
9930 169
8705 623
5212 215
2950 868
9429 355
8581 78
1965 78
2313 393
5441 530
6993 894
1446 399
2057 584
9510 406
5206 516
6261 137
2423 74
10000 807
3477 274
4126 704
194 713
3142 266
8746 907
9781 247
7561 716
2610 187
8379 836
2296 564
6028 875
5114 222
780 766
6718 14
4436 854
7384 545
5254 418
5731 333
9051 374
3860 593
5902 610
8787 873
3139 180
5499 379
1716 983
7988 139
3753 856
2085 455
6834 780
2947 33
2075 73
8648 574
4652 366
5680 24
6703 59
9033 186
1283 994
3489 57
3959 718
3771 720
1466 628
727 248
8195 765
6816 367
7062 597
7498 911
3850 746
3279 711
9901 159
8431 764
8378 300
9494 712
5617 373
7539 907
7329 456
9345 616
8468 52
7675 192
1914 561
7574 260
5745 391
3134 308
3528 370
6960 840
7820 387
9866 56
5220 282
300 686
9725 863
7376 503
1810 605
9624 892
874 729
374 675
520 72
2707 625
3205 40
3190 713
9770 210
4335 76
540 747
754 178
1629 387
8494 362
2907 480
2436 992
3071 981
5974 450
9780 228
6872 930
6426 72
3407 590
2475 790
3413 867
2298 994
3304 112
427 177
1865 581
2783 115
6152 722
383 534
3193 519
7859 477
6889 985
4415 688
8740 222
4745 368
3075 826
100 153
2877 266
8070 773
952 393
1851 932
5891 254
6835 377
6425 638
1497 938
7163 512
8558 854
4973 181
4532 771
3447 481
14 475
8793 217
532 387
7789 598
4523 864
5457 385
1433 79
6972 106
9693 141
345 186
3723 198
972 23
6785 801
6595 553
5464 561
7144 71
9092 401
7063 201
9793 600
8511 970
3077 944
924 913
8631 48
8887 951
3627 452
1864 451
901 834
2903 99
9692 919
5669 198
7420 818
9896 161
5189 472
4459 363
7769 41
9210 754
5607 336
9209 144
9839 206
3107 68
5256 989
5446 765
2994 653
5417 26
9482 583
9220 665
144 194
8938 98
8870 81
9808 902
9380 628
1027 446
9511 973
6095 602
8786 572
1945 676
9928 454
2633 33
8965 546
6965 207
4825 96
4926 140
495 42
2810 171
3051 757
8058 989
3043 549
9576 843
1097 158
5698 388
1285 985
415 532
2863 321
8751 436
2667 271
9113 615
6347 397
4569 376
7209 343
101 270
7550 607
962 331
8234 623
4696 139
8985 114
3425 848
2429 651
7222 956
5949 530
4247 415
75 465
