1001
1993 319
6649 116
593 809
8488 595
2504 588
4488 189
6715 895
9403 814
1807 884
8557 745
8617 608
1751 701
973 859
4230 370
138 712
2400 106
9948 152
5512 134
6079 832
2682 32
6004 354
8792 866
1342 62
1199 626
6150 850
5158 936
5829 484
1589 116
9149 829
2911 623
4183 80
5595 226
6416 294
3986 104
4581 982
9938 773
8408 730
9153 8
446 445
5352 805
9030 357
6061 510
1770 761
5825 94
1046 366
130 359
947 810
7435 272
3301 786
6528 516
2814 683
7015 592
9931 965
9999 306
6697 629
8674 207
4973 197
5973 129
991 574
8537 509
6968 265
8822 408
5695 404
2861 294
3171 955
8353 688
2184 203
4698 678
5249 359
7141 84
9613 483
9206 53
5503 124
674 306
9589 112
9922 205
4186 962
1509 689
1013 509
3811 955
6716 990
6517 775
2590 815
9115 555
1586 453
3690 766
4648 798
9910 122
5241 36
3117 392
3958 75
2192 869
8302 640
4489 314
2085 80
4613 968
8665 171
1214 714
373 650
7914 142
7900 487
5396 345
2608 828
5181 716
5154 564
7581 65
8489 313
6606 124
360 14
7847 91
4908 82
4545 30
4334 52
2734 725
3647 680
6112 402
5609 800
5667 612
4533 30
6159 977
6523 921
8303 212
6852 876
3500 587
5367 744
6013 819
4932 467
5887 3
3168 714
7829 712
2464 614
5952 991
1656 418
3443 861
57 443
5891 913
7019 146
1867 632
2262 497
2733 657
7378 952
3708 249
5835 246
1300 66
2840 51
6260 680
7388 230
594 467
6463 674
8427 830
6638 880
2502 81
4307 149
9925 128
9723 796
2198 520
3951 920
7449 780
2456 894
7911 934
5628 563
1834 7
9147 137
9773 578
7323 530
3332 225
7594 94
3896 428
8452 715
4320 357
8157 830
2014 280
7410 23
5190 219
5187 26
4994 715
8594 984
4351 721
1132 916
4712 328
2323 640
158 678
1287 654
5844 240
866 501
4420 68
8334 787
6039 520
5435 844
4522 360
6899 167
4794 531
798 110
7117 734
2642 771
9189 687
2112 406
4749 229
7511 375
1960 537
9090 932
3996 750
1376 860
2523 904
3146 846
1308 593
5739 130
6057 133
5883 618
5794 283
9244 56
239 459
7215 969
5465 239
2650 312
8883 41
391 800
6424 975
5051 404
9178 110
289 304
381 318
6784 578
3538 504
557 108
4814 20
4467 179
7647 757
3322 812
7504 315
9957 270
8273 966
9021 42
8391 710
4 219
372 357
5148 719
59 519
1521 594
6792 188
1711 921
1231 499
9530 642
8645 923
2011 17
5289 930
4733 222
5917 257
7775 269
5325 140
9978 160
1006 840
7843 682
6857 625
6123 534
1698 459
5332 719
9011 631
1912 58
4354 968
5049 10
1418 307
3889 920
2534 303
2813 130
6920 205
8383 579
1880 925
9156 195
1908 947
7013 348
1795 795
7061 520
5823 556
210 320
2311 838
2847 679
633 501
1177 762
7324 765
8369 753
111 253
9182 444
4228 477
5782 807
5625 509
1935 480
2449 748
1344 474
4676 386
6731 43
1484 533
6806 527
8293 126
6576 955
7298 656
6082 279
8295 916
2793 759
1223 858
6962 877
121 693
516 473
2049 694
8729 915
7376 484
1630 985
6907 566
5566 991
3716 507
1969 493
8655 627
787 375
8849 523
2699 21
4127 152
5016 11
5909 672
4664 155
4562 894
7351 822
3934 343
1840 457
2640 333
4897 42
1350 238
7209 404
9297 148
9287 702
1391 111
5250 233
5950 209
5569 877
7587 348
2268 554
2778 424
6359 689
1693 426
2169 812
9060 476
3849 985
5007 451
4148 643
5207 597
7131 750
2711 793
9309 682
4621 410
6976 15
1676 849
1972 313
6440 740
5754 185
1955 861
5622 680
5159 247
3964 987
4034 704
7636 909
9378 638
753 85
803 978
9127 636
5103 236
8811 836
6366 156
1129 926
3192 412
8559 360
8252 793
8866 150
7784 625
6540 629
7339 816
7545 793
8481 535
4190 567
3571 903
7599 138
6324 871
1488 864
2255 796
9335 116
2937 369
4951 3
9982 499
719 549
6357 601
3612 475
5412 693
3104 192
9407 381
2852 631
4542 27
8758 296
8863 747
7790 489
103 273
153 475
4892 63
8545 938
9846 543
5812 313
1325 655
9881 241
4223 844
4972 965
8330 307
7827 786
9124 27
9820 421
7325 943
9398 499
2373 797
8450 39
7089 567
78 427
486 186
135 426
9616 190
8725 502
3184 731
3776 536
6422 654
8062 975
6658 751
4450 542
5437 970
6490 791
6574 865
9071 237
3809 562
6194 571
5821 439
1868 175
3511 672
4938 587
9556 893
3261 333
1124 521
7527 241
3664 915
6482 168
2893 636
1279 88
7487 892
2588 583
7026 31
2227 44
9269 524
4408 307
8752 399
2554 775
1047 842
328 408
1120 131
7256 570
4317 707
4956 516
8402 84
6165 657
5728 885
8092 541
7887 308
6161 678
3735 738
7257 611
3402 721
6289 789
1506 664
8465 346
7348 244
3405 112
7845 407
9257 608
2695 590
8426 412
1267 593
3684 439
5640 780
3933 753
212 70
69 456
298 400
8237 173
7767 274
2228 751
1507 384
6627 999
159 965
5306 614
7578 430
956 592
9125 87
8175 953
8999 219
7891 186
9742 123
7666 245
1518 212
834 699
5420 926
6460 92
4509 833
2448 63
7597 548
3957 711
2810 286
1400 432
8098 889
1709 417
8881 503
3035 369
6301 848
9949 955
1094 837
885 205
3427 507
1543 110
2559 399
4952 829
4838 251
5911 743
7375 653
7434 111
8229 677
9855 607
8284 444
2327 581
7903 286
2848 835
5783 507
8851 238
5419 609
2844 242
4494 616
1555 372
2170 715
7119 475
3238 744
9250 611
9761 996
8467 726
2325 285
8629 729
4830 926
2920 758
3280 230
5934 208
5028 848
2160 935
797 314
181 856
3056 66
4285 867
7946 319
6640 523
2934 647
2636 271
4828 330
214 628
1310 258
9303 647
8955 276
852 58
6176 794
5828 953
7866 542
9399 974
1213 379
2753 340
2664 780
9468 983
604 930
2913 818
8895 913
1986 744
1408 799
3906 419
2375 662
6956 611
4058 717
7025 379
4415 58
7381 188
5240 608
7437 48
7253 882
5012 81
1128 290
9702 896
9429 370
4759 756
7523 301
9658 21
5430 56
696 8
7766 808
5933 176
6060 855
8503 909
2057 482
7992 872
4260 739
5130 681
5153 17
3901 656
7475 324
9215 786
3066 940
748 80
4748 94
2575 428
9899 736
9621 123
337 185
6724 10
9083 710
1682 691
9377 263
711 502
896 372
6129 975
4409 981
8448 7
5837 309
3971 91
1186 885
4255 474
5493 992
7321 706
3839 244
2759 845
4142 851
2310 26
7958 430
8315 467
1789 657
2961 503
3574 891
3118 692
9934 208
5454 234
5959 998
8754 75
1743 428
4172 156
3919 872
7950 375
2811 294
3306 822
2787 934
749 815
7880 277
5753 650
1480 164
8612 466
7697 334
1338 510
9481 128
1494 107
8095 994
8984 721
5434 83
4225 349
9239 498
4536 91
2050 667
2874 856
5745 980
8255 993
1865 973
4527 771
8150 995
4808 492
9226 483
2394 983
6208 679
4875 712
8118 370
8344 396
8090 234
6972 67
4004 943
1417 50
4165 856
7187 879
6521 820
7699 213
9905 82
7813 520
2639 294
4436 554
4476 935
3636 471
6050 40
1924 672
9614 514
6054 591
4099 178
3361 36
8993 967
8222 71
569 926
2543 319
8507 663
1313 110
4795 863
8614 496
5193 274
9241 248
6515 534
75 387
9216 366
3801 47
7800 526
4092 414
9676 899
2890 522
3356 739
2579 308
8128 785
7792 980
9537 244
363 675
1196 675
4311 99
5011 134
2647 593
5995 950
8415 53
9413 753
662 500
4271 683
6056 742
8140 186
4523 825
2766 569
2083 187
44 135
5941 638
4798 152
1975 785
7008 916
7568 490
9063 885
6685 484
6597 711
9743 131
5975 862
309 598
2412 461
7171 134
5388 508
2058 753
6029 286
8701 506
9055 305
1619 585
7336 208
2336 948
1889 885
7471 289
5309 318
8254 153
362 81
2312 739
2552 549
2761 601
6449 937
3163 611
344 614
6672 986
8858 41
9423 88
4112 501
4368 589
4194 246
6398 645
8386 960
9345 281
2666 740
7441 268
6111 806
6623 373
5256 485
7716 195
1241 103
9558 385
3667 271
3551 464
235 576
9863 864
8096 739
6207 343
3688 760
6411 93
2901 519
6636 12
4262 886
3803 835
5013 624
824 742
932 755
612 360
5175 712
5174 208
3941 999
1759 967
3597 186
8688 145
9668 613
2551 734
3741 489
8525 339
6206 44
8656 308
9094 451
8527 371
7479 709
3517 791
8922 929
1389 396
4151 651
4689 451
7081 606
1567 912
5880 474
9375 517
6830 888
7216 421
7624 102
1448 492
2488 414
8011 177
9845 445
3565 508
9471 356
8224 78
504 546
421 433
1187 394
6851 803
5686 84
6046 599
3993 986
8813 951
9758 815
3220 31
7225 225
2239 727
4247 799
4735 305
1843 685
9370 332
7392 999
4358 473
468 73
7564 741
2595 228
9351 952
7936 217
4266 522
8621 364
5014 258
243 417
4842 554
83 343
8760 301
171 306
1776 23
9930 831
395 99
6240 228
2242 448
9106 572
9154 3
2886 658
7924 718
4261 726
7304 343
8179 301
8403 35
219 327
2281 614
4134 7
6329 754
3505 658
7070 485
2562 67
5555 417
2010 960
3853 201
7079 752
7100 920
943 575
3640 360
9016 413
12 183
4199 238
423 759
207 401
5393 739
8244 667
7918 491
3089 546
5319 752
8475 788
132 234
3509 176
4925 71
9316 372
9854 375
599 725
3865 338
7263 663
2378 885
7969 906
5272 570
4970 615
3085 912
5401 848
2473 788
9744 557
3262 292
7707 274
6494 274
8365 324
4380 314
7526 111
3247 679
8067 181
916 58
4634 734
5868 752
6237 842
4768 326
9230 473
8048 766
2859 670
1700 263
582 991
5247 893
2780 917
5655 936
7799 169
6170 416
3072 373
6158 245
2610 849
2421 431
1503 509
7074 161
3109 151
3421 822
1457 132
1660 784
2287 609
4314 63
1824 951
3989 362
909 765
3578 741
3069 516
8695 556
5088 32
2567 733
4315 910
1761 349
8290 915
7233 982
7610 715
3181 885
1286 264
3561 174
8620 217
9327 782
3385 321
7237 640
1913 780
333 281
9064 63
6912 321
456 417
6249 243
2604 772
7132 89
7271 327
2348 431
3052 638
1412 695
2765 600
9486 703
7346 265
4781 931
4614 604
3484 472
2941 103
7556 4
7579 142
4756 536
