20
4 1
2 7 5 14
4 2
0 0 1 2
19 12
3 29 25 5 48 36 3 15 1 10 5 31 9 36 40 9 2 19 32 
19 8
1 41 37 15 44 19 50 25 12 39 37 35 20 21 11 43 42 13 29 
18 8
31 25 31 50 12 9 19 23 14 19 15 23 19 43 46 2 17 1 
18 10
4 14 24 35 2 11 36 45 29 20 28 44 27 47 19 46 32 23 
20 5
23 50 37 34 14 11 48 33 21 17 49 33 25 38 30 45 34 35 1 20 
20 4
36 0 28 27 21 47 28 15 7 24 14 18 17 12 11 49 46 8 8 40 
17 14
6 24 16 40 28 10 13 50 20 15 45 41 17 6 32 41 23 
20 1
0 0 0 0 0 0 0 0 0 0 0 0 0 0 0 0 0 0 0 0 
10 11
1 2 3 4 5 6 7 8 9 10 
20 1
1 1 1 1 1 1 1 1 1 1 1 1 1 1 1 1 1 1 1 1
18 9
22 24 19 13 46 10 5 30 47 10 42 45 25 3 14 19 14 44 
20 1
0 0 0 0 0 0 0 0 0 0 0 0 0 0 0 0 0 0 0 2 
17 3
13 20 11 24 36 36 27 7 31 2 13 21 16 7 7 6 15 
20 14
13 13 19 13 50 14 22 12 40 40 1 22 18 29 49 29 26 6 3 2 
18 14
7 34 37 50 50 6 18 39 27 8 5 16 8 9 0 25 7 10 
20 1
50 50 50 50 50 50 50 50 50 50 50 50 50 50 50 50 50 50 50 50 
18 2
26 24 7 5 2 45 35 39 5 14 41 5 48 13 11 20 29 18 
19 3
43 38 44 43 4 16 1 3 43 37 46 8 45 4 48 19 0 9 4 

