0 0.000965989
1 0.00120768
2 0.00216834
3 0.00241548
4 0.00299106
5 0.00414175
6 0.00494195
7 0.00572142
8 0.00578541
9 0.00631023
10 0.00674931
11 0.00719782
12 0.00753233
13 0.0076972
14 0.00807608
15 0.0090411
16 0.00907156
17 0.0095326
18 0.0096009
19 0.00975736
20 0.00994192
21 0.0102806
22 0.0103503
23 0.0114573
24 0.0117605
25 0.0137253
26 0.0140925
27 0.0149595
28 0.0150653
29 0.0151777
30 0.0157336
31 0.0157336
32 0.0158301
33 0.015841
34 0.015841
35 0.0167512
36 0.0171554
37 0.0171835
38 0.0174874
39 0.0174915
40 0.0174915
41 0.0174915
42 0.018237
43 0.018237
44 0.018237
45 0.0187866
46 0.0192286
47 0.0192286
48 0.0192286
49 0.0192286
50 0.0192286
51 0.0192286
52 0.0192286
53 0.0192286
54 0.0192286
55 0.0195413
56 0.0195413
57 0.0195413
58 0.0195413
59 0.0195413
60 0.0195413
61 0.0195413
62 0.0195413
63 0.0195413
64 0.0195413
65 0.0195413
66 0.0195413
67 0.0195413
68 0.0195413
69 0.0195413
70 0.0202371
71 0.0205642
72 0.0205642
73 0.0205642
74 0.0205642
75 0.0205642
76 0.0205642
77 0.0205642
78 0.0205642
79 0.0209873
80 0.0209873
81 0.022015
82 0.022015
83 0.0236228
84 0.0236228
85 0.0236228
86 0.0236228
87 0.0236228
88 0.0236228
89 0.0236228
90 0.0236228
91 0.0236228
92 0.0236228
93 0.0236228
94 0.0236228
95 0.0236228
96 0.0236228
97 0.0236228
98 0.0236228
99 0.0236228
100 0.0236228
101 0.0236228
102 0.024017
103 0.024017
104 0.0241591
105 0.0241591
106 0.0241591
107 0.0241591
108 0.0241591
109 0.0241591
110 0.0241591
111 0.0241591
112 0.0241591
113 0.0241591
114 0.0241591
115 0.0241591
116 0.0241591
117 0.0241591
118 0.0241591
119 0.0241591
120 0.0241591
121 0.0241591
122 0.0241591
123 0.0241591
124 0.0241591
125 0.0241591
126 0.0241591
127 0.0241591
128 0.0241591
129 0.0241591
130 0.0241591
131 0.0241591
132 0.0241591
133 0.0241591
134 0.0241591
135 0.0241591
136 0.0241591
137 0.0241591
138 0.0241591
139 0.0241591
140 0.0241591
141 0.0241591
142 0.0241591
143 0.0241591
144 0.0241591
145 0.0241591
146 0.0242625
147 0.0242625
148 0.0242625
149 0.0242625
150 0.0242625
151 0.0245721
152 0.0245721
153 0.0245721
154 0.0245721
155 0.0245721
156 0.0245721
157 0.0245721
158 0.0245721
159 0.0245721
160 0.0245721
161 0.0245721
162 0.0245721
163 0.0245721
164 0.0245721
165 0.0245721
166 0.0245721
167 0.0245721
168 0.0245721
169 0.0245721
170 0.0245721
171 0.0245721
172 0.0245721
173 0.0245721
174 0.0245721
175 0.0245721
176 0.0245721
177 0.0245721
178 0.0245721
179 0.0245721
180 0.0245721
181 0.0245721
182 0.0245721
183 0.0245721
184 0.0245721
185 0.0245721
186 0.0245721
187 0.0245721
188 0.0245721
189 0.0245721
190 0.0245721
191 0.0245721
192 0.0245721
193 0.0245721
194 0.0245721
195 0.0245721
196 0.0245721
197 0.0245721
198 0.0245721
199 0.0245721
200 0.0245721
201 0.0245721
202 0.0245721
203 0.0245721
204 0.0245721
205 0.0245721
206 0.0245721
207 0.0245721
208 0.0245721
209 0.0245721
210 0.0245721
211 0.0245721
212 0.0245721
213 0.0245721
214 0.0245721
215 0.0245721
216 0.0245721
217 0.0245721
218 0.0245721
219 0.0245721
220 0.0245721
221 0.0245721
222 0.0245721
223 0.0245721
224 0.0245721
225 0.0245721
226 0.0245721
227 0.0245721
228 0.0245721
229 0.0245721
230 0.0245721
231 0.0245721
232 0.0245721
233 0.0245721
234 0.0245721
235 0.0245721
236 0.0245721
237 0.0245721
238 0.0245721
239 0.0245721
240 0.0245721
241 0.0245721
242 0.0245721
243 0.0245721
244 0.0245721
245 0.0245721
246 0.0245721
247 0.0245721
248 0.0245721
249 0.0245721
250 0.0245721
251 0.0245721
252 0.0245721
253 0.0245721
254 0.0245721
255 0.0245721
256 0.0245721
257 0.0245721
258 0.0245721
259 0.0245721
260 0.0245721
261 0.0245721
262 0.0245721
263 0.0245721
264 0.0245721
265 0.0245721
266 0.0245721
267 0.0245721
268 0.0245721
269 0.0245721
270 0.0246263
271 0.0246263
272 0.0246263
273 0.0246263
274 0.0246263
275 0.0246263
276 0.0246263
277 0.0246263
278 0.0246263
279 0.0246263
280 0.0246263
281 0.0246263
282 0.0246263
283 0.0246263
284 0.0246263
285 0.0246263
286 0.0246263
287 0.0246263
288 0.0246263
289 0.0246263
290 0.0246263
291 0.0246263
292 0.0246263
293 0.0246263
294 0.0246263
295 0.0246263
296 0.0246263
297 0.0246263
298 0.0246263
299 0.0246263
300 0.0246263
301 0.0246263
302 0.0246263
303 0.0246263
304 0.0246263
305 0.0246263
306 0.0246263
307 0.0246263
308 0.0246263
309 0.0246263
310 0.0246263
311 0.0246263
312 0.0246263
313 0.0246263
314 0.0246634
315 0.0246634
316 0.0246634
317 0.0246634
318 0.0248124
319 0.0248124
320 0.0248124
321 0.0248124
322 0.0248124
323 0.0248124
324 0.0248124
325 0.0249334
326 0.0249334
327 0.0249334
328 0.0249334
329 0.0249334
330 0.0255887
331 0.0255887
332 0.0255887
333 0.0255887
334 0.0255887
335 0.0255887
336 0.0255887
337 0.0255887
338 0.0255887
339 0.0255887
340 0.0255887
341 0.0261575
342 0.0261575
343 0.0261575
344 0.0261575
345 0.0261575
346 0.0261575
347 0.0261575
