0 0.00795733
1 0.00795904
2 0.00943581
3 0.012802
4 0.0140609
5 0.014635
6 0.0149271
7 0.0181388
8 0.0232403
9 0.0233159
10 0.0254493
11 0.0308737
12 0.0346688
13 0.0360066
14 0.0389167
15 0.0430472
16 0.0435997
17 0.0458321
18 0.0458399
19 0.0464145
20 0.0464145
21 0.0477617
22 0.0493922
23 0.0506739
24 0.0506739
25 0.0506739
26 0.0510599
27 0.0548259
28 0.0548259
29 0.0548259
30 0.0548259
31 0.0548259
32 0.0548259
33 0.0548259
34 0.0548259
35 0.0548259
36 0.0548259
37 0.0548259
38 0.0548259
39 0.0548259
40 0.0548259
41 0.0548259
42 0.0548259
43 0.0548259
44 0.0548259
45 0.0548259
46 0.055604
47 0.055604
48 0.055604
49 0.0563509
50 0.0563509
51 0.0563509
52 0.0563509
53 0.0563509
54 0.0563509
55 0.0574751
56 0.0574751
57 0.0579384
58 0.0584596
59 0.0584596
60 0.0585989
61 0.0585989
62 0.0585989
63 0.0595204
64 0.0595204
65 0.0637636
66 0.0637636
67 0.0637636
68 0.0637636
69 0.0637636
70 0.0637636
71 0.0637636
72 0.0637636
73 0.0637636
74 0.0637636
75 0.0637636
76 0.0637636
77 0.0637636
78 0.0637636
79 0.0637636
80 0.0637636
81 0.0637636
82 0.0637636
83 0.0637636
84 0.0637636
85 0.0637636
86 0.0637636
87 0.0637636
88 0.0637636
89 0.0637636
90 0.0637636
91 0.0663673
92 0.0663673
93 0.0663673
94 0.0663673
95 0.0663673
96 0.0663673
97 0.0669624
98 0.0669624
99 0.0669624
100 0.0669624
101 0.0669624
102 0.0669624
103 0.0669624
104 0.0669624
105 0.0669624
106 0.0669624
107 0.0669624
108 0.0669624
109 0.0669624
110 0.0669624
111 0.0669624
112 0.0669624
113 0.0669624
114 0.0669624
115 0.0669624
116 0.0669624
117 0.0669624
118 0.0669624
119 0.0669624
120 0.0669624
121 0.0669624
122 0.0669624
123 0.0669624
124 0.0669624
125 0.0669624
126 0.0679617
127 0.0679617
128 0.0679617
129 0.0679617
130 0.0679617
131 0.0679617
132 0.0679617
133 0.0679617
134 0.0679617
135 0.0679617
136 0.0679617
137 0.0679859
138 0.0679859
139 0.0681205
140 0.0681205
141 0.0681205
142 0.0681205
143 0.0681205
144 0.0681205
145 0.0681205
146 0.0681205
147 0.0681205
148 0.0681205
149 0.0681205
150 0.0681205
151 0.0681205
152 0.0681205
153 0.0681205
154 0.0681205
155 0.0681205
156 0.0690681
157 0.0690681
158 0.0690681
159 0.0690681
160 0.0690681
161 0.0690681
162 0.0690681
163 0.0690681
164 0.0690681
165 0.0690681
166 0.0690681
167 0.0690681
168 0.0690681
169 0.0690681
170 0.0690681
171 0.0690681
172 0.0690681
173 0.0690681
174 0.0690681
175 0.0690681
176 0.0690681
177 0.0690681
178 0.0690681
179 0.0690681
180 0.0690681
181 0.0690681
182 0.0690681
183 0.0690681
184 0.0690681
185 0.0690681
186 0.0690681
187 0.0690681
188 0.0694654
189 0.0694654
190 0.0694654
191 0.0694654
192 0.0694654
193 0.0694654
194 0.0694654
195 0.0694654
196 0.0694654
197 0.0694654
198 0.0703491
199 0.0703491
200 0.0703491
201 0.0703491
202 0.0703491
203 0.0703491
204 0.0703491
205 0.0703491
206 0.0703491
207 0.0703491
208 0.0703491
209 0.0703491
210 0.0703491
211 0.0703491
212 0.0703491
213 0.0703491
214 0.0703491
215 0.0703491
216 0.0703491
217 0.0703491
218 0.0703491
219 0.0703491
220 0.0703491
221 0.0703491
222 0.0703491
223 0.0703491
224 0.0703491
225 0.0703491
226 0.0703491
227 0.0703491
228 0.0703491
229 0.0703491
230 0.0703491
231 0.0703491
232 0.0703491
233 0.0703491
234 0.0703491
235 0.0703491
236 0.0703491
237 0.0703491
238 0.0703491
239 0.0703491
240 0.0703491
241 0.0703491
242 0.0703491
243 0.0703491
244 0.0703491
245 0.0703491
246 0.0703491
247 0.0703491
248 0.0703491
249 0.0703491
250 0.0703491
251 0.0703491
252 0.0703491
253 0.0703491
254 0.0703491
255 0.0703491
256 0.0703491
257 0.0703491
258 0.0703491
259 0.0703491
260 0.0703491
261 0.0703491
262 0.0703491
263 0.0703491
264 0.0703491
265 0.0703491
266 0.0703491
267 0.0703491
268 0.0703491
269 0.0703491
270 0.0703491
271 0.0703491
272 0.0703491
273 0.0703491
274 0.0703491
275 0.0703491
276 0.0703491
277 0.0703491
278 0.0703491
279 0.0703491
280 0.0703491
281 0.0703491
282 0.0703491
283 0.0703491
284 0.0703491
285 0.0703491
286 0.0703491
287 0.0703491
288 0.0703491
289 0.0703491
290 0.0703491
291 0.0703491
292 0.0703491
293 0.0703491
294 0.070533
295 0.070533
296 0.070533
297 0.070533
298 0.070533
299 0.070533
300 0.070533
301 0.070533
302 0.070533
303 0.070533
304 0.070533
305 0.070533
306 0.070533
307 0.070533
308 0.070533
309 0.070533
310 0.070533
311 0.070533
312 0.070533
313 0.070533
314 0.070533
315 0.070533
316 0.070533
317 0.070533
318 0.070533
319 0.070533
320 0.070533
321 0.070533
322 0.070533
323 0.070533
324 0.070533
325 0.070533
326 0.070533
327 0.070533
328 0.070533
329 0.070533
330 0.070533
331 0.070533
332 0.070533
333 0.070533
334 0.070533
335 0.070533
336 0.070533
337 0.070533
338 0.070533
339 0.070533
340 0.070533
341 0.070533
342 0.070533
343 0.070533
344 0.070533
345 0.070533
346 0.070533
347 0.070533
348 0.070533
349 0.070533
350 0.070533
351 0.070533
352 0.070533
353 0.070533
354 0.070533
355 0.070533
356 0.070533
357 0.070533
358 0.070533
359 0.070533
360 0.070533
361 0.070533
362 0.070533
363 0.070533
364 0.0709729
365 0.0709729
366 0.0709729
367 0.0709729
368 0.0709729
369 0.0709729
370 0.0709729
371 0.0709729
372 0.0709729
373 0.0709729
374 0.0709729
375 0.0709729
376 0.0709729
377 0.0709729
378 0.0709729
379 0.0709729
380 0.0709729
381 0.0709729
382 0.0709729
383 0.0709729
384 0.0709729
385 0.0709729
386 0.0709729
387 0.0709729
388 0.0709729
389 0.0709729
390 0.0709729
391 0.0709729
392 0.0709729
393 0.0709729
394 0.0709729
395 0.0709729
396 0.0709729
397 0.0709729
398 0.0709729
399 0.0709729
400 0.0709729
401 0.0709729
402 0.0709729
403 0.0709729
404 0.0709729
405 0.0709729
406 0.0709729
407 0.0709729
408 0.0709729
409 0.0709729
410 0.0709729
411 0.0709729
412 0.0709729
413 0.0709729
414 0.0709729
415 0.0709729
416 0.0709729
417 0.0709729
418 0.0709729
419 0.0709729
420 0.0709729
421 0.0709729
422 0.0709729
423 0.0714775
424 0.0714775
425 0.0714775
426 0.0714775
427 0.0714775
428 0.0714775
429 0.0714775
430 0.0714775
431 0.0714775
432 0.0714775
433 0.0714775
434 0.0714775
435 0.0714775
436 0.0714775
437 0.0714775
438 0.0714775
439 0.0714775
440 0.0714775
441 0.0714775
442 0.0714775
443 0.0714775
444 0.0714775
445 0.0714775
446 0.0714775
447 0.0714775
448 0.0714775
449 0.0714775
450 0.0714775
451 0.0714775
452 0.0714775
453 0.0714775
454 0.0714775
455 0.0714775
456 0.0714775
457 0.0714775
458 0.0714775
459 0.0714775
460 0.0714775
461 0.0714775
462 0.0714775
463 0.0714775
464 0.0714775
465 0.0714775
466 0.0714775
467 0.0714775
468 0.0714775
469 0.0714775
470 0.0714775
471 0.0714775
472 0.0714775
473 0.0714775
474 0.0714775
475 0.0714775
476 0.0714775
477 0.0714775
478 0.0714775
479 0.0714775
480 0.0714775
481 0.0714775
482 0.0714775
483 0.0714775
484 0.0714775
485 0.0714775
486 0.0714775
487 0.0714775
488 0.0714775
489 0.0714775
490 0.0714775
491 0.0714775
492 0.0714775
493 0.0714775
494 0.0714775
495 0.0714775
496 0.0714775
497 0.0714775
498 0.0714775
499 0.0714775
500 0.0714775
501 0.0714775
502 0.0714775
503 0.0714775
504 0.0714775
505 0.0714775
506 0.0714775
507 0.0714775
508 0.0714775
509 0.0714775
510 0.0714775
511 0.0714775
512 0.0714775
513 0.0714775
514 0.0714775
515 0.0714775
516 0.0714775
517 0.0714775
518 0.0714775
519 0.0714775
520 0.0714775
521 0.0714775
522 0.0714775
523 0.0714775
524 0.0714775
525 0.0714775
526 0.0714775
527 0.0714775
528 0.0714775
529 0.0714775
530 0.0714775
531 0.0714775
532 0.0714775
533 0.0714775
534 0.0714775
535 0.0714775
536 0.0714775
537 0.0714775
538 0.0714775
539 0.0718362
540 0.0718362
541 0.0718362
542 0.0718362
543 0.0718362
544 0.0718362
545 0.0718362
546 0.0718362
547 0.0718362
548 0.0718362
549 0.0718362
550 0.0724364
551 0.0724364
552 0.0724364
553 0.0724364
554 0.0724364
555 0.0724364
556 0.0724364
557 0.0724364
558 0.0724364
559 0.0724364
560 0.0724364
561 0.0724364
562 0.0724364
563 0.0724364
564 0.0724364
565 0.0724364
566 0.0724364
567 0.0724364
568 0.0724364
569 0.0724364
570 0.0724364
571 0.0724364
572 0.0724364
573 0.0724364
574 0.0724364
575 0.0724364
576 0.0724364
577 0.0724364
578 0.0724364
579 0.0724364
580 0.0724364
581 0.0724364
582 0.0724364
583 0.0724364
584 0.0724364
585 0.0724364
586 0.0724364
587 0.0724364
588 0.0724364
589 0.0724364
590 0.0724364
591 0.0724364
592 0.0724364
593 0.0724364
594 0.0724364
595 0.0724364
596 0.0724364
597 0.0724364
598 0.0724364
599 0.0724364
600 0.0724364
601 0.0724364
602 0.0724364
603 0.0724364
604 0.0724364
605 0.0724364
606 0.0724364
607 0.0724364
608 0.0724364
609 0.0724364
610 0.0724364
611 0.0724364
612 0.0724364
613 0.0724364
614 0.0724364
615 0.0724364
616 0.0724364
617 0.0724364
618 0.0724364
619 0.0724364
620 0.0724364
621 0.0724364
622 0.0724364
623 0.0724364
624 0.0724364
625 0.0724364
626 0.0724364
627 0.0724364
628 0.0724364
629 0.0724364
630 0.0724364
631 0.0724364
632 0.0724364
633 0.0724364
634 0.0724364
635 0.0724364
636 0.0724364
637 0.0724364
638 0.0724364
639 0.0724364
640 0.0724364
641 0.0724364
642 0.0724364
643 0.0724364
644 0.0724364
645 0.0724364
646 0.0724364
647 0.0724364
648 0.0724364
649 0.0724364
650 0.0724364
651 0.0724364
652 0.0724364
653 0.0724364
654 0.0724364
655 0.0724364
656 0.0724364
657 0.0724364
658 0.0724364
659 0.0724364
660 0.0724364
661 0.0724364
662 0.0724364
663 0.0724364
664 0.0724364
665 0.0724364
666 0.0724364
667 0.0724364
668 0.0724364
669 0.0724364
670 0.0724364
671 0.0724364
672 0.0724364
673 0.0724364
674 0.0724364
675 0.0724364
676 0.0724364
677 0.0724364
678 0.0724364
679 0.0724364
680 0.0724364
681 0.0724364
682 0.0724364
683 0.0724364
684 0.0724364
685 0.0724364
686 0.0724364
687 0.0724364
688 0.0724364
689 0.0724364
690 0.0724364
691 0.0724364
692 0.0724364
693 0.0724364
694 0.0724364
695 0.0724364
696 0.0724364
697 0.0724364
698 0.0724364
699 0.0724364
700 0.0724364
701 0.0724364
702 0.0724364
703 0.0724364
704 0.0724364
705 0.0724364
706 0.0724364
707 0.0724364
708 0.0724364
709 0.0724364
710 0.0724364
711 0.0724364
712 0.0724364
713 0.0724364
714 0.0724364
715 0.0724364
716 0.0724364
717 0.0724364
718 0.0724364
719 0.0724364
720 0.0724364
721 0.0724364
722 0.0724364
723 0.0724364
724 0.0724364
725 0.0724364
726 0.0724364
727 0.0724364
728 0.0724364
729 0.0724364
730 0.0724364
731 0.0724364
732 0.0724364
733 0.0724364
734 0.0724364
735 0.0724364
736 0.0724364
737 0.0724364
738 0.0724364
739 0.0724364
740 0.0724364
741 0.0724364
742 0.0724364
743 0.0724364
744 0.0724364
745 0.0724364
746 0.0724364
747 0.0724364
748 0.0724364
749 0.0724364
750 0.0724364
751 0.0724364
752 0.0724364
753 0.0724364
754 0.0724364
755 0.0724364
756 0.0724364
757 0.0724364
758 0.0724364
759 0.0724364
760 0.0724364
761 0.0724364
762 0.0724364
763 0.0724364
764 0.0724364
765 0.0724364
766 0.0724364
767 0.0730704
768 0.0730704
769 0.0730704
770 0.0730704
771 0.0730704
772 0.0730704
773 0.0730704
774 0.0730704
775 0.0730704
776 0.0730704
777 0.0730704
778 0.0730704
779 0.0730704
780 0.0730704
781 0.0730704
782 0.0730704
783 0.0730704
784 0.0730704
785 0.0730704
786 0.0730704
787 0.0730704
788 0.0730704
789 0.0730704
790 0.0730704
791 0.0730704
792 0.0730704
793 0.0730704
794 0.0730704
795 0.0730704
796 0.0730704
797 0.0730704
798 0.0730704
799 0.0730704
800 0.0730704
801 0.0730704
802 0.0730704
803 0.0730704
804 0.0730704
805 0.0730704
806 0.0730704
807 0.0730704
808 0.0730704
809 0.0730704
810 0.0730704
811 0.0730704
812 0.0730704
813 0.0730704
814 0.0730704
815 0.0730704
816 0.0730704
817 0.0730704
818 0.0730704
819 0.0730704
820 0.0730704
821 0.0730704
822 0.0730704
823 0.0730704
824 0.0730704
825 0.0730704
826 0.073086
827 0.073086
828 0.073086
829 0.073086
830 0.073086
831 0.073086
832 0.073086
833 0.073086
834 0.073086
835 0.073086
836 0.0731824
837 0.0731824
838 0.0731824
839 0.0731824
840 0.0731824
841 0.0731824
842 0.0731824
843 0.0731824
844 0.0731824
845 0.0731824
846 0.0731824
847 0.0731824
848 0.0731824
849 0.0731824
850 0.0731824
851 0.0731824
852 0.0731824
853 0.0731824
854 0.0731824
855 0.0731824
856 0.0731824
857 0.0731824
858 0.0731824
859 0.0731824
860 0.0731824
861 0.0731824
862 0.0731824
863 0.0731824
864 0.0731824
865 0.0731824
866 0.0731824
867 0.0731824
868 0.0731824
869 0.0731824
870 0.0731824
871 0.0731824
872 0.0731824
873 0.0731824
874 0.0731824
875 0.0731824
876 0.0731824
877 0.0731824
878 0.0731824
879 0.0731824
880 0.0731824
881 0.0731824
882 0.0731824
883 0.0731824
884 0.0731824
885 0.0731824
886 0.0731824
887 0.0731824
888 0.0731824
889 0.0731824
890 0.0731824
891 0.0731824
892 0.0731824
893 0.0731824
894 0.0731824
895 0.0731824
896 0.0731824
897 0.0731824
898 0.0731824
899 0.0731824
900 0.0731824
901 0.0731824
902 0.0731824
903 0.0731824
904 0.0731824
905 0.0731824
906 0.0731824
907 0.0731824
908 0.0731824
909 0.0731824
910 0.0731824
911 0.0731824
912 0.0731824
913 0.0731824
914 0.0731824
915 0.0731824
916 0.0731824
917 0.0731824
918 0.0731824
919 0.0731824
920 0.0731824
921 0.0731824
922 0.0731824
923 0.0731824
924 0.0731824
925 0.0731824
926 0.0731824
927 0.0731824
928 0.0731824
929 0.0731824
930 0.0731824
931 0.0731824
932 0.0731824
933 0.0731824
934 0.0731824
935 0.0731824
936 0.0731824
937 0.0731824
938 0.0731824
939 0.0731824
940 0.0731824
941 0.0731824
942 0.0731824
943 0.0731824
944 0.0731824
945 0.0731824
946 0.0731824
947 0.0731824
948 0.0731824
949 0.0731824
950 0.0731824
951 0.0731824
952 0.0731824
953 0.0731824
954 0.0731824
955 0.0731824
956 0.0731824
957 0.0731824
958 0.0731824
959 0.0731824
960 0.0731824
961 0.0731824
962 0.0731824
963 0.0731824
964 0.0731824
965 0.0731824
966 0.0731824
967 0.0731824
968 0.0731824
969 0.0731824
970 0.0731824
971 0.0731824
972 0.0731824
973 0.0731824
974 0.0731824
975 0.0731824
976 0.0731824
977 0.0731824
978 0.0731824
979 0.0731824
980 0.0731824
981 0.0731824
982 0.0731824
983 0.0731824
984 0.0731824
985 0.0731824
986 0.0731824
987 0.0731824
988 0.0731824
989 0.0731824
990 0.0731824
991 0.0731824
992 0.0731824
993 0.0731824
994 0.0731824
995 0.0731824
996 0.0731824
997 0.0731824
998 0.0731824
999 0.0731824
1000 0.0731824
1001 0.0731824
1002 0.0731824
1003 0.0731824
1004 0.0731824
1005 0.0731824
1006 0.0731824
1007 0.0731824
1008 0.0731824
1009 0.0731824
1010 0.0731824
1011 0.0731824
1012 0.0731824
1013 0.0731824
1014 0.0731824
1015 0.0731824
1016 0.0731824
1017 0.0731824
1018 0.0731824
1019 0.0731824
1020 0.0731824
1021 0.0731824
1022 0.0731824
1023 0.0731824
1024 0.0731824
1025 0.0731824
1026 0.0731824
1027 0.0731824
1028 0.0731824
1029 0.0731824
1030 0.0731824
1031 0.0731824
1032 0.0731824
1033 0.0731824
1034 0.0731824
1035 0.0731824
1036 0.0731824
1037 0.0731824
1038 0.0731824
1039 0.0731824
1040 0.0731824
1041 0.0731824
1042 0.0731824
1043 0.0731824
1044 0.0731824
1045 0.0731824
1046 0.0731824
1047 0.0731824
1048 0.0731824
1049 0.0731824
1050 0.0731824
1051 0.0731824
1052 0.0731824
1053 0.0731824
1054 0.0731824
1055 0.0731824
1056 0.0731824
1057 0.0731824
1058 0.0731824
1059 0.0731824
1060 0.0731824
1061 0.0731824
1062 0.0731824
1063 0.0731824
1064 0.0731824
1065 0.0731824
1066 0.0731824
1067 0.0731824
1068 0.0731824
1069 0.0731824
1070 0.0731824
1071 0.0731824
1072 0.0731824
1073 0.0731824
1074 0.0731824
1075 0.0731824
1076 0.0731824
1077 0.0731824
1078 0.0731824
1079 0.0731824
1080 0.0731824
1081 0.0731824
1082 0.0731824
1083 0.0731824
1084 0.0731824
1085 0.0731824
1086 0.0731824
1087 0.0731824
1088 0.0731824
1089 0.0731824
1090 0.0731824
1091 0.0731824
1092 0.0731824
1093 0.0731824
1094 0.0731824
1095 0.0731824
1096 0.0731824
1097 0.0731824
1098 0.0731824
1099 0.0731824
1100 0.0731824
1101 0.0731824
1102 0.0731824
1103 0.0731824
1104 0.0731824
1105 0.0731824
1106 0.0731824
1107 0.0731824
1108 0.0731824
1109 0.0731824
1110 0.0731824
1111 0.0731824
1112 0.0731824
1113 0.0731824
1114 0.0731824
1115 0.0731824
1116 0.0731824
1117 0.0731824
1118 0.0731824
1119 0.0731824
1120 0.0731824
1121 0.0731824
1122 0.0731824
1123 0.0731824
1124 0.0731824
1125 0.0731824
1126 0.0731824
1127 0.0731824
1128 0.0731824
1129 0.0731824
1130 0.0731824
1131 0.0731824
1132 0.0731824
1133 0.0731824
1134 0.0731824
1135 0.0731824
1136 0.0731824
1137 0.0731824
1138 0.0731824
1139 0.0731824
1140 0.0731824
1141 0.0731824
1142 0.0731824
1143 0.0731824
1144 0.0731824
1145 0.0731824
1146 0.0731824
1147 0.0731824
1148 0.0731824
1149 0.0731824
1150 0.0731824
1151 0.0731824
1152 0.0731824
1153 0.0731824
1154 0.0731824
1155 0.0731824
1156 0.0731824
1157 0.0731824
1158 0.0731824
1159 0.0731824
1160 0.0731824
1161 0.0731824
1162 0.0731824
1163 0.0731824
1164 0.0731824
1165 0.0731824
1166 0.0731824
1167 0.0731824
1168 0.0731824
1169 0.0731824
1170 0.0731824
1171 0.0731824
1172 0.0731824
1173 0.0731824
1174 0.0731824
1175 0.0731824
1176 0.0731824
1177 0.0731824
1178 0.0731824
1179 0.0731824
1180 0.0731824
1181 0.0731824
1182 0.0731824
1183 0.0731824
1184 0.0731824
1185 0.0731824
1186 0.0731824
1187 0.0731824
1188 0.0731824
1189 0.0731824
1190 0.0731824
1191 0.0731824
1192 0.0731824
1193 0.0731824
1194 0.0731824
1195 0.0731824
1196 0.0731824
1197 0.0731824
1198 0.0731824
1199 0.0731824
1200 0.0731824
1201 0.0731824
1202 0.0731824
1203 0.0731824
1204 0.0731824
1205 0.0731824
1206 0.0731824
1207 0.0731824
1208 0.0731824
1209 0.0731824
1210 0.0731824
1211 0.0731824
1212 0.0731824
1213 0.0731824
1214 0.0731824
1215 0.0731824
1216 0.0731824
1217 0.0731824
1218 0.0731824
1219 0.0731824
1220 0.0731824
1221 0.0731824
1222 0.0731824
1223 0.0731824
1224 0.0731824
1225 0.0731824
1226 0.0731824
1227 0.0731824
1228 0.0731824
1229 0.0731824
1230 0.0731824
1231 0.0731824
1232 0.0731824
1233 0.0731824
1234 0.0731824
1235 0.0731824
1236 0.0731824
1237 0.0731824
1238 0.0731824
1239 0.0731824
1240 0.0731824
1241 0.0731824
1242 0.0731824
1243 0.0731824
1244 0.0731824
1245 0.0731824
1246 0.0731824
1247 0.0731824
1248 0.0731824
1249 0.0731824
1250 0.0731824
1251 0.0731824
1252 0.0731824
1253 0.0731824
1254 0.0731824
1255 0.0731824
1256 0.0731824
1257 0.0731824
1258 0.0731824
1259 0.0731824
1260 0.0731824
1261 0.0731824
1262 0.0731824
1263 0.0731824
1264 0.0731824
1265 0.0731824
1266 0.0731824
1267 0.0731824
1268 0.0731824
1269 0.0731824
1270 0.0731824
1271 0.0731824
1272 0.0731824
1273 0.0731824
1274 0.0731824
1275 0.0731824
1276 0.0731824
1277 0.0731824
1278 0.0731824
1279 0.0731824
1280 0.0731824
1281 0.0731824
1282 0.0731824
1283 0.0731824
1284 0.0731824
1285 0.0731824
1286 0.0731824
1287 0.0731824
1288 0.0731824
1289 0.0731824
1290 0.0731824
1291 0.0731824
1292 0.0731824
1293 0.0731824
1294 0.0731824
1295 0.0731824
1296 0.0731824
1297 0.0731824
1298 0.0731824
1299 0.0731824
1300 0.0731824
1301 0.0731824
1302 0.0731824
1303 0.0731824
1304 0.0731824
1305 0.0731824
1306 0.0731824
1307 0.0731824
1308 0.0731824
1309 0.0731824
1310 0.0731824
1311 0.0731824
1312 0.0731824
1313 0.0731824
1314 0.0731824
1315 0.0731824
1316 0.0731824
1317 0.0731824
1318 0.0731824
1319 0.0731824
1320 0.0731824
1321 0.0731824
1322 0.0731824
1323 0.0731824
1324 0.0731824
1325 0.0731824
1326 0.0731824
1327 0.0731824
1328 0.0731824
1329 0.0731824
1330 0.0731824
1331 0.0731824
1332 0.0731824
1333 0.0731824
1334 0.0731824
1335 0.0731824
1336 0.0731824
1337 0.0731824
1338 0.0731824
1339 0.0731824
1340 0.0731824
1341 0.0731824
1342 0.0731824
1343 0.0731824
1344 0.0731824
1345 0.0731824
1346 0.0731824
1347 0.0731824
1348 0.0731824
1349 0.0731824
1350 0.0731824
1351 0.0731824
1352 0.0731824
1353 0.0731824
1354 0.0731824
1355 0.0731824
1356 0.0731824
1357 0.0731824
1358 0.0731824
1359 0.0731824
1360 0.0731824
1361 0.0731824
1362 0.0731824
1363 0.0731824
1364 0.0731824
1365 0.0731824
1366 0.0731824
1367 0.0731824
1368 0.0731824
1369 0.0731824
1370 0.0731824
1371 0.0731824
1372 0.0731824
1373 0.0731824
1374 0.0731824
1375 0.0731824
1376 0.0731824
1377 0.0731824
1378 0.0731824
1379 0.0731824
1380 0.0731824
1381 0.0731824
1382 0.0731824
1383 0.0731824
1384 0.0731824
1385 0.0731824
1386 0.0731824
1387 0.0731824
1388 0.0731824
1389 0.0731824
1390 0.0731824
1391 0.0731824
1392 0.0731824
1393 0.0731824
1394 0.0731824
1395 0.0731824
1396 0.0731824
1397 0.0731824
1398 0.0731824
1399 0.0731824
1400 0.0731824
1401 0.0731824
1402 0.0731824
1403 0.0731824
1404 0.0731824
1405 0.0731824
1406 0.0731824
1407 0.0731824
1408 0.0731824
1409 0.0731824
1410 0.0731824
1411 0.0731824
1412 0.0731824
1413 0.0731824
1414 0.0731824
1415 0.0731824
1416 0.0731824
1417 0.0731824
1418 0.0731824
1419 0.0731824
1420 0.0731824
1421 0.0731824
1422 0.0731824
1423 0.0731824
1424 0.0731824
1425 0.0731824
1426 0.0731824
1427 0.0731824
1428 0.0731824
1429 0.0731824
1430 0.0731824
1431 0.0731824
1432 0.0731824
1433 0.0731824
1434 0.0731824
1435 0.0731824
1436 0.0731824
1437 0.0731824
1438 0.0731824
1439 0.0731824
1440 0.0731824
1441 0.0731824
1442 0.0731824
1443 0.0731824
1444 0.0731824
1445 0.0731824
1446 0.0731824
1447 0.0731824
1448 0.0731824
1449 0.0731824
1450 0.0731824
1451 0.0731824
1452 0.0731824
1453 0.0731824
1454 0.0731824
1455 0.0731824
1456 0.0731824
1457 0.0731824
1458 0.0731824
1459 0.0731824
1460 0.0731824
1461 0.0731824
1462 0.0731824
1463 0.0731824
1464 0.0731824
1465 0.0731824
1466 0.0731824
1467 0.0731824
1468 0.0731824
1469 0.0731824
1470 0.0731824
1471 0.0731824
1472 0.0731824
1473 0.0731824
1474 0.0731824
1475 0.0731824
1476 0.0731824
1477 0.0731824
1478 0.0731824
1479 0.0731824
1480 0.0731824
1481 0.0731824
1482 0.0731824
1483 0.0731824
1484 0.0731824
1485 0.0731824
1486 0.0731824
1487 0.0731824
1488 0.0731824
1489 0.0731824
1490 0.0731824
1491 0.0731824
1492 0.0731824
1493 0.0731824
1494 0.0731824
1495 0.0731824
1496 0.0731824
1497 0.0731824
1498 0.0731824
1499 0.0731824
1500 0.0731824
1501 0.0731824
1502 0.0731824
1503 0.0731824
1504 0.0731824
1505 0.0731824
1506 0.0731824
1507 0.0731824
1508 0.0731824
1509 0.0731824
1510 0.0731824
1511 0.0731824
1512 0.0731824
1513 0.0731824
1514 0.0731824
1515 0.0731824
1516 0.0731824
1517 0.0731824
1518 0.0731824
1519 0.0731824
1520 0.0731824
1521 0.0731824
1522 0.0731824
1523 0.0731824
1524 0.0731824
1525 0.0731824
1526 0.0731824
1527 0.0731824
1528 0.0731824
1529 0.0731824
1530 0.0731824
1531 0.0731824
1532 0.0731824
1533 0.0731824
1534 0.0731824
1535 0.0731824
1536 0.0731824
1537 0.0731824
1538 0.0731824
1539 0.0731824
1540 0.0731824
1541 0.0731824
1542 0.0731824
1543 0.0731824
1544 0.0731824
1545 0.0731824
1546 0.0731824
1547 0.0731824
1548 0.0731824
1549 0.0731824
1550 0.0731824
1551 0.0731824
1552 0.0731824
1553 0.0731824
1554 0.0731824
1555 0.0731824
1556 0.0731824
1557 0.0731824
1558 0.0731824
1559 0.0731824
1560 0.0731824
1561 0.0731824
1562 0.0731824
1563 0.0731824
1564 0.0731824
1565 0.0731824
1566 0.0731824
1567 0.0731824
1568 0.0731824
1569 0.0731824
1570 0.0731824
1571 0.0731824
1572 0.0731824
1573 0.0731824
1574 0.0731824
1575 0.0731824
1576 0.0731824
1577 0.0731824
1578 0.0731824
1579 0.0731824
1580 0.0731824
1581 0.0731824
1582 0.0731824
1583 0.0731824
1584 0.0731824
1585 0.0731824
1586 0.0731824
1587 0.0731824
1588 0.0731824
1589 0.0731824
1590 0.0731824
1591 0.0731824
1592 0.0731824
1593 0.0731824
1594 0.0731824
1595 0.0731824
1596 0.0731824
1597 0.0731824
1598 0.0731824
1599 0.0731824
1600 0.0731824
1601 0.0731824
1602 0.0731824
1603 0.0731824
1604 0.0731824
1605 0.0731824
1606 0.0731824
1607 0.0731824
1608 0.0731824
1609 0.0731824
1610 0.0731824
1611 0.0731824
1612 0.0731824
1613 0.0731824
1614 0.0731824
1615 0.0731824
1616 0.0731824
1617 0.0731824
1618 0.0731824
1619 0.0731824
1620 0.0731824
1621 0.0731824
1622 0.0731824
1623 0.0731824
1624 0.0731824
1625 0.0731824
1626 0.0731824
1627 0.0731824
1628 0.0731824
1629 0.0731824
1630 0.0731824
1631 0.0731824
1632 0.0731824
1633 0.0731824
1634 0.0731824
1635 0.0731824
1636 0.0731824
1637 0.0731824
1638 0.0731824
1639 0.0731824
1640 0.0731824
1641 0.0731824
1642 0.0731824
1643 0.0731824
1644 0.0731824
1645 0.0731824
1646 0.0731824
1647 0.0731824
1648 0.0731824
1649 0.0731824
1650 0.0731824
1651 0.0731824
1652 0.0731824
1653 0.0731824
1654 0.0731824
1655 0.0731824
1656 0.0731824
1657 0.0731824
1658 0.0731824
1659 0.0731824
1660 0.0731824
1661 0.0731824
1662 0.0731824
1663 0.0731824
1664 0.0731824
1665 0.0735199
1666 0.0735199
1667 0.0735199
1668 0.0735199
1669 0.0735199
1670 0.0735199
1671 0.0735199
1672 0.0735199
1673 0.0735199
1674 0.0735199
1675 0.0735199
1676 0.0735199
1677 0.0735199
1678 0.0735199
1679 0.0735199
1680 0.0735199
1681 0.0735199
1682 0.0735199
1683 0.0735199
1684 0.0735199
1685 0.0735199
1686 0.0735199
1687 0.0735199
1688 0.0735199
1689 0.0735199
1690 0.0735199
1691 0.0735199
1692 0.0735199
1693 0.0735199
1694 0.0735199
1695 0.0735199
1696 0.0735199
1697 0.0735199
1698 0.0735199
1699 0.0735199
1700 0.0735199
1701 0.0735199
1702 0.0735199
1703 0.0735199
1704 0.0735199
1705 0.0735199
1706 0.0735199
1707 0.0735199
1708 0.0735199
1709 0.0735199
1710 0.0735199
1711 0.0735199
1712 0.0735199
1713 0.0735199
1714 0.0735199
1715 0.0735199
1716 0.0735199
1717 0.0735199
1718 0.0735199
1719 0.0735199
1720 0.0735199
1721 0.0735199
1722 0.0735199
1723 0.0735199
1724 0.0735199
1725 0.0735199
1726 0.0735199
1727 0.0735199
1728 0.0735199
1729 0.0735199
1730 0.0735199
1731 0.0735199
1732 0.0735199
1733 0.0735199
1734 0.0735199
1735 0.0735199
1736 0.0735199
1737 0.0735199
1738 0.0735199
1739 0.0735199
1740 0.0735199
1741 0.0735199
1742 0.0735199
1743 0.0735199
1744 0.0735199
1745 0.0735199
1746 0.0735199
1747 0.0735199
1748 0.0735199
1749 0.0735199
1750 0.0735199
1751 0.0735199
1752 0.0735199
1753 0.0735199
1754 0.0735199
1755 0.0735199
1756 0.0735199
1757 0.0735199
1758 0.0735199
1759 0.0735199
1760 0.0735199
1761 0.0735199
1762 0.0735199
1763 0.0735199
1764 0.0735199
1765 0.0735199
1766 0.0735199
1767 0.0735199
1768 0.0735199
1769 0.0735199
1770 0.0735199
1771 0.0735199
1772 0.0735199
1773 0.0735199
1774 0.0735199
1775 0.0735199
1776 0.0735199
1777 0.0735199
1778 0.0735199
1779 0.0735199
1780 0.0735199
1781 0.0735199
1782 0.0735199
1783 0.0735199
1784 0.0735199
1785 0.0735199
1786 0.0735199
1787 0.0735199
1788 0.0735199
1789 0.0735199
1790 0.0735199
1791 0.0735199
1792 0.0735199
1793 0.0735199
1794 0.0735199
1795 0.0735199
1796 0.0735199
1797 0.0735199
1798 0.0735199
1799 0.0735199
1800 0.0735199
1801 0.0735199
1802 0.0735199
1803 0.0735199
1804 0.0735199
1805 0.0735199
1806 0.0735199
1807 0.0735199
1808 0.0735199
1809 0.0735199
1810 0.0735199
1811 0.0735199
1812 0.0735199
1813 0.0735199
1814 0.0735199
1815 0.0735199
1816 0.0735199
1817 0.0735199
1818 0.0735199
1819 0.0735199
1820 0.0735199
1821 0.0735199
1822 0.0735199
1823 0.0735199
1824 0.0735199
1825 0.0735199
1826 0.0735199
1827 0.0735199
1828 0.0735199
1829 0.0735199
1830 0.0735199
1831 0.0735199
1832 0.0735199
1833 0.0735199
1834 0.0735199
1835 0.0735199
1836 0.0735199
1837 0.0735199
1838 0.0735199
1839 0.0735199
1840 0.0735199
1841 0.0735199
1842 0.0735199
1843 0.0735199
1844 0.0735199
1845 0.0735199
1846 0.0735199
1847 0.0735199
1848 0.0735199
1849 0.0735199
1850 0.0735199
1851 0.0735199
1852 0.0735199
1853 0.0735199
1854 0.0735199
1855 0.0735199
1856 0.0735199
1857 0.0735199
1858 0.0735199
1859 0.0735199
1860 0.0735199
1861 0.0735199
1862 0.0735199
1863 0.0735199
1864 0.0735199
1865 0.0735199
1866 0.0735199
1867 0.0735199
1868 0.0735199
1869 0.0735199
1870 0.0735199
1871 0.0735199
1872 0.0735199
1873 0.0735199
1874 0.0735199
1875 0.0735199
1876 0.0735199
1877 0.0735199
1878 0.0735199
1879 0.0735199
1880 0.0735199
1881 0.0735199
1882 0.0735199
1883 0.0735199
1884 0.0735199
1885 0.0735199
1886 0.0735199
1887 0.0735199
1888 0.0735199
1889 0.0735199
1890 0.0735199
1891 0.0735199
1892 0.0735199
1893 0.0735199
1894 0.0735199
1895 0.0735199
1896 0.0735199
1897 0.0735199
1898 0.0735199
1899 0.0735199
1900 0.0735199
1901 0.0735199
1902 0.0735199
1903 0.0735199
1904 0.0735199
1905 0.0735199
1906 0.0735199
1907 0.0735199
1908 0.0735199
1909 0.0735199
1910 0.0735199
1911 0.0735199
1912 0.0735199
1913 0.0735199
1914 0.0735199
1915 0.0735199
1916 0.0735199
1917 0.0735199
1918 0.0735199
1919 0.0735199
1920 0.0735199
1921 0.0735199
1922 0.0735199
1923 0.0735199
1924 0.0735199
1925 0.0735199
1926 0.0735199
1927 0.0735199
1928 0.0735199
1929 0.0735199
1930 0.0735199
1931 0.0735199
1932 0.0735199
1933 0.0735199
1934 0.0735199
1935 0.0735199
1936 0.0735199
1937 0.0735199
1938 0.0735199
1939 0.0735199
1940 0.0735199
1941 0.0735199
1942 0.0735199
1943 0.0735199
1944 0.0735199
1945 0.0735199
1946 0.0735199
1947 0.0735199
1948 0.0735199
1949 0.0735199
1950 0.0735199
1951 0.0735199
1952 0.0735199
1953 0.0735199
1954 0.0735199
1955 0.0735199
1956 0.0735199
1957 0.0735199
1958 0.0735199
1959 0.0735199
1960 0.0735199
1961 0.0735199
1962 0.0735199
1963 0.0735199
1964 0.0735199
1965 0.0735199
1966 0.0735199
1967 0.0735199
1968 0.0735199
1969 0.0735199
1970 0.0735199
1971 0.0735199
1972 0.0735199
1973 0.0735199
1974 0.0735199
1975 0.0735199
1976 0.0735199
1977 0.0735199
1978 0.0735199
1979 0.0735199
1980 0.0735199
1981 0.0735199
1982 0.0735199
1983 0.0735199
1984 0.0735199
1985 0.0735199
1986 0.0735199
1987 0.0735199
1988 0.0735199
1989 0.0735199
1990 0.0735199
1991 0.0735199
1992 0.0735199
1993 0.0735199
1994 0.0735199
1995 0.0735199
1996 0.0735199
1997 0.0735199
1998 0.0735199
1999 0.0735199
2000 0.0735199
2001 0.0735199
2002 0.0735199
2003 0.0735199
2004 0.0735199
2005 0.0735199
2006 0.0735199
2007 0.0735199
2008 0.0735199
2009 0.0735199
2010 0.0735199
2011 0.0735199
2012 0.0735199
2013 0.0735199
2014 0.0735199
2015 0.0735199
2016 0.0735199
2017 0.0735199
2018 0.0735199
2019 0.0735199
2020 0.0735199
2021 0.0735199
2022 0.0735199
2023 0.0735199
2024 0.0735199
2025 0.0735199
2026 0.0735199
2027 0.0735199
2028 0.0735199
2029 0.0735199
2030 0.0735199
2031 0.0735199
2032 0.0735199
2033 0.0735199
2034 0.0735199
2035 0.0735199
2036 0.0735199
2037 0.0735199
2038 0.0735199
2039 0.0735199
2040 0.0735199
2041 0.0735199
2042 0.0735199
2043 0.0735199
2044 0.0735199
2045 0.0735199
2046 0.0735199
2047 0.0735199
2048 0.0735199
2049 0.0735199
2050 0.0735199
2051 0.0735199
2052 0.0735199
2053 0.0735199
2054 0.0735199
2055 0.0735199
2056 0.0735199
2057 0.0735199
2058 0.0735199
2059 0.0735199
2060 0.0735199
2061 0.0735199
2062 0.0735199
2063 0.0735199
2064 0.0735199
2065 0.0735199
2066 0.0735199
2067 0.0735199
2068 0.0735199
2069 0.0735199
2070 0.0735199
2071 0.0735199
2072 0.0735199
2073 0.0735199
2074 0.0735199
2075 0.0735199
2076 0.0735427
2077 0.0735427
2078 0.0735427
2079 0.0735427
2080 0.0735427
2081 0.0735427
2082 0.0735427
2083 0.0735427
2084 0.0735427
2085 0.0735427
2086 0.0735427
2087 0.0735427
2088 0.0735427
2089 0.0735427
2090 0.0735427
2091 0.0735427
2092 0.0735427
2093 0.0735427
2094 0.0735427
2095 0.0735427
2096 0.0735427
2097 0.0735427
2098 0.0735427
2099 0.0735427
2100 0.0735427
2101 0.0735427
2102 0.0735427
2103 0.0735427
2104 0.0735427
2105 0.0735427
2106 0.0735427
2107 0.0735427
2108 0.0735427
2109 0.0735427
2110 0.0735427
2111 0.0735427
2112 0.0735427
2113 0.0735427
2114 0.0735427
2115 0.0735427
2116 0.0735427
2117 0.0735427
2118 0.0735427
2119 0.0735427
2120 0.0735427
2121 0.0735427
2122 0.0735427
2123 0.0735427
2124 0.0735427
2125 0.0735427
2126 0.0735427
2127 0.0735427
2128 0.0735427
2129 0.0735427
2130 0.0735427
2131 0.0735427
2132 0.0735427
2133 0.0735427
2134 0.0735427
2135 0.0735427
2136 0.0735427
2137 0.0735427
2138 0.0735427
2139 0.0735427
2140 0.0735427
2141 0.0735427
2142 0.0735427
2143 0.0735427
2144 0.0735427
2145 0.0735427
2146 0.0735427
2147 0.0735427
2148 0.0735427
2149 0.0735427
2150 0.0735427
2151 0.0735427
2152 0.0735427
2153 0.0735427
2154 0.0735427
2155 0.0735427
2156 0.0735427
2157 0.0735427
2158 0.0735427
2159 0.0735427
2160 0.0735427
2161 0.0735427
2162 0.0735427
2163 0.0735427
2164 0.0735427
2165 0.0735427
2166 0.0735427
2167 0.0735427
2168 0.0737564
2169 0.0737564
2170 0.0737564
2171 0.0737564
2172 0.0737564
2173 0.0737564
2174 0.0737564
2175 0.0737564
2176 0.0737564
2177 0.0737564
2178 0.0737564
2179 0.0737564
2180 0.0737564
2181 0.0737564
2182 0.0737564
2183 0.0737564
2184 0.0737564
2185 0.0737564
2186 0.0737564
2187 0.0737564
2188 0.0737564
2189 0.0737564
2190 0.0737564
2191 0.0737564
2192 0.0737564
2193 0.0737564
2194 0.0737564
2195 0.0737564
2196 0.0737564
2197 0.0737564
2198 0.0737564
2199 0.0737564
2200 0.0737564
2201 0.0737564
2202 0.0737564
2203 0.0737564
2204 0.0737564
2205 0.0737564
2206 0.0737564
2207 0.0737564
2208 0.0737564
2209 0.0737564
2210 0.0737564
2211 0.0737564
2212 0.0737564
2213 0.0737564
2214 0.0737564
2215 0.0737564
2216 0.0737564
2217 0.0737564
2218 0.0737564
2219 0.0737564
2220 0.0737564
2221 0.0737564
2222 0.0737564
2223 0.0737564
2224 0.0737564
2225 0.0737564
2226 0.0737564
2227 0.0737564
2228 0.0737564
2229 0.0737564
2230 0.0737564
2231 0.0737564
2232 0.0737564
2233 0.0737564
2234 0.0737564
2235 0.0737564
2236 0.0737564
2237 0.0737564
2238 0.0737564
2239 0.0737564
2240 0.0737564
2241 0.0737564
2242 0.0737564
2243 0.0737564
2244 0.0737564
2245 0.0737564
2246 0.0737564
2247 0.0737564
2248 0.0737564
2249 0.0737564
2250 0.0737564
2251 0.0737564
2252 0.0737564
2253 0.0737564
2254 0.0737564
2255 0.0737564
2256 0.0737564
2257 0.0737564
2258 0.0737564
2259 0.0737564
2260 0.0737564
2261 0.0737564
2262 0.0737564
2263 0.0737564
2264 0.0737564
2265 0.0737564
2266 0.0737564
2267 0.0737564
2268 0.0737564
2269 0.0737564
2270 0.0737564
2271 0.0737564
2272 0.0737564
2273 0.0737564
2274 0.0737564
2275 0.0737564
