0 0.00230422
1 0.00376809
2 0.00752182
3 0.00812048
4 0.00910795
5 0.0091168
6 0.0100283
7 0.0113178
8 0.0113289
9 0.0116911
10 0.0128115
11 0.0142334
12 0.014261
13 0.0147938
14 0.0155135
15 0.0156581
16 0.016802
17 0.0198644
18 0.0201052
19 0.020341
20 0.0205493
21 0.0214947
22 0.0235064
23 0.0235872
24 0.0254567
25 0.025962
26 0.026484
27 0.0267053
28 0.0285647
29 0.0288645
30 0.0303807
31 0.0303807
32 0.0304959
33 0.0304959
34 0.0304959
35 0.032782
36 0.032782
37 0.0327866
38 0.0328332
39 0.0328332
40 0.0336439
41 0.0352196
42 0.0352196
43 0.0352196
44 0.0352196
45 0.0352196
46 0.0352196
47 0.0352196
48 0.0352196
49 0.0352196
50 0.0352196
51 0.0352196
52 0.0359306
53 0.0359306
54 0.0359306
55 0.0359306
56 0.0363359
57 0.0363359
58 0.0363359
59 0.0363359
60 0.0363359
61 0.0363359
62 0.0363359
63 0.0363359
64 0.0363359
65 0.0363359
66 0.0363359
67 0.0363359
68 0.0363359
69 0.0363359
70 0.0363359
71 0.0363359
72 0.0363359
73 0.0363359
74 0.0363359
75 0.0363359
76 0.0363359
77 0.0363359
78 0.0363359
79 0.0363359
80 0.0363359
81 0.0363359
82 0.0363359
83 0.0363359
84 0.0363359
85 0.0363359
86 0.0363359
87 0.0372619
88 0.0372619
89 0.0372619
90 0.0372619
91 0.0372619
92 0.0372619
93 0.0372619
94 0.0380035
95 0.0380035
96 0.0380035
97 0.0384104
98 0.0384104
99 0.0384104
100 0.0384104
101 0.0384104
102 0.0384104
103 0.0384104
104 0.0386022
105 0.0386022
106 0.0386022
107 0.0386022
108 0.0386022
109 0.0386022
110 0.038875
111 0.038875
112 0.038875
113 0.038875
114 0.038875
115 0.0391296
116 0.0391296
117 0.0391296
118 0.0391296
119 0.0391296
120 0.0391296
121 0.0391296
122 0.0391296
123 0.0391296
124 0.0391296
125 0.0391296
126 0.0391296
127 0.0391296
128 0.0391296
129 0.0391296
130 0.0391296
131 0.0391296
132 0.0391296
133 0.0391296
134 0.0391296
135 0.0403098
136 0.0403098
137 0.0403098
138 0.0403098
139 0.0403098
140 0.0403098
141 0.0403098
142 0.0403098
143 0.0403098
144 0.0403098
145 0.0403098
146 0.0403098
147 0.0403098
148 0.0403098
149 0.0407547
150 0.0407547
151 0.0407547
152 0.0407547
153 0.0407547
154 0.0407547
155 0.0407547
156 0.0407547
157 0.0407547
158 0.0407786
159 0.0407786
160 0.0407786
161 0.0407786
162 0.0407786
163 0.0407786
164 0.0407786
165 0.0407786
166 0.0407786
167 0.0407786
168 0.0407786
169 0.0407786
170 0.0407786
171 0.0407786
172 0.0407786
173 0.0407786
174 0.0407786
175 0.0407786
176 0.0407786
177 0.0407786
178 0.0407786
179 0.0407786
180 0.0407786
181 0.0407786
182 0.0407786
183 0.0407786
184 0.0407786
185 0.0407786
186 0.0407786
187 0.0407786
188 0.0407786
189 0.0407786
190 0.0407786
191 0.0407786
192 0.0407786
193 0.0407786
194 0.0407786
195 0.0407786
196 0.0407786
197 0.0407786
198 0.0407786
199 0.0407786
200 0.0407786
201 0.0407786
202 0.0407786
203 0.0407786
204 0.0407786
205 0.0407786
206 0.0407786
207 0.0407786
208 0.0407786
209 0.0407786
210 0.0407786
211 0.0407786
212 0.0414299
213 0.0414299
214 0.0414299
215 0.0414299
216 0.0414299
217 0.0414299
218 0.0414299
219 0.0419199
220 0.0419199
221 0.0419199
222 0.0419199
223 0.0419199
224 0.0419199
225 0.0419199
226 0.0419199
227 0.0419199
228 0.0419199
229 0.0421813
230 0.0421813
231 0.0421813
232 0.0421813
233 0.0421813
234 0.0421813
235 0.0421813
236 0.0421813
237 0.0421813
238 0.0421813
239 0.0421813
240 0.0421813
241 0.0421813
242 0.0421813
243 0.0425895
244 0.0425895
245 0.0425895
246 0.0425895
247 0.0425895
248 0.0425895
249 0.0425895
250 0.0425895
251 0.0425895
252 0.0426289
253 0.0426289
254 0.0426289
255 0.0426289
256 0.0426289
257 0.0426289
258 0.0426289
259 0.0426289
260 0.0426289
261 0.0426289
262 0.0426289
263 0.0426289
264 0.0426289
265 0.0426289
266 0.0426289
267 0.0426289
268 0.0426289
269 0.0426289
270 0.0426289
271 0.0426289
272 0.042935
273 0.042935
274 0.042935
275 0.042935
276 0.042935
277 0.042935
278 0.042935
279 0.042935
280 0.042935
281 0.042935
282 0.042935
283 0.042935
284 0.042935
285 0.042935
286 0.042935
287 0.042935
288 0.042935
289 0.042935
290 0.042935
291 0.042935
292 0.0436246
293 0.0436246
294 0.0436246
295 0.0436246
296 0.0436246
297 0.0436246
298 0.0436246
299 0.0436246
300 0.0436246
301 0.0436246
302 0.0436246
303 0.0436246
304 0.0436246
305 0.0436246
306 0.0436246
307 0.0436246
308 0.0436451
309 0.0436451
310 0.0436451
311 0.0436451
312 0.0436451
313 0.0436451
314 0.0436451
315 0.0436451
316 0.0436451
317 0.0436451
318 0.0436451
319 0.0436451
320 0.0436451
321 0.0436451
322 0.0436451
323 0.0436451
324 0.0436451
325 0.0436451
326 0.0436451
327 0.0436451
328 0.0436451
329 0.0436451
330 0.0436451
331 0.0436451
332 0.0436451
333 0.0436451
334 0.0436451
335 0.0436451
336 0.0436451
337 0.0436451
338 0.0436451
339 0.0436451
340 0.0438898
341 0.0438898
342 0.0438898
343 0.0438898
344 0.0438898
345 0.0438898
346 0.0438898
347 0.0438898
348 0.0438898
349 0.0438898
350 0.0438898
351 0.0438898
352 0.0438898
353 0.0438898
354 0.0438898
355 0.0438898
356 0.0438898
357 0.0438898
358 0.0438898
359 0.0438898
360 0.0438898
361 0.0438898
362 0.0438898
363 0.0438898
364 0.0438898
365 0.0438898
366 0.0438898
367 0.0438898
368 0.0438898
369 0.0438898
370 0.0438898
371 0.0438898
372 0.0438898
373 0.0438898
374 0.0438898
375 0.0438898
376 0.0438898
377 0.0438898
378 0.0438898
379 0.0438898
380 0.0438898
381 0.0439217
382 0.0439217
383 0.0439217
384 0.0439217
385 0.0439217
386 0.0439217
387 0.0439217
388 0.0439217
389 0.0439217
390 0.0439217
391 0.0439217
392 0.0439217
393 0.0439217
394 0.0439217
395 0.0439217
396 0.0439217
397 0.0439217
398 0.0439217
399 0.0439217
400 0.0439217
401 0.0439217
402 0.0439217
403 0.0439217
404 0.0439217
405 0.0439217
406 0.0439217
407 0.0439217
408 0.0439217
409 0.0439217
410 0.0439217
411 0.0439217
412 0.0439217
413 0.0439217
414 0.0439217
415 0.0439217
416 0.0439217
417 0.0439217
418 0.0439217
419 0.0439217
420 0.0439217
421 0.0439217
422 0.0439217
423 0.0439217
424 0.0439217
425 0.0439217
426 0.0439217
427 0.0439217
428 0.0439217
429 0.0439217
430 0.0439217
431 0.0439217
432 0.0439217
433 0.0439217
434 0.0439217
435 0.0439217
436 0.0439217
437 0.0439217
438 0.0439217
439 0.0439217
440 0.0439217
441 0.0439217
442 0.0439217
443 0.0439217
444 0.0439217
445 0.0439217
446 0.0439217
447 0.0439217
448 0.0439217
449 0.0439217
450 0.0439217
451 0.0439217
452 0.0439217
453 0.0439217
454 0.0439217
455 0.0439217
456 0.0439217
457 0.0439217
458 0.0439217
459 0.0439217
460 0.0439217
461 0.0439217
462 0.0439217
463 0.0439217
464 0.0439217
465 0.0439217
466 0.0439217
467 0.0439217
468 0.0439217
469 0.0439217
470 0.0439217
471 0.0439217
472 0.0439217
473 0.0439217
474 0.0439217
475 0.0439217
476 0.0439217
477 0.0439217
478 0.0439217
479 0.0439217
480 0.0439217
481 0.0439217
482 0.0439217
483 0.0439217
484 0.0439217
485 0.0439217
486 0.0439217
487 0.0439217
488 0.0439217
489 0.0439217
490 0.0439217
491 0.0439217
492 0.0439217
493 0.0439217
494 0.0439217
495 0.0439217
496 0.0439217
497 0.0439217
498 0.0439217
499 0.0439217
500 0.0439217
501 0.0439217
502 0.0439217
503 0.0439217
504 0.0439217
505 0.0439217
506 0.0439217
507 0.0439217
508 0.0439217
509 0.0439217
510 0.0439217
511 0.0439217
512 0.0439217
513 0.0439217
514 0.0439217
515 0.0439217
516 0.0439217
517 0.0439217
518 0.0439217
519 0.0439217
520 0.0439217
521 0.0439217
522 0.0439217
523 0.0439217
524 0.0439217
525 0.0439217
526 0.0439217
527 0.0439217
528 0.0439217
529 0.0439217
530 0.0439217
531 0.0439217
532 0.0439217
533 0.0439217
534 0.0439217
535 0.0439217
536 0.0439217
537 0.0439217
538 0.0439217
539 0.0439217
540 0.0439217
541 0.0439217
542 0.0439217
543 0.0439217
544 0.0439217
545 0.0439217
546 0.0439217
547 0.0439217
548 0.0439217
549 0.0439217
550 0.0439217
551 0.0439217
552 0.0439217
553 0.0439217
554 0.0439217
555 0.0439217
556 0.0439217
557 0.0439217
558 0.0439217
559 0.0439217
560 0.0439217
561 0.0439217
562 0.0439217
563 0.0439217
564 0.0439217
565 0.0439217
566 0.0439217
567 0.0439217
568 0.0439217
569 0.0439217
570 0.0439217
571 0.0439217
572 0.0439217
573 0.0439217
574 0.0439217
575 0.0439217
576 0.0439217
577 0.0439217
578 0.0439217
579 0.0439217
580 0.0439217
581 0.0439217
582 0.0439217
583 0.0439217
584 0.0439217
585 0.0439217
586 0.0439217
587 0.0439217
588 0.0439217
589 0.0439217
590 0.0439217
591 0.0439217
592 0.0439217
593 0.0439217
594 0.0439217
595 0.0439217
596 0.0439217
597 0.0439217
598 0.0439217
599 0.0439217
600 0.0439217
601 0.0439217
602 0.0439217
603 0.0439217
604 0.0439217
605 0.0439217
606 0.0439217
607 0.0439217
608 0.0439217
609 0.0439217
610 0.0439217
611 0.0439217
612 0.0439217
613 0.0439217
614 0.0439217
615 0.0439217
616 0.0439217
617 0.0439217
618 0.0439217
619 0.0439217
620 0.0439217
621 0.0439217
622 0.0439217
623 0.0439217
624 0.0439217
625 0.0439217
626 0.0439217
627 0.0439217
628 0.0439217
629 0.0439217
630 0.0439217
631 0.0439217
632 0.0439217
633 0.0439217
634 0.0439217
635 0.0439217
636 0.0439217
637 0.0439217
638 0.0439217
639 0.0439217
640 0.0439217
641 0.0439217
642 0.0439217
643 0.0439217
644 0.0439217
645 0.0439217
646 0.0439217
647 0.0439217
648 0.0439217
649 0.0439217
650 0.0439217
651 0.0439217
652 0.0439217
653 0.0439217
654 0.0439217
655 0.0439217
656 0.0439217
657 0.0439217
658 0.0439217
659 0.0439217
660 0.0439217
661 0.0439217
662 0.0439217
663 0.0439217
664 0.0439217
665 0.0439217
666 0.0439217
667 0.0439217
668 0.0439217
669 0.0439217
670 0.0439217
671 0.0439217
672 0.0439217
673 0.0439217
674 0.0439217
675 0.0439217
676 0.0439217
677 0.0439217
678 0.0442956
679 0.0442956
680 0.0442956
681 0.0442956
682 0.0442956
683 0.0442956
684 0.0442956
685 0.0442956
686 0.0442956
687 0.0442956
688 0.0442956
689 0.0442956
690 0.0442956
691 0.0442956
692 0.0442956
693 0.0442956
694 0.0442956
695 0.0442956
696 0.0442956
697 0.0442956
698 0.0442956
699 0.0442956
700 0.0442956
701 0.0442956
702 0.0442956
703 0.0442956
704 0.0442956
705 0.0442956
706 0.0442956
707 0.0442956
708 0.0442956
709 0.0442956
710 0.0442956
711 0.0442956
712 0.0442956
713 0.0442956
714 0.0442956
715 0.0442956
716 0.0442956
717 0.0442956
718 0.0442956
719 0.0442956
720 0.0442956
721 0.0442956
722 0.0442956
723 0.0442956
724 0.0442956
725 0.0442956
726 0.0442956
727 0.0442956
728 0.0442956
729 0.0442956
730 0.0442956
731 0.0442956
732 0.0442956
733 0.0442956
734 0.0442956
735 0.0442956
736 0.0442956
737 0.0442956
738 0.044614
739 0.044614
740 0.044614
741 0.044614
742 0.044614
743 0.044614
744 0.044614
745 0.044614
746 0.044614
747 0.044614
748 0.044614
749 0.0449547
750 0.0449547
751 0.0449547
752 0.0449547
753 0.0449547
754 0.0449547
755 0.0449547
756 0.0449547
757 0.0449547
758 0.0449547
759 0.0449547
760 0.0449547
761 0.0449547
762 0.0449547
763 0.0449547
764 0.0449547
765 0.0449547
766 0.0449547
767 0.0449547
768 0.0449547
769 0.0449547
770 0.0449547
771 0.0449547
772 0.0449547
773 0.0449547
774 0.0449547
775 0.0449547
776 0.0449547
777 0.0449547
778 0.0449547
779 0.0449547
780 0.0449547
781 0.0449547
782 0.0449547
783 0.0449547
784 0.0449547
785 0.0449547
786 0.0449547
787 0.0449547
788 0.0449547
789 0.0449547
790 0.0449547
791 0.0449547
792 0.0449547
793 0.0449547
794 0.0449547
795 0.0449547
796 0.0449547
797 0.0449547
798 0.0449547
799 0.0449547
800 0.0449547
801 0.0449547
802 0.0449547
803 0.0449547
804 0.0449547
805 0.0449547
806 0.0449547
807 0.0449547
808 0.0449547
809 0.0449547
810 0.0449547
811 0.0449547
812 0.0449547
813 0.0449547
814 0.0449547
815 0.0449547
816 0.0449547
817 0.0449547
818 0.0449547
819 0.0449547
820 0.0449547
821 0.0449547
822 0.0449547
823 0.0449547
824 0.0449547
825 0.0449547
826 0.0449547
827 0.0449547
828 0.0449547
829 0.0449547
830 0.0449547
831 0.0449547
832 0.0449547
833 0.0449547
834 0.0449547
835 0.0449547
836 0.0449547
837 0.0449547
838 0.0449547
839 0.0449547
840 0.0449547
841 0.0449547
842 0.0449547
843 0.0449547
844 0.0449547
845 0.0449547
846 0.0449547
847 0.0449547
848 0.0449547
849 0.0449547
850 0.0449547
851 0.0449547
852 0.0449547
853 0.0449547
854 0.0449547
855 0.0449547
856 0.0449547
857 0.0449547
858 0.0449547
859 0.0449547
860 0.0449547
861 0.0449547
862 0.0449547
863 0.0449547
864 0.0449547
865 0.0449547
866 0.0449547
867 0.0449547
868 0.0449547
869 0.0449547
870 0.0449547
871 0.0449547
872 0.0449547
873 0.0449547
874 0.0449547
875 0.0449547
876 0.0449547
877 0.0449547
878 0.0449547
879 0.0449547
880 0.0449547
881 0.0449547
882 0.0449547
883 0.0449547
884 0.0449547
885 0.0449547
886 0.0449547
887 0.0449547
888 0.0449547
889 0.0449547
890 0.0449547
891 0.0449547
892 0.0449547
893 0.0449547
894 0.0449547
895 0.0449547
896 0.0449547
897 0.0449547
898 0.0449547
899 0.0449547
900 0.0449547
901 0.0449547
902 0.0449547
903 0.0449547
904 0.0449547
905 0.0449547
906 0.0449547
907 0.0449547
908 0.0449547
909 0.0449547
910 0.0449547
911 0.0449547
912 0.0449547
913 0.0449547
914 0.0449547
915 0.0449547
916 0.0449547
917 0.0449547
918 0.0449547
919 0.0449547
920 0.0449547
921 0.0449547
922 0.0449547
923 0.0449547
924 0.0449547
925 0.0449547
926 0.0449547
927 0.0449547
928 0.0449547
929 0.0449547
930 0.0449547
931 0.0449547
932 0.0449547
933 0.0449547
934 0.0449547
935 0.0449547
936 0.0449547
937 0.0449547
938 0.0449547
939 0.0449547
940 0.0449547
941 0.0449547
942 0.0449547
943 0.0449547
944 0.0449547
945 0.0449547
946 0.0449547
947 0.0449547
948 0.0449547
949 0.0449547
950 0.0449547
951 0.0449547
952 0.0449547
953 0.0449547
954 0.0449547
955 0.0449547
956 0.0449547
957 0.0449547
958 0.0449547
959 0.0449547
960 0.0449547
961 0.0449547
962 0.0449547
963 0.0449547
964 0.0449547
965 0.0449547
966 0.0449547
967 0.0449547
968 0.0449547
969 0.0449547
970 0.0449547
971 0.0449547
972 0.0449547
973 0.0449547
974 0.0449547
975 0.0449547
976 0.0449547
977 0.0449547
978 0.0449547
979 0.0449547
980 0.0449547
981 0.0449547
982 0.0449547
983 0.0449547
984 0.0449547
985 0.0449547
986 0.0449547
987 0.0449547
988 0.0449547
989 0.0449547
990 0.0449547
991 0.0449547
992 0.0449547
993 0.0449547
994 0.0449547
995 0.0449547
996 0.0449547
997 0.0449547
998 0.0449547
999 0.0449547
1000 0.0449547
1001 0.0449547
1002 0.0449547
1003 0.0449547
1004 0.0449547
1005 0.0449547
1006 0.0449547
1007 0.0449547
1008 0.0449547
1009 0.0449547
1010 0.0449547
1011 0.0449547
1012 0.0449547
1013 0.0449547
1014 0.0449547
1015 0.0449547
1016 0.0449547
1017 0.0449547
