0 0.00230422
1 0.00299106
2 0.00400401
3 0.0054498
4 0.00649441
5 0.00794218
6 0.00890192
7 0.00937835
8 0.0108698
9 0.0113178
10 0.0120084
11 0.012256
12 0.0129916
13 0.0133726
14 0.0142078
15 0.0143537
16 0.0152776
17 0.0162261
18 0.0164028
19 0.016948
20 0.0172708
21 0.018623
22 0.0186931
23 0.0207812
24 0.0207812
25 0.0226905
26 0.0226905
27 0.0236572
28 0.0236572
29 0.0237097
30 0.0237097
31 0.0237097
32 0.0241471
33 0.0247305
34 0.0247305
35 0.0247305
36 0.0247305
37 0.0254645
38 0.0254645
39 0.0254882
40 0.0254882
41 0.0256232
42 0.0267803
43 0.0267803
44 0.0267803
45 0.0267803
46 0.0267803
47 0.0267803
48 0.0267803
49 0.0267803
50 0.0267803
51 0.0267803
52 0.0267803
53 0.0267803
54 0.0267803
55 0.0267803
56 0.0267803
57 0.0267803
58 0.0267803
59 0.0267803
60 0.0267803
61 0.0267803
62 0.0267803
63 0.0267803
64 0.0267803
65 0.0267803
66 0.0267803
67 0.0267803
68 0.0267803
69 0.0267803
70 0.0273663
71 0.0273663
72 0.0273663
73 0.0273663
74 0.0273663
75 0.0273663
76 0.0273663
77 0.0273663
78 0.0273663
79 0.0273663
80 0.0273663
81 0.0273663
82 0.0273663
83 0.0273663
84 0.0278183
85 0.0278183
86 0.0278183
87 0.0278183
88 0.0278183
89 0.0278183
90 0.0278183
91 0.0278183
92 0.0278183
93 0.0278183
94 0.0278183
95 0.0278183
96 0.0278183
97 0.0278183
98 0.0281393
99 0.0281393
100 0.0281393
101 0.0281393
102 0.0281393
103 0.0281393
104 0.0281393
105 0.0281393
106 0.0281393
107 0.0281393
108 0.0281393
109 0.0281393
110 0.0281393
111 0.0281393
112 0.0281393
113 0.0281393
114 0.0281393
115 0.0281393
116 0.0281393
117 0.0281393
118 0.0281393
119 0.0281393
120 0.0281393
121 0.0281393
122 0.0281393
123 0.0281393
124 0.0281393
125 0.0281393
126 0.0281393
127 0.0281393
128 0.0281393
129 0.0281393
130 0.0281393
131 0.0281393
132 0.0287942
133 0.0287942
134 0.0288803
135 0.0288803
136 0.0288803
137 0.0288803
138 0.0288803
139 0.0288803
140 0.0288803
141 0.0288803
142 0.0288803
143 0.0288803
144 0.0288803
145 0.0288803
146 0.0288803
147 0.0288803
148 0.0288803
149 0.0289478
150 0.0289478
151 0.0289478
152 0.0289478
153 0.0289478
154 0.0289478
155 0.0289478
156 0.0289478
157 0.0289478
158 0.0289478
159 0.0289478
160 0.0289478
161 0.0289478
162 0.0289478
163 0.0289478
164 0.0289478
165 0.0289478
166 0.0289478
167 0.0289478
168 0.0289478
169 0.0289478
170 0.0289478
171 0.0289478
172 0.0289478
173 0.0289478
174 0.0289478
175 0.0289478
176 0.0289478
177 0.0291017
178 0.0291017
179 0.0291017
180 0.0291017
181 0.0291017
182 0.0291017
183 0.0291017
184 0.0291017
185 0.0291017
186 0.0291017
187 0.0291017
188 0.0291017
189 0.0291017
190 0.0291017
191 0.0291017
192 0.0291017
193 0.0291017
194 0.0291017
195 0.0291017
196 0.0291017
197 0.0291017
198 0.0291017
199 0.0291017
200 0.0291017
201 0.0291017
202 0.0291017
203 0.0291017
204 0.0291017
205 0.0291017
206 0.0291017
207 0.0291017
208 0.0291017
209 0.0297661
210 0.0301336
211 0.0301336
212 0.0301336
213 0.0301336
214 0.0303712
215 0.0303782
216 0.0303782
217 0.0320791
218 0.0320791
219 0.0320791
220 0.0320791
221 0.0320791
222 0.0320791
223 0.0320791
224 0.0320791
225 0.0320791
226 0.0320791
227 0.0320791
228 0.0320791
229 0.0320791
230 0.0320791
231 0.0320791
232 0.0320791
233 0.0320791
234 0.0320791
235 0.0320791
236 0.0320791
237 0.0323178
238 0.0323178
239 0.0323178
240 0.0323178
241 0.0323178
242 0.0324906
243 0.0324906
244 0.0327987
245 0.0327987
246 0.0327987
247 0.0327987
248 0.0327987
249 0.0327987
250 0.0327987
251 0.0327987
252 0.0327987
253 0.0327987
254 0.0327987
255 0.0327987
256 0.0327987
257 0.0327987
258 0.0327987
259 0.0327987
260 0.0327987
261 0.0327987
262 0.0327987
263 0.0327987
264 0.0327987
265 0.0327987
266 0.0327987
267 0.0327987
268 0.0327987
269 0.0327987
270 0.0327987
271 0.0327987
272 0.0327987
273 0.0327987
274 0.0327987
275 0.0327987
276 0.0327987
277 0.0327987
278 0.0327987
279 0.0327987
280 0.0327987
281 0.0328791
282 0.0328791
283 0.0328791
284 0.0328791
285 0.0328791
286 0.0328791
287 0.0328791
288 0.0328791
289 0.0328791
290 0.0328791
291 0.0328791
292 0.0328791
293 0.0328791
294 0.0328791
295 0.0328791
296 0.0328791
297 0.0328791
298 0.0328791
299 0.0328791
300 0.0328791
301 0.0328791
302 0.0328791
303 0.0328791
304 0.0328791
305 0.0328791
306 0.0328791
307 0.0328791
308 0.0328791
309 0.0328791
310 0.0328791
311 0.0328791
312 0.0328791
313 0.0328791
314 0.0328791
315 0.0328791
316 0.0328791
317 0.0328791
318 0.0328791
319 0.0328791
320 0.0328791
321 0.0328791
322 0.0328791
323 0.0328791
324 0.0328791
325 0.0328791
326 0.0328791
327 0.0328791
328 0.0328791
329 0.0328791
330 0.0328791
331 0.0328791
332 0.0328791
333 0.0328791
334 0.0328791
335 0.0328791
336 0.0328791
337 0.0330897
338 0.0330897
339 0.0330897
340 0.0334701
341 0.0334701
342 0.0334701
343 0.0334701
344 0.0334701
345 0.0334701
346 0.0334701
347 0.0334701
348 0.0334701
349 0.0334701
350 0.0334701
351 0.0334701
352 0.0334701
353 0.0334701
354 0.0334701
355 0.0334701
356 0.0334701
357 0.0334701
358 0.0334701
359 0.0334701
360 0.0334701
361 0.0336043
362 0.0336043
363 0.0336043
364 0.0336043
365 0.0338467
366 0.0338467
367 0.0338467
368 0.0338467
369 0.0338467
370 0.0338467
371 0.0338467
372 0.0338467
373 0.0338467
374 0.0338467
375 0.0338467
376 0.0338467
377 0.0338467
378 0.0338467
379 0.0338467
380 0.0338467
381 0.0338467
382 0.0338467
383 0.0338467
384 0.0338467
385 0.0338467
386 0.0338467
387 0.0338467
388 0.0338467
389 0.0338467
390 0.0338467
391 0.0338467
392 0.0338467
393 0.0338467
394 0.0338467
395 0.0338467
396 0.0338467
397 0.0338467
398 0.0338467
399 0.0338467
400 0.0338467
401 0.0338467
402 0.0338467
403 0.0338467
404 0.0339078
405 0.0339078
406 0.0339078
407 0.0339078
408 0.0339078
409 0.0339078
410 0.0339078
411 0.0339078
412 0.0339078
413 0.0339078
414 0.0339078
415 0.0339078
416 0.0339078
417 0.0339078
418 0.0339078
419 0.0339078
420 0.0339078
421 0.0339078
422 0.0339078
423 0.0339078
424 0.0339078
425 0.0339078
426 0.0339078
427 0.0339078
428 0.0339078
429 0.0339078
430 0.0339078
431 0.0339078
432 0.0339078
433 0.0339078
434 0.0339078
435 0.0339078
436 0.0339078
437 0.0339078
438 0.0339078
439 0.0339078
440 0.0339078
441 0.0339078
442 0.0339078
443 0.0339078
444 0.0339078
445 0.0339078
446 0.0339078
447 0.0339078
448 0.0339078
449 0.0339078
450 0.0339078
451 0.0339078
452 0.0339078
453 0.0339078
454 0.0339078
455 0.0339078
456 0.0339078
457 0.0339078
458 0.0339078
459 0.0339078
460 0.0339078
461 0.0339078
462 0.0339078
463 0.0339078
464 0.0339078
465 0.0339078
466 0.0339078
467 0.0339078
468 0.0339078
469 0.0339078
470 0.0339078
471 0.0339078
472 0.0339078
473 0.0339078
474 0.0339078
475 0.0339078
476 0.0339078
477 0.0339078
478 0.0339078
479 0.0339078
480 0.0339078
481 0.0339078
482 0.0339078
483 0.0339078
484 0.0339078
485 0.0339078
486 0.0339078
487 0.0339078
488 0.0339078
489 0.0339078
490 0.0339078
491 0.0339078
492 0.0339078
493 0.0339078
494 0.0339078
495 0.0339078
496 0.0339078
497 0.0339078
498 0.0339078
499 0.0339078
500 0.0339078
501 0.0339078
502 0.0339078
503 0.0339078
504 0.0339078
505 0.0339078
506 0.0339078
507 0.0339078
508 0.0339078
509 0.0339078
510 0.0339078
511 0.0339078
512 0.0339078
513 0.0339078
514 0.0339078
515 0.0339078
516 0.0339078
517 0.0339078
518 0.0339078
