0 0.012802
1 0.0142173
2 0.0363082
3 0.0384925
4 0.0435063
5 0.0442991
6 0.0504578
7 0.0504578
8 0.0504578
9 0.0504578
10 0.0504578
11 0.0518756
12 0.0518756
13 0.0518756
14 0.0518756
15 0.0518756
16 0.0518756
17 0.0529643
18 0.0530974
19 0.0533806
20 0.0562459
21 0.0564709
22 0.0564709
23 0.059384
24 0.059698
25 0.059698
26 0.059698
27 0.059698
28 0.059698
29 0.059698
30 0.059698
31 0.059698
32 0.059698
33 0.059698
34 0.059698
35 0.059698
36 0.059698
37 0.059698
38 0.059698
39 0.059698
40 0.059698
41 0.059698
42 0.059698
43 0.059698
44 0.059698
45 0.059698
46 0.059698
47 0.059698
48 0.059698
49 0.059698
50 0.0599441
51 0.0599441
52 0.0599441
53 0.0599441
54 0.0599441
55 0.060882
56 0.0616011
57 0.0616011
58 0.0616011
59 0.0616011
60 0.0626984
61 0.0628216
62 0.063739
63 0.063739
64 0.063739
65 0.063739
66 0.063739
67 0.063739
68 0.0643828
69 0.0643828
70 0.0643828
71 0.0670107
72 0.0682729
73 0.0687382
74 0.0706995
75 0.0711306
76 0.0711306
77 0.0711306
78 0.0711306
79 0.0711306
80 0.0737928
81 0.0743223
82 0.0743223
83 0.0743223
84 0.0743741
85 0.0743741
86 0.0743741
87 0.0743741
88 0.0743741
89 0.0743741
90 0.0744033
91 0.0744033
92 0.0744033
93 0.0744033
94 0.0744033
95 0.0744033
96 0.0744033
97 0.0744033
98 0.0744033
99 0.0744033
100 0.0744033
101 0.0744033
102 0.0744033
103 0.0744033
104 0.0744033
105 0.0744033
106 0.0744033
107 0.0744033
108 0.0744033
109 0.0748022
110 0.0748022
111 0.0748022
112 0.0748022
113 0.0748022
114 0.0748022
115 0.0748022
116 0.0748022
117 0.0748022
118 0.0749849
119 0.0749849
120 0.0749849
121 0.0749849
122 0.0749849
123 0.0749849
124 0.0749849
125 0.0749849
126 0.0749849
127 0.0749849
128 0.0749849
129 0.0749849
130 0.0749849
131 0.0749849
132 0.0749849
133 0.0749849
134 0.0749849
135 0.0749849
136 0.0749849
137 0.0749849
138 0.0749849
139 0.0749849
140 0.0749849
141 0.0749849
142 0.0749849
143 0.0749849
144 0.0749849
145 0.0749849
146 0.0749849
147 0.0749849
148 0.0749849
149 0.0749849
150 0.0749849
151 0.0749849
152 0.0749849
153 0.0749849
154 0.0749849
155 0.0749849
156 0.0749849
157 0.0749849
158 0.0749849
159 0.0749849
160 0.0749849
161 0.0749849
162 0.0749849
163 0.0749849
164 0.0749849
165 0.0749849
166 0.0749849
167 0.0749849
168 0.0749849
169 0.0749849
170 0.0749849
171 0.0749849
172 0.0749849
173 0.0749849
174 0.0749849
175 0.0749849
176 0.0749849
177 0.0749849
178 0.0749849
179 0.0749849
180 0.0749849
181 0.0749849
182 0.0749849
183 0.0749849
184 0.0749849
185 0.0749849
186 0.0749849
187 0.0749849
188 0.0749849
189 0.0749849
190 0.0749849
191 0.0749849
192 0.0749849
193 0.0749849
194 0.0749849
195 0.0749849
196 0.0749849
197 0.0749849
198 0.0749849
199 0.0749849
200 0.0749849
201 0.0749849
202 0.0749849
203 0.0749849
204 0.0749849
205 0.0749849
206 0.0749849
207 0.0749849
208 0.0749849
209 0.0749849
210 0.0749849
211 0.0749849
212 0.0749849
213 0.0749849
214 0.0749849
215 0.0749849
216 0.0749849
217 0.0749849
218 0.0749849
219 0.0749849
220 0.0749849
221 0.0749849
222 0.0749849
223 0.0749849
224 0.0749849
225 0.0749849
226 0.0749849
227 0.0749849
228 0.0749849
229 0.0749849
230 0.0749849
231 0.0749849
232 0.0749849
233 0.0749849
234 0.0749849
235 0.0749849
236 0.0749849
237 0.0749849
238 0.0749849
239 0.0749849
240 0.0749849
241 0.0749849
242 0.0749849
243 0.0749849
244 0.0749849
245 0.0749849
246 0.0749849
247 0.0749849
248 0.0749849
249 0.0749849
250 0.0749849
251 0.0749849
252 0.0749849
253 0.0749849
254 0.0749849
255 0.0749849
256 0.0749849
257 0.0749849
258 0.0749849
259 0.0749849
260 0.0749849
261 0.0749849
262 0.0749849
263 0.0749849
264 0.0749849
265 0.0749849
266 0.0749849
267 0.0749849
268 0.0749849
269 0.0749849
270 0.0749849
271 0.0749849
272 0.0749849
273 0.0749849
274 0.0749849
275 0.0749849
276 0.0749849
277 0.0749849
278 0.0749849
279 0.0749849
280 0.0749849
281 0.0749849
282 0.0749849
283 0.0749849
284 0.0749849
285 0.0749849
286 0.0749849
287 0.0749849
288 0.0749849
289 0.0749849
290 0.0749849
291 0.0755998
292 0.0755998
293 0.0755998
294 0.0755998
295 0.0755998
296 0.0755998
297 0.0755998
298 0.0755998
299 0.0755998
300 0.0755998
301 0.0755998
302 0.0755998
303 0.0755998
304 0.0755998
305 0.0755998
306 0.0755998
307 0.0755998
308 0.0755998
309 0.0755998
310 0.0755998
311 0.0755998
312 0.0755998
313 0.0755998
314 0.0755998
315 0.0755998
316 0.0755998
317 0.0755998
318 0.0755998
319 0.0755998
320 0.0755998
321 0.0755998
322 0.0755998
323 0.0755998
324 0.0755998
325 0.0755998
326 0.0755998
327 0.0755998
328 0.0755998
329 0.0755998
330 0.0755998
331 0.0755998
332 0.0755998
333 0.0755998
334 0.0755998
335 0.0755998
336 0.0755998
337 0.0755998
338 0.0755998
339 0.0755998
340 0.0755998
341 0.0755998
342 0.0755998
343 0.0755998
344 0.0755998
345 0.0755998
346 0.0755998
347 0.0755998
348 0.0755998
349 0.0755998
350 0.0755998
351 0.0755998
352 0.0755998
353 0.0755998
354 0.0755998
355 0.0755998
356 0.0755998
357 0.0755998
358 0.0755998
359 0.0755998
360 0.0755998
361 0.0755998
362 0.0757246
363 0.0757246
364 0.0757246
365 0.0757246
366 0.0757246
367 0.0757246
368 0.0757246
369 0.0757246
370 0.0757246
371 0.0759256
372 0.0759256
373 0.0759256
374 0.0759256
375 0.0759256
376 0.0759256
377 0.0759256
378 0.0759256
379 0.0759256
380 0.0759256
381 0.0759256
382 0.0759256
383 0.0759256
384 0.0759256
385 0.0759256
386 0.0759256
387 0.0759256
388 0.0759256
389 0.0759256
390 0.0759256
391 0.0759256
392 0.0759256
393 0.0759256
394 0.0759256
395 0.0759256
396 0.0759256
397 0.0759256
398 0.0759256
399 0.0759256
400 0.0759256
401 0.0759256
402 0.0759256
403 0.0759256
404 0.0759256
405 0.0759256
406 0.0759256
407 0.0759256
408 0.0759256
409 0.0759256
410 0.0759256
411 0.0759256
412 0.0759256
413 0.0759256
414 0.0759256
415 0.0759256
416 0.0759256
417 0.0759256
418 0.0759256
419 0.0759256
420 0.0759256
421 0.0759256
422 0.0759256
423 0.0759256
424 0.0759256
425 0.0759256
426 0.0759256
427 0.0759256
428 0.0759256
429 0.0759256
430 0.0759256
431 0.0759256
432 0.0759256
433 0.0759256
434 0.0759256
435 0.0759256
436 0.0759256
437 0.0759256
438 0.0759256
439 0.0759256
440 0.0759256
441 0.0759256
442 0.0759256
443 0.0759256
444 0.0759256
445 0.0759256
446 0.0759256
447 0.0759256
448 0.0759256
449 0.0759256
450 0.0759256
451 0.0759256
452 0.0759256
453 0.0759699
454 0.0759699
455 0.0759699
456 0.0759699
457 0.0759699
458 0.0759699
459 0.0759699
460 0.0766779
461 0.0766779
462 0.0766779
463 0.0766779
464 0.0766779
465 0.0766779
466 0.0766779
467 0.0766779
468 0.0766779
469 0.0766779
470 0.0766779
471 0.0766779
472 0.0766779
473 0.0766779
474 0.0766779
475 0.0766779
476 0.0766779
477 0.0766779
478 0.0766779
479 0.0766779
480 0.0766779
481 0.0766779
482 0.0766779
483 0.0766779
484 0.0766779
485 0.0766779
486 0.0766779
487 0.0766779
488 0.0766779
489 0.0766779
490 0.0766779
491 0.0766779
492 0.0766779
493 0.0766779
494 0.0766779
495 0.0766779
496 0.0766779
497 0.0766779
498 0.0766779
499 0.0766779
500 0.0766779
501 0.0766779
502 0.0766779
503 0.0766779
504 0.0766779
505 0.0766779
506 0.0766779
507 0.0766779
508 0.0766779
509 0.0766779
510 0.0766779
511 0.0766779
512 0.0766779
513 0.0766779
514 0.0766779
515 0.0766779
516 0.0766779
517 0.0766779
518 0.0766779
519 0.0766779
520 0.0766779
521 0.0766779
522 0.0766779
523 0.0766779
524 0.0766779
525 0.0766779
526 0.0766779
527 0.0766779
528 0.0766779
529 0.0766779
530 0.0766779
531 0.0766779
532 0.0766779
533 0.0766779
534 0.0766779
535 0.0766779
536 0.0766779
537 0.0766779
538 0.0766779
539 0.0766779
540 0.0766779
541 0.0766779
542 0.0766779
543 0.0766779
544 0.0766779
545 0.0766779
546 0.0766779
547 0.0766779
548 0.0766779
549 0.0766779
550 0.0766779
551 0.0766779
552 0.0766779
553 0.0766779
554 0.0766779
555 0.0766779
556 0.0766779
557 0.0766779
558 0.0766779
559 0.0766779
560 0.0766779
561 0.0766779
562 0.0766779
563 0.0766779
564 0.0766779
565 0.0766779
566 0.0766779
567 0.0766779
568 0.0766779
569 0.0766779
570 0.0766779
571 0.0766779
572 0.0766779
573 0.0766779
574 0.0766779
575 0.0766779
576 0.0766779
577 0.0766779
578 0.0766779
579 0.0766779
580 0.0766779
581 0.0766779
582 0.0766779
583 0.0766779
584 0.0766779
585 0.0766779
586 0.0766779
587 0.0766779
588 0.0766779
589 0.0766779
590 0.0766779
591 0.0766779
592 0.0766779
593 0.0766779
594 0.0766779
595 0.0766779
596 0.0766779
597 0.0766779
598 0.0766779
599 0.0766779
600 0.0766779
601 0.0766779
602 0.0766779
603 0.0766779
604 0.0766779
605 0.0766779
606 0.0766779
607 0.0766779
608 0.0766779
609 0.0766779
610 0.0766779
611 0.0766779
612 0.0766779
613 0.0766779
614 0.0766779
615 0.0766779
616 0.0766779
617 0.0766779
618 0.0766779
619 0.0766779
620 0.0766779
621 0.0766779
622 0.0766779
623 0.0766779
624 0.0766779
625 0.0766779
626 0.0766779
627 0.0766779
628 0.0766779
629 0.0766779
630 0.0766779
631 0.0766779
632 0.0766779
633 0.0766779
634 0.0766779
635 0.0766779
636 0.0766779
637 0.0766779
638 0.0766779
639 0.0766779
640 0.0766779
641 0.0766779
642 0.0766779
643 0.0766779
644 0.0766779
645 0.0766779
646 0.0766779
647 0.0766779
648 0.0766779
649 0.0766779
650 0.0766779
651 0.0766779
652 0.0766779
653 0.0766779
654 0.0766779
655 0.0766779
656 0.0766779
657 0.0766779
658 0.0766779
659 0.0766779
660 0.0766779
661 0.0766779
662 0.0766779
663 0.0766779
664 0.0766779
665 0.0766779
666 0.0766779
667 0.0766779
668 0.0766779
669 0.0766779
670 0.0766779
671 0.0766779
672 0.0766779
673 0.0766779
674 0.0766779
675 0.0766779
676 0.0766779
677 0.0766779
678 0.0766779
679 0.0766779
680 0.0766779
681 0.0766779
682 0.0766779
683 0.0766779
684 0.0766779
685 0.0766779
686 0.0766779
687 0.0766779
688 0.0766779
689 0.0766779
690 0.0766779
691 0.0766779
692 0.0766779
693 0.0766779
694 0.0766779
695 0.0766779
696 0.0766779
697 0.0766779
698 0.0766779
699 0.0766779
700 0.0766779
701 0.0766779
702 0.0766779
703 0.0766779
704 0.0766779
705 0.0766779
706 0.0766779
707 0.0766779
708 0.0766779
709 0.0766779
710 0.0766779
711 0.0766779
712 0.0766779
713 0.0766779
714 0.0766779
715 0.0766779
716 0.0766779
717 0.0766779
718 0.0766779
719 0.0766779
720 0.0766779
721 0.0766779
722 0.0766779
723 0.0766779
724 0.0766779
725 0.0766779
726 0.0766779
727 0.0766779
728 0.0766779
729 0.0766779
730 0.0766779
731 0.0766779
732 0.0766779
733 0.0766779
734 0.0766779
735 0.0766779
736 0.0766779
737 0.0766779
738 0.0766779
739 0.0766779
740 0.0766779
741 0.0766779
742 0.0766779
743 0.0766779
744 0.0766779
745 0.0766779
746 0.0766779
747 0.0766779
748 0.0766779
749 0.0766779
750 0.0766779
751 0.0766779
752 0.0766779
753 0.0766779
754 0.0766779
755 0.0766779
756 0.0766779
757 0.0766779
758 0.0766779
759 0.0766779
760 0.0766779
761 0.0766779
762 0.0766779
763 0.0766779
764 0.0766779
765 0.0766779
766 0.0766779
767 0.0766779
768 0.0766779
769 0.0766779
770 0.0766779
771 0.0766779
772 0.0766779
773 0.0766779
774 0.0766779
775 0.0766779
776 0.0766779
777 0.0766779
778 0.0766779
779 0.0766779
780 0.0766779
781 0.0766779
782 0.0766779
783 0.0766779
784 0.0766779
785 0.0766779
786 0.0766779
787 0.0766779
788 0.0766779
789 0.0766779
790 0.0766779
791 0.0766779
792 0.0766779
793 0.0766779
794 0.0766779
795 0.0766779
796 0.0766779
797 0.0766779
798 0.0766779
799 0.0766779
800 0.0766779
801 0.0766779
802 0.0766779
803 0.0766779
804 0.0766779
805 0.0766779
806 0.0766779
807 0.0766779
808 0.0766779
809 0.0766779
810 0.0766779
811 0.0766779
812 0.0766779
813 0.0766779
814 0.0766779
815 0.0766779
816 0.0766779
817 0.0766779
818 0.0766779
819 0.0766779
820 0.0766779
821 0.0766779
822 0.0766779
823 0.0766779
824 0.0766779
825 0.0766779
826 0.0766779
827 0.0766779
828 0.0766779
829 0.0766779
830 0.0766779
831 0.0766779
832 0.0766779
833 0.0766779
834 0.0766779
835 0.0766779
836 0.0766779
837 0.0766779
838 0.0766779
839 0.0766779
840 0.0766779
841 0.0766779
842 0.0766779
843 0.0766779
844 0.0766779
845 0.0766779
846 0.0766779
847 0.0766779
848 0.0766779
849 0.0766779
850 0.0766779
851 0.0766779
852 0.0766779
853 0.0766779
854 0.0766779
855 0.0766779
856 0.0766779
857 0.0766779
858 0.0766779
859 0.0766779
860 0.0766779
861 0.0766779
862 0.0766779
863 0.0766779
864 0.0766779
865 0.0766779
866 0.0766779
867 0.0766779
868 0.0766779
869 0.0766779
870 0.0766779
871 0.0766779
872 0.0766779
873 0.0766779
874 0.0766779
875 0.0766779
876 0.0766779
877 0.0766779
878 0.0766779
879 0.0766779
880 0.0766779
881 0.0766779
882 0.0766779
883 0.0766779
884 0.0766779
885 0.0766779
886 0.0766779
887 0.0766779
888 0.0766779
889 0.0766779
890 0.0766779
891 0.0766779
892 0.0766779
893 0.0766779
894 0.0766779
895 0.0766779
896 0.0766779
897 0.0766779
898 0.0766779
899 0.0766779
900 0.0766779
901 0.0766779
902 0.0766779
903 0.0766779
904 0.0766779
905 0.0766779
906 0.0766779
907 0.0766779
908 0.0766779
909 0.0766779
910 0.0766779
911 0.0766779
912 0.0766779
913 0.0766779
914 0.0766779
915 0.0766779
916 0.0766779
917 0.0766779
918 0.0766779
919 0.0766779
920 0.0766779
921 0.0766779
922 0.0766779
923 0.0766779
924 0.0766779
925 0.0766779
926 0.0766779
927 0.0766779
928 0.0766779
929 0.0766779
930 0.0766779
931 0.0766779
932 0.0766779
933 0.0766779
934 0.0766779
935 0.0766779
936 0.0766779
937 0.0766779
938 0.0766779
939 0.0766779
940 0.0766779
941 0.0766779
942 0.0766779
943 0.0766779
944 0.0766779
945 0.0766779
946 0.0766779
947 0.0766779
948 0.0766779
949 0.0766779
950 0.0766779
951 0.0766779
952 0.0766779
953 0.0766779
954 0.0766779
955 0.0766779
956 0.0766779
957 0.0766779
958 0.0766779
959 0.0766779
960 0.0766779
961 0.0766779
962 0.0766779
963 0.0766779
964 0.0766779
965 0.0766779
966 0.0766779
967 0.0766779
968 0.0766779
969 0.0766779
970 0.0766779
971 0.0766779
972 0.0766779
973 0.0766779
974 0.0766779
975 0.0766779
976 0.0766779
977 0.0766779
978 0.0766779
979 0.0766779
980 0.0766779
981 0.0766779
982 0.0766779
983 0.0766779
984 0.0766779
985 0.0766779
986 0.0766779
987 0.0766779
988 0.0766779
989 0.0766779
990 0.0766779
991 0.0766779
992 0.0766779
993 0.0766779
994 0.0766779
995 0.0766779
996 0.0766779
997 0.0766779
998 0.0766779
999 0.0766779
1000 0.0766779
1001 0.0766779
1002 0.0766779
1003 0.0766779
1004 0.0766779
1005 0.0766779
1006 0.0766779
1007 0.0766779
1008 0.0766779
1009 0.0766779
1010 0.0766779
1011 0.0766779
1012 0.0766779
1013 0.0766779
1014 0.0766779
1015 0.0766779
1016 0.0766779
1017 0.0766779
1018 0.0766779
1019 0.0766779
1020 0.0766779
1021 0.0766779
1022 0.0766779
1023 0.0766779
1024 0.0766779
1025 0.0766779
1026 0.0766779
1027 0.0766779
1028 0.0766779
1029 0.0766779
1030 0.0766779
1031 0.0766779
1032 0.0766779
1033 0.0766779
1034 0.0766779
1035 0.0766779
1036 0.0766779
1037 0.0766779
1038 0.0766779
1039 0.0766779
1040 0.0766779
1041 0.0766779
1042 0.0766779
1043 0.0766779
1044 0.0766779
1045 0.0766779
1046 0.0766779
1047 0.0766779
1048 0.0766779
1049 0.0766779
1050 0.0766779
1051 0.0766779
1052 0.0769654
1053 0.0769654
1054 0.0769654
1055 0.0769654
1056 0.0769654
1057 0.0769654
1058 0.0769654
1059 0.0769654
1060 0.0769654
1061 0.0769654
1062 0.0769654
1063 0.0769654
1064 0.0769654
1065 0.0769654
1066 0.0769654
1067 0.0769654
1068 0.0769654
1069 0.0769654
1070 0.0769654
1071 0.0769654
1072 0.0769654
1073 0.0769654
1074 0.0769654
1075 0.0769654
1076 0.0769654
1077 0.0769654
1078 0.0769654
1079 0.0769654
1080 0.0769654
1081 0.0769654
1082 0.0769654
1083 0.0769654
1084 0.0769654
1085 0.0769654
1086 0.0769654
1087 0.0769654
1088 0.0769654
1089 0.0769654
1090 0.0769654
1091 0.0769654
1092 0.0769654
1093 0.0769654
1094 0.0769654
1095 0.0769654
1096 0.0769654
1097 0.0769654
1098 0.0769654
1099 0.0769654
1100 0.0769654
1101 0.0769654
1102 0.0769654
1103 0.0769654
1104 0.0769654
1105 0.0769654
1106 0.0769654
1107 0.0769654
1108 0.0769654
1109 0.0769654
1110 0.0769654
1111 0.0769654
1112 0.0769654
1113 0.0769654
1114 0.0769654
1115 0.0769654
1116 0.0769654
1117 0.0769654
1118 0.0769654
1119 0.0769654
1120 0.0769654
1121 0.0769654
1122 0.0769654
1123 0.0769654
1124 0.0769654
1125 0.0769654
1126 0.0769654
1127 0.0769654
1128 0.0769654
1129 0.0769654
1130 0.0769654
1131 0.0769654
1132 0.0769654
1133 0.0769654
1134 0.0769654
1135 0.0769654
1136 0.0769654
1137 0.0769654
1138 0.0769654
1139 0.0769654
1140 0.0769654
1141 0.0769654
1142 0.0769654
1143 0.0769654
1144 0.0769654
1145 0.0769654
1146 0.0769654
1147 0.0769654
1148 0.0769654
1149 0.0769654
1150 0.0769654
1151 0.0769654
1152 0.0769654
1153 0.0769654
1154 0.0769654
1155 0.0769654
1156 0.0769654
1157 0.0769654
1158 0.0769654
1159 0.0769654
1160 0.0769654
1161 0.0769654
1162 0.0769654
1163 0.0769654
1164 0.0769654
1165 0.0769654
1166 0.0769654
1167 0.0769654
1168 0.0769654
1169 0.0769654
1170 0.0769654
1171 0.0769654
1172 0.0769654
1173 0.0769654
1174 0.0769654
1175 0.0769654
1176 0.0769654
1177 0.0769654
1178 0.0769654
1179 0.0769654
1180 0.0769654
1181 0.0769654
1182 0.0769654
1183 0.0769654
1184 0.0769654
1185 0.0769654
1186 0.0769654
1187 0.0769654
1188 0.0769654
1189 0.0769654
1190 0.0769654
1191 0.0769654
1192 0.0769654
1193 0.0769654
1194 0.0769654
1195 0.0769654
1196 0.0769654
1197 0.0769654
1198 0.0769654
1199 0.0769654
1200 0.0769654
1201 0.0769654
1202 0.0769654
1203 0.0769654
1204 0.0769654
1205 0.0769654
1206 0.0769654
1207 0.0769654
1208 0.0769654
1209 0.0769654
1210 0.0769654
1211 0.0769654
1212 0.0769654
1213 0.0770519
1214 0.0771897
1215 0.0774636
1216 0.0774636
1217 0.0774636
1218 0.0774636
1219 0.0774636
1220 0.0774636
1221 0.0774636
1222 0.0774636
1223 0.0774636
1224 0.0774636
1225 0.0774636
1226 0.0774636
1227 0.0774636
1228 0.0774636
1229 0.0774636
1230 0.0774636
1231 0.0774636
1232 0.0774636
1233 0.0774636
1234 0.0774636
1235 0.0774636
1236 0.0774636
1237 0.0774636
1238 0.0774636
1239 0.0774636
1240 0.0774636
1241 0.0774636
1242 0.0774636
1243 0.0774636
1244 0.0774636
1245 0.0774636
1246 0.0774636
1247 0.0774636
1248 0.0774636
1249 0.0774636
1250 0.0774636
1251 0.0774636
1252 0.0774636
1253 0.0774636
1254 0.0774636
1255 0.0774636
1256 0.0774636
1257 0.0774636
1258 0.0774636
1259 0.0774636
1260 0.0774636
1261 0.0774636
1262 0.0774636
1263 0.0774636
1264 0.0774636
1265 0.0774636
1266 0.0774636
1267 0.0774636
1268 0.0774636
1269 0.0774636
1270 0.0774636
1271 0.0774636
1272 0.0774636
1273 0.0774636
1274 0.0774636
1275 0.0774636
1276 0.0774636
1277 0.0774636
1278 0.0774636
1279 0.0774636
1280 0.0774636
1281 0.0774636
1282 0.0774636
1283 0.0774636
1284 0.0774636
1285 0.0774636
1286 0.0774636
1287 0.0774636
1288 0.0774636
1289 0.0774636
1290 0.0774636
1291 0.0774636
1292 0.0774636
1293 0.0774636
1294 0.0774636
1295 0.0774636
1296 0.0774636
1297 0.0774636
1298 0.0774636
1299 0.0774636
1300 0.0774636
1301 0.0774636
1302 0.0774636
1303 0.0774636
1304 0.0774636
1305 0.0774636
1306 0.0774636
1307 0.0774636
1308 0.0774636
1309 0.0774636
1310 0.0774636
1311 0.0774636
1312 0.0774636
1313 0.0774636
1314 0.0774636
1315 0.0774636
1316 0.0774636
1317 0.0774636
1318 0.0774636
1319 0.0774636
1320 0.0774636
1321 0.0774636
1322 0.0774636
1323 0.0774636
1324 0.0774636
1325 0.0774636
1326 0.0774636
1327 0.0774636
1328 0.0774636
1329 0.0774636
1330 0.0774636
1331 0.0774636
1332 0.0774636
1333 0.0774636
1334 0.0774636
1335 0.0774636
1336 0.0774636
1337 0.0774636
1338 0.0774636
1339 0.0774636
1340 0.0774636
1341 0.0774636
1342 0.0774636
1343 0.0774636
1344 0.0777823
1345 0.0777823
1346 0.0777823
1347 0.0777823
1348 0.0777823
1349 0.0781611
1350 0.0781611
1351 0.0781611
1352 0.0781611
1353 0.0781611
1354 0.0781611
1355 0.0781611
1356 0.0781611
1357 0.0781611
1358 0.0781611
1359 0.0781611
1360 0.0781611
1361 0.0781611
1362 0.0781611
1363 0.0781611
1364 0.0781611
1365 0.0781611
1366 0.0789096
1367 0.0789096
1368 0.0789096
1369 0.0789096
1370 0.0789096
1371 0.0789096
1372 0.0789096
1373 0.0789096
1374 0.0789096
1375 0.0789096
1376 0.0789096
1377 0.0789096
1378 0.0789096
1379 0.0789096
1380 0.0789096
1381 0.079139
1382 0.079139
1383 0.079139
1384 0.079139
1385 0.079139
1386 0.0794773
1387 0.0794773
1388 0.0794773
1389 0.0794773
1390 0.0794773
1391 0.0794773
1392 0.0794773
1393 0.0794773
1394 0.0794773
1395 0.0794773
1396 0.0794773
1397 0.0794773
1398 0.0794773
1399 0.0794773
1400 0.0794773
1401 0.0794773
1402 0.0794773
1403 0.0794773
1404 0.0794773
1405 0.0794773
1406 0.0794773
1407 0.0794773
1408 0.0794773
1409 0.0794773
1410 0.0794773
1411 0.0794773
1412 0.0794773
1413 0.0794773
1414 0.0794773
1415 0.0794773
1416 0.0794773
1417 0.0794773
1418 0.0794773
1419 0.0794773
1420 0.0794773
1421 0.0794773
1422 0.0794773
1423 0.0794773
1424 0.0794773
1425 0.0794773
1426 0.0794773
1427 0.0794773
1428 0.0794773
1429 0.0794773
1430 0.0794773
1431 0.0794773
1432 0.0794773
1433 0.0794773
1434 0.0794773
1435 0.0794773
1436 0.0794773
1437 0.0794773
1438 0.0794773
1439 0.0794773
1440 0.0794773
1441 0.0794773
1442 0.0794773
1443 0.0794773
1444 0.0794773
1445 0.0794773
1446 0.0794773
1447 0.0794773
1448 0.0794773
1449 0.0794773
1450 0.0794773
1451 0.0794773
1452 0.0794773
1453 0.0794773
1454 0.0794773
1455 0.0794773
1456 0.0794773
1457 0.0794773
1458 0.0794773
1459 0.0794773
1460 0.0794773
1461 0.0794773
1462 0.0794773
1463 0.0794773
1464 0.0794773
1465 0.0794773
1466 0.0794773
1467 0.0794773
1468 0.0794773
1469 0.0794773
1470 0.0794773
1471 0.0794773
1472 0.0794773
1473 0.0794773
1474 0.0794773
1475 0.0794773
1476 0.0794773
1477 0.0794773
1478 0.0794773
1479 0.0794773
1480 0.0794773
1481 0.0794773
1482 0.0794773
1483 0.0794773
1484 0.0794773
1485 0.0794773
1486 0.0794773
1487 0.0794773
1488 0.0794773
1489 0.0794773
1490 0.0794773
1491 0.0794773
1492 0.0794773
1493 0.0794773
1494 0.0794773
1495 0.0794773
1496 0.0794773
1497 0.0794773
1498 0.0794773
1499 0.0794773
1500 0.0794773
1501 0.0794773
1502 0.0794773
1503 0.0794773
1504 0.0794773
1505 0.0794773
1506 0.0794773
1507 0.0794773
1508 0.0794773
1509 0.0794773
1510 0.0794773
1511 0.0794773
1512 0.0794773
1513 0.0794773
1514 0.0794773
1515 0.0794773
1516 0.0794773
1517 0.0794773
1518 0.0794773
1519 0.0794773
1520 0.0794773
1521 0.0794773
1522 0.0794773
1523 0.0794773
1524 0.0794773
1525 0.0794773
1526 0.0794773
1527 0.0794773
1528 0.0794773
1529 0.0794773
1530 0.0794773
1531 0.0794773
1532 0.0794773
1533 0.0794773
1534 0.0794773
1535 0.0794773
1536 0.0794773
1537 0.0794773
1538 0.0794773
1539 0.0794773
1540 0.0794773
1541 0.0794773
1542 0.0794773
1543 0.0794773
1544 0.0794773
1545 0.0794773
1546 0.0794773
1547 0.0794773
1548 0.0794773
1549 0.0794773
1550 0.0794773
1551 0.0794773
1552 0.0794773
1553 0.0794773
1554 0.0794773
1555 0.0794773
1556 0.0794773
1557 0.0794773
1558 0.0794773
1559 0.0794773
1560 0.0794773
1561 0.0794773
1562 0.0794773
1563 0.0794773
1564 0.0794773
1565 0.0794773
1566 0.0794773
1567 0.0794773
1568 0.0794773
1569 0.0794773
1570 0.0794773
1571 0.0794773
1572 0.0794773
1573 0.0794773
1574 0.0794773
1575 0.0794773
1576 0.0794773
1577 0.0794773
1578 0.0794773
1579 0.0794773
1580 0.0794773
1581 0.0794773
1582 0.0794773
1583 0.0794773
1584 0.0794773
1585 0.0794773
1586 0.0794773
1587 0.0794773
1588 0.0794773
1589 0.0794773
1590 0.0794773
1591 0.0794773
1592 0.0794773
1593 0.0794773
1594 0.0794773
1595 0.0794773
1596 0.0794773
1597 0.0794773
1598 0.0794773
1599 0.0794773
1600 0.0794773
1601 0.0794773
1602 0.0794773
1603 0.0794773
1604 0.0794773
1605 0.0794773
1606 0.0794773
1607 0.0794773
1608 0.0794773
1609 0.0794773
1610 0.0794773
1611 0.0794773
1612 0.0794773
1613 0.0794773
1614 0.0794773
1615 0.0794773
1616 0.0794773
1617 0.0794773
1618 0.0794773
1619 0.0794773
1620 0.0794773
1621 0.0794773
1622 0.0794773
1623 0.0794773
1624 0.0794773
1625 0.0794773
1626 0.0794773
1627 0.0794773
1628 0.0794773
1629 0.0794773
1630 0.0794773
1631 0.0794773
1632 0.0794773
1633 0.0794773
1634 0.0794773
1635 0.0794773
1636 0.0794773
1637 0.0794773
1638 0.0794773
1639 0.0794773
1640 0.0794773
1641 0.0794773
1642 0.0794773
1643 0.0794773
1644 0.0794773
1645 0.0794773
1646 0.0794773
1647 0.0794773
1648 0.0794773
1649 0.0794773
1650 0.0794773
1651 0.0794773
1652 0.0794773
1653 0.0794773
1654 0.0794773
1655 0.0794773
1656 0.0794773
1657 0.0794773
1658 0.0794773
1659 0.0794773
1660 0.0794773
1661 0.0794773
1662 0.0794773
1663 0.0794773
1664 0.0794773
1665 0.0794773
1666 0.0794773
1667 0.0794773
1668 0.0794773
1669 0.0794773
1670 0.0794773
1671 0.0794773
1672 0.0794773
1673 0.0794773
1674 0.0794773
1675 0.0794773
1676 0.0794773
1677 0.0794773
1678 0.0794773
1679 0.0794773
1680 0.0794773
1681 0.0794773
1682 0.0794773
1683 0.0794773
1684 0.0794773
1685 0.0794773
1686 0.0794773
1687 0.0794773
1688 0.0794773
1689 0.0794773
1690 0.0794773
1691 0.0794773
1692 0.0794773
1693 0.0794773
1694 0.0794773
1695 0.0794773
1696 0.0794773
1697 0.0794773
1698 0.0794773
1699 0.0794773
1700 0.0794773
1701 0.0794773
1702 0.0794773
1703 0.0794773
1704 0.0794773
1705 0.0794773
1706 0.0794773
1707 0.0794773
1708 0.0794773
1709 0.0794773
1710 0.0794773
1711 0.0794773
1712 0.0794773
1713 0.0794773
1714 0.0794773
1715 0.0794773
1716 0.0794773
1717 0.0794773
1718 0.0794773
1719 0.0794773
1720 0.0794773
1721 0.0794773
1722 0.0794773
1723 0.0794773
1724 0.0794773
1725 0.0794773
1726 0.0794773
1727 0.0794773
1728 0.0794773
1729 0.0794773
1730 0.0794773
1731 0.0794773
1732 0.0794773
1733 0.0794773
1734 0.0794773
1735 0.0794773
1736 0.0794773
1737 0.0794773
1738 0.0794773
1739 0.0794773
1740 0.0794773
1741 0.0794773
1742 0.0794773
1743 0.0794773
1744 0.0794773
1745 0.0794773
1746 0.0794773
1747 0.0794773
1748 0.0794773
1749 0.0794773
1750 0.0794773
1751 0.0794773
1752 0.0794773
1753 0.0794773
1754 0.0794773
1755 0.0794773
1756 0.0794773
1757 0.0794773
1758 0.0794773
1759 0.0794773
1760 0.0794773
1761 0.0794773
1762 0.0794773
1763 0.0794773
1764 0.0794773
1765 0.0794773
1766 0.0794773
1767 0.0794773
1768 0.0794773
1769 0.0794773
1770 0.0794773
1771 0.0794773
1772 0.0794773
1773 0.0794773
1774 0.0794773
1775 0.0794773
1776 0.0794773
1777 0.0794773
1778 0.0794773
1779 0.0794773
1780 0.0794773
1781 0.0794773
1782 0.0794773
1783 0.0794773
1784 0.0794773
1785 0.0794773
1786 0.0794773
1787 0.0794773
1788 0.0794773
1789 0.0794773
1790 0.0794773
1791 0.0794773
1792 0.0794773
1793 0.0794773
1794 0.0794773
1795 0.0794773
1796 0.0794773
1797 0.0794773
1798 0.0794773
1799 0.0794773
1800 0.0794773
1801 0.0794773
1802 0.0794773
1803 0.0794773
1804 0.0794773
1805 0.0794773
1806 0.0794773
1807 0.0794773
1808 0.0794773
1809 0.0794773
1810 0.0794773
1811 0.0794773
1812 0.0794773
1813 0.0794773
1814 0.0794773
1815 0.0794773
1816 0.0794773
1817 0.0794773
1818 0.0794773
1819 0.0794773
1820 0.0794773
1821 0.0794773
1822 0.0794773
1823 0.0794773
1824 0.0794773
1825 0.0794773
1826 0.0794773
1827 0.0794773
1828 0.0794773
1829 0.0794773
1830 0.0794773
1831 0.0794773
1832 0.0794773
1833 0.0794773
1834 0.0794773
1835 0.0794773
1836 0.0794773
1837 0.0794773
1838 0.0794773
1839 0.0794773
1840 0.0794773
1841 0.0794773
1842 0.0794773
1843 0.0794773
1844 0.0794773
1845 0.0794773
1846 0.0794773
1847 0.0794773
1848 0.0794773
1849 0.0794773
1850 0.0794773
1851 0.0794773
1852 0.0794773
1853 0.0794773
1854 0.0794773
1855 0.0794773
1856 0.0794773
1857 0.0794773
1858 0.0794773
1859 0.0794773
1860 0.0794773
1861 0.0794773
1862 0.0794773
1863 0.0794773
1864 0.0794773
1865 0.0794773
1866 0.0794773
1867 0.0794773
1868 0.0794773
1869 0.0794773
1870 0.0794773
1871 0.0794773
1872 0.0794773
1873 0.0794773
1874 0.0794773
1875 0.0794773
1876 0.0794773
1877 0.0794773
1878 0.0794773
1879 0.0794773
1880 0.0794773
1881 0.0794773
1882 0.0794773
1883 0.0794773
1884 0.0794773
1885 0.0794773
1886 0.0794773
1887 0.0794773
1888 0.0794773
1889 0.0794773
1890 0.0794773
1891 0.0794773
1892 0.0794773
1893 0.0794773
1894 0.0794773
1895 0.0794773
1896 0.0794773
1897 0.0794773
1898 0.0794773
1899 0.0794773
1900 0.0794773
1901 0.0794773
1902 0.0794773
1903 0.0794773
1904 0.0794773
1905 0.0794773
1906 0.0794773
1907 0.0794773
1908 0.0794773
1909 0.0794773
1910 0.0794773
1911 0.0794773
1912 0.0794773
1913 0.0794773
1914 0.0794773
1915 0.0794773
1916 0.0794773
1917 0.0794773
1918 0.0794773
1919 0.0794773
1920 0.0794773
1921 0.0794773
1922 0.0794773
1923 0.0794773
1924 0.0794773
1925 0.0794773
1926 0.0794773
1927 0.0794773
1928 0.0794773
1929 0.0794773
1930 0.0794773
1931 0.0794773
1932 0.0794773
1933 0.0794773
1934 0.0794773
1935 0.0794773
1936 0.0794773
1937 0.0794773
1938 0.0794773
1939 0.0794773
1940 0.0794773
1941 0.0794773
1942 0.0794773
1943 0.0794773
1944 0.0794773
1945 0.0794773
1946 0.0794773
1947 0.0794773
1948 0.0794773
1949 0.0794773
1950 0.0794773
1951 0.0794773
1952 0.0794773
1953 0.0794773
1954 0.0794773
1955 0.0794773
1956 0.0794773
1957 0.0794773
1958 0.0794773
1959 0.0794773
1960 0.0794773
1961 0.0794773
1962 0.0794773
1963 0.0794773
1964 0.0794773
1965 0.0794773
1966 0.0794773
1967 0.0794773
1968 0.0794773
1969 0.0794773
1970 0.0794773
1971 0.0794773
1972 0.0794773
1973 0.0794773
1974 0.0794773
1975 0.0794773
1976 0.0794773
1977 0.0794773
1978 0.0794773
1979 0.0794773
1980 0.0794773
1981 0.0794773
1982 0.0794773
1983 0.0794773
1984 0.0794773
1985 0.0794773
1986 0.0794773
1987 0.0794773
1988 0.0794773
1989 0.0794773
1990 0.0794773
1991 0.0794773
1992 0.0794773
1993 0.0794773
1994 0.0794773
1995 0.0794773
1996 0.0794773
1997 0.0794773
1998 0.0794773
1999 0.0794773
2000 0.0794773
2001 0.0794773
2002 0.0794773
2003 0.0794773
2004 0.0794773
2005 0.0794773
2006 0.0794773
2007 0.0794773
2008 0.0794773
2009 0.0794773
2010 0.0794773
2011 0.0794773
2012 0.0794773
2013 0.0794773
2014 0.0794773
2015 0.0794773
2016 0.0794773
2017 0.0794773
2018 0.0794773
2019 0.0794773
2020 0.0794773
2021 0.0794773
2022 0.0794773
2023 0.0794773
2024 0.0794773
2025 0.0794773
2026 0.0794773
2027 0.0794773
2028 0.0794773
2029 0.0794773
2030 0.0794773
2031 0.0794773
2032 0.0794773
2033 0.0794773
2034 0.0794773
2035 0.0794773
2036 0.0794773
2037 0.0794773
2038 0.0794773
2039 0.0794773
2040 0.0794773
2041 0.0794773
2042 0.0794773
2043 0.0794773
2044 0.0794773
2045 0.0794773
2046 0.0794773
2047 0.0794773
2048 0.0794773
2049 0.0794773
2050 0.0794773
2051 0.0794773
2052 0.0794773
2053 0.0794773
2054 0.0794773
2055 0.0794773
2056 0.0794773
2057 0.0794773
2058 0.0794773
2059 0.0794773
2060 0.0794773
2061 0.0794773
2062 0.0794773
2063 0.0794773
2064 0.0794773
2065 0.0794773
2066 0.0794773
2067 0.0794773
2068 0.0794773
2069 0.0794773
2070 0.0794773
2071 0.0794773
2072 0.0794773
2073 0.0794773
2074 0.0794773
2075 0.0794773
2076 0.0794773
2077 0.0794773
2078 0.0794773
2079 0.0794773
2080 0.0794773
2081 0.0794773
2082 0.0794773
2083 0.0794773
2084 0.0794773
2085 0.0794773
2086 0.0794773
2087 0.0794773
2088 0.0794773
2089 0.0794773
2090 0.0794773
2091 0.0794773
2092 0.0794773
2093 0.0794773
2094 0.0794773
2095 0.0794773
2096 0.0794773
2097 0.0794773
2098 0.0794773
2099 0.0794773
2100 0.0794773
2101 0.0794773
2102 0.0794773
2103 0.0794773
2104 0.0794773
2105 0.0794773
2106 0.0794773
2107 0.0794773
2108 0.0794773
2109 0.0794773
2110 0.0794773
2111 0.0794773
2112 0.0794773
2113 0.0794773
2114 0.0794773
2115 0.0794773
2116 0.0794773
2117 0.0794773
2118 0.0794773
2119 0.0794773
2120 0.0794773
2121 0.0794773
2122 0.0794773
2123 0.0794773
2124 0.0794773
2125 0.0794773
2126 0.0794773
2127 0.0794773
2128 0.0794773
2129 0.0794773
2130 0.0794773
2131 0.0794773
2132 0.0794773
2133 0.0794773
2134 0.0794773
2135 0.0794773
2136 0.0794773
2137 0.0794773
2138 0.0794773
2139 0.0794773
2140 0.0794773
2141 0.0794773
2142 0.0794773
2143 0.0794773
2144 0.0794773
2145 0.0794773
2146 0.0794773
2147 0.0794773
2148 0.0794773
2149 0.0794773
2150 0.0794773
2151 0.0794773
2152 0.0794773
2153 0.0794773
2154 0.0794773
2155 0.0794773
2156 0.0794773
2157 0.0794773
2158 0.0794773
2159 0.0794773
2160 0.0794773
2161 0.0794773
2162 0.0794773
2163 0.0794773
2164 0.0794773
2165 0.0794773
2166 0.0794773
2167 0.0794773
2168 0.0794773
2169 0.0794773
2170 0.0794773
2171 0.0794773
2172 0.0794773
2173 0.0794773
2174 0.0794773
2175 0.0794773
2176 0.0794773
2177 0.0794773
2178 0.0794773
2179 0.0794773
2180 0.0794773
2181 0.0794773
2182 0.0794773
2183 0.0794773
2184 0.0794773
2185 0.0794773
2186 0.0794773
2187 0.0794773
2188 0.0794773
2189 0.0794773
2190 0.0794773
2191 0.0794773
2192 0.0794773
2193 0.0794773
2194 0.0794773
2195 0.0794773
2196 0.0794773
2197 0.0794773
2198 0.0794773
2199 0.0794773
2200 0.0794773
2201 0.0794773
2202 0.0794773
2203 0.0794773
2204 0.0794773
2205 0.0794773
2206 0.0794773
2207 0.0794773
2208 0.0794773
2209 0.0794773
2210 0.0794773
2211 0.0794773
2212 0.0794773
2213 0.0794773
2214 0.0794773
2215 0.0794773
2216 0.0794773
2217 0.0794773
2218 0.0794773
2219 0.0794773
2220 0.0794773
2221 0.0794773
2222 0.0794773
2223 0.0794773
2224 0.0794773
2225 0.0794773
2226 0.0794773
2227 0.0794773
2228 0.0794773
2229 0.0794773
2230 0.0794773
2231 0.0794773
2232 0.0794773
2233 0.0794773
2234 0.0794773
2235 0.0794773
2236 0.0794773
2237 0.0794773
2238 0.0794773
2239 0.0794773
2240 0.0794773
2241 0.0794773
2242 0.0794773
2243 0.0794773
2244 0.0794773
2245 0.0794773
2246 0.0794773
2247 0.0794773
2248 0.0794773
2249 0.0794773
2250 0.0794773
2251 0.0794773
2252 0.0794773
2253 0.0794773
2254 0.0794773
2255 0.0794773
2256 0.0794773
2257 0.0794773
2258 0.0794773
2259 0.0794773
2260 0.0794773
2261 0.0794773
2262 0.0794773
2263 0.0794773
2264 0.0794773
2265 0.0794773
2266 0.0794773
2267 0.0794773
2268 0.0794773
2269 0.0794773
2270 0.0794773
2271 0.0794773
2272 0.0794773
2273 0.0794773
2274 0.0794773
2275 0.0794773
2276 0.0794773
2277 0.0794773
2278 0.0794773
2279 0.0794773
2280 0.0794773
2281 0.0794773
2282 0.0794773
2283 0.0794773
2284 0.0794773
2285 0.0794773
2286 0.0794773
2287 0.0794773
2288 0.0794773
2289 0.0794773
2290 0.0794773
2291 0.0794773
2292 0.0794773
2293 0.0794773
2294 0.0794773
2295 0.0794773
2296 0.0794773
2297 0.0794773
2298 0.0794773
2299 0.0794773
2300 0.0794773
2301 0.0794773
2302 0.0794773
2303 0.0794773
2304 0.0794773
2305 0.0794773
2306 0.0794773
2307 0.0794773
2308 0.0794773
2309 0.0794773
2310 0.0794773
2311 0.0794773
2312 0.0794773
2313 0.0794773
2314 0.0794773
2315 0.0794773
2316 0.0794773
2317 0.0794773
2318 0.0794773
2319 0.0794773
2320 0.0794773
2321 0.0794773
2322 0.0794773
2323 0.0794773
2324 0.0794773
2325 0.0794773
2326 0.0794773
2327 0.0794773
2328 0.0794773
2329 0.0794773
2330 0.0794773
2331 0.0794773
2332 0.0794773
2333 0.0794773
2334 0.0794773
2335 0.0794773
2336 0.0794773
2337 0.0794773
2338 0.0794773
2339 0.0794773
2340 0.0794773
2341 0.0794773
2342 0.0794773
2343 0.0794773
2344 0.0794773
2345 0.0794773
2346 0.0794773
2347 0.0794773
2348 0.0794773
2349 0.0794773
2350 0.0794773
2351 0.0794773
2352 0.0794773
2353 0.0794773
2354 0.0794773
2355 0.0794773
2356 0.0794773
2357 0.0794773
2358 0.0794773
2359 0.0794773
2360 0.0794773
2361 0.0794773
2362 0.0794773
2363 0.0794773
2364 0.0794773
2365 0.0794773
2366 0.0794773
2367 0.0794773
2368 0.0794773
2369 0.0794773
2370 0.0794773
2371 0.0794773
2372 0.0794773
2373 0.0794773
2374 0.0794773
2375 0.0794773
2376 0.0794773
2377 0.0794773
2378 0.0794773
2379 0.0794773
2380 0.0794773
2381 0.0794773
2382 0.0794773
2383 0.0794773
2384 0.0794773
2385 0.0794773
2386 0.0794773
2387 0.0794773
2388 0.0794773
2389 0.0794773
2390 0.0794773
2391 0.0794773
2392 0.0794773
2393 0.0794773
2394 0.0794773
2395 0.0794773
2396 0.0794773
2397 0.0794773
2398 0.0794773
2399 0.0794773
2400 0.0794773
2401 0.0794773
2402 0.0794773
2403 0.0794773
2404 0.0794773
2405 0.0794773
2406 0.0794773
2407 0.0794773
2408 0.0794773
2409 0.0794773
2410 0.0794773
2411 0.0794773
2412 0.0794773
2413 0.0794773
2414 0.0794773
2415 0.0794773
2416 0.0794773
2417 0.0794773
2418 0.0794773
2419 0.0794773
2420 0.0794773
2421 0.0794773
2422 0.0794773
2423 0.0794773
2424 0.0794773
2425 0.0794773
2426 0.0794773
2427 0.0794773
2428 0.0794773
2429 0.0794773
2430 0.0794773
2431 0.0794773
2432 0.0794773
2433 0.0794773
2434 0.0794773
2435 0.0794773
2436 0.0794773
2437 0.0794773
2438 0.0794773
2439 0.0794773
2440 0.0794773
2441 0.0794773
2442 0.0794773
2443 0.0794773
2444 0.0794773
2445 0.0794773
2446 0.0794773
2447 0.0794773
2448 0.0794773
2449 0.0794773
2450 0.0794773
2451 0.0794773
2452 0.0794773
2453 0.0794773
2454 0.0794773
2455 0.0794773
2456 0.0794773
2457 0.0794773
2458 0.0794773
2459 0.0794773
2460 0.0794773
2461 0.0794773
2462 0.0794773
2463 0.0794773
2464 0.0794773
2465 0.0794773
2466 0.0794773
2467 0.0794773
2468 0.0794773
2469 0.0794773
2470 0.0794773
2471 0.0794773
2472 0.0794773
2473 0.0794773
2474 0.0794773
2475 0.0794773
2476 0.0794773
2477 0.0794773
2478 0.0794773
2479 0.0794773
2480 0.0794773
2481 0.0794773
2482 0.0794773
2483 0.0794773
2484 0.0794773
2485 0.0794773
2486 0.0794773
2487 0.0794773
2488 0.0794773
2489 0.0794773
2490 0.0794773
2491 0.0794773
2492 0.0794773
2493 0.0794773
2494 0.0794773
2495 0.0794773
2496 0.0794773
2497 0.0794773
2498 0.0794773
2499 0.0794773
2500 0.0794773
2501 0.0794773
2502 0.0794773
2503 0.0794773
2504 0.0794773
2505 0.0794773
2506 0.0794773
2507 0.0794773
2508 0.0794773
2509 0.0794773
2510 0.0794773
2511 0.0794773
2512 0.0794773
2513 0.0794773
2514 0.0794773
2515 0.0794773
2516 0.0794773
2517 0.0794773
2518 0.0794773
2519 0.0794773
2520 0.0794773
2521 0.0794773
2522 0.0794773
2523 0.0794773
2524 0.0794773
2525 0.0794773
2526 0.0794773
2527 0.0794773
2528 0.0794773
2529 0.0794773
2530 0.0794773
2531 0.0794773
2532 0.0794773
2533 0.0794773
2534 0.0794773
2535 0.0794773
2536 0.0794773
2537 0.0794773
2538 0.0794773
2539 0.0794773
2540 0.0794773
2541 0.0794773
2542 0.0794773
2543 0.0794773
2544 0.0794773
2545 0.0794773
2546 0.0794773
2547 0.0794773
2548 0.0794773
2549 0.0794773
2550 0.0794773
2551 0.0794773
2552 0.0794773
2553 0.0794773
2554 0.0794773
2555 0.0794773
2556 0.0794773
2557 0.0794773
2558 0.0794773
2559 0.0794773
2560 0.0794773
2561 0.0794773
2562 0.0794773
2563 0.0794773
2564 0.0794773
2565 0.0794773
2566 0.0794773
2567 0.0794773
2568 0.0794773
2569 0.0794773
2570 0.0794773
2571 0.0794773
2572 0.0794773
2573 0.0794773
2574 0.0794773
2575 0.0794773
2576 0.0794773
2577 0.0794773
2578 0.0794773
2579 0.0794773
2580 0.0794773
2581 0.0794773
2582 0.0794773
2583 0.0794773
2584 0.0794773
2585 0.0794773
2586 0.0794773
2587 0.0794773
2588 0.0794773
2589 0.0794773
2590 0.0794773
2591 0.0794773
2592 0.0794773
2593 0.0794773
2594 0.0794773
2595 0.0794773
2596 0.0794773
2597 0.0794773
2598 0.0794773
2599 0.0794773
2600 0.0794773
2601 0.0794773
2602 0.0794773
2603 0.0794773
2604 0.0794773
2605 0.0794773
2606 0.0794773
2607 0.0794773
2608 0.0794773
2609 0.0794773
2610 0.0794773
2611 0.0794773
2612 0.0794773
2613 0.0794773
2614 0.0794773
2615 0.0794773
2616 0.0794773
2617 0.0794773
2618 0.0794773
2619 0.0794773
2620 0.0794773
2621 0.0794773
2622 0.0794773
2623 0.0794773
2624 0.0794773
2625 0.0794773
2626 0.0794773
2627 0.0794773
2628 0.0794773
2629 0.0794773
2630 0.0794773
2631 0.0794773
2632 0.0794773
2633 0.0794773
2634 0.0794773
2635 0.0794773
2636 0.0794773
2637 0.0794773
2638 0.0794773
2639 0.0794773
2640 0.0794773
2641 0.0794773
2642 0.0794773
2643 0.0794773
2644 0.0794773
2645 0.0794773
2646 0.0794773
2647 0.0794773
2648 0.0794773
2649 0.0794773
2650 0.0794773
2651 0.0794773
2652 0.0794773
2653 0.0794773
2654 0.0794773
2655 0.0794773
2656 0.0794773
2657 0.0794773
2658 0.0794773
2659 0.0794773
2660 0.0794773
2661 0.0794773
2662 0.0794773
2663 0.0794773
2664 0.0794773
2665 0.0794773
2666 0.0794773
2667 0.0794773
2668 0.0794773
2669 0.0794773
2670 0.0794773
2671 0.0794773
2672 0.0794773
2673 0.0794773
2674 0.0794773
2675 0.0794773
2676 0.0794773
2677 0.0794773
2678 0.0794773
2679 0.0794773
2680 0.0794773
2681 0.0794773
2682 0.0794773
2683 0.0794773
2684 0.0794773
2685 0.0794773
2686 0.0794773
2687 0.0794773
2688 0.0794773
2689 0.0794773
2690 0.0794773
2691 0.0794773
2692 0.0794773
2693 0.0794773
2694 0.0794773
2695 0.0794773
2696 0.0794773
2697 0.0794773
2698 0.0794773
2699 0.0794773
2700 0.0794773
2701 0.0794773
2702 0.0794773
2703 0.0794773
2704 0.0794773
2705 0.0794773
2706 0.0794773
2707 0.0794773
2708 0.0794773
2709 0.0794773
2710 0.0794773
2711 0.0794773
2712 0.0794773
2713 0.0794773
2714 0.0794773
2715 0.0794773
2716 0.0794773
2717 0.0794773
2718 0.0794773
2719 0.0794773
2720 0.0794773
2721 0.0794773
2722 0.0794773
2723 0.0794773
2724 0.0794773
2725 0.0794773
2726 0.0794773
2727 0.0794773
2728 0.0794773
2729 0.0794773
2730 0.0794773
2731 0.0794773
2732 0.0794773
2733 0.0794773
2734 0.0794773
2735 0.0794773
2736 0.0794773
2737 0.0794773
2738 0.0794773
2739 0.0794773
2740 0.0794773
2741 0.0794773
2742 0.0794773
2743 0.0794773
2744 0.0794773
2745 0.0794773
2746 0.0794773
2747 0.0794773
2748 0.0794773
2749 0.0794773
2750 0.0794773
2751 0.0794773
2752 0.0794773
2753 0.0794773
2754 0.0794773
2755 0.0794773
2756 0.0794773
2757 0.0794773
2758 0.0794773
2759 0.0794773
2760 0.0794773
2761 0.0794773
2762 0.0794773
2763 0.0794773
2764 0.0794773
2765 0.0794773
2766 0.0794773
2767 0.0794773
2768 0.0794773
2769 0.0794773
2770 0.0794773
2771 0.0794773
2772 0.0794773
2773 0.0794773
2774 0.0794773
2775 0.0794773
2776 0.0794773
2777 0.0794773
2778 0.0794773
2779 0.0794773
2780 0.0794773
2781 0.0794773
2782 0.0794773
2783 0.0794773
2784 0.0794773
2785 0.0794773
2786 0.0794773
2787 0.0794773
2788 0.0794773
2789 0.0794773
2790 0.0794773
2791 0.0794773
2792 0.0794773
2793 0.0794773
2794 0.0794773
2795 0.0794773
2796 0.0794773
2797 0.0794773
2798 0.0794773
2799 0.0794773
2800 0.0794773
2801 0.0794773
2802 0.0794773
2803 0.0795409
2804 0.0795409
2805 0.0795409
2806 0.0795409
2807 0.0795409
2808 0.0795409
2809 0.0795409
2810 0.0795409
2811 0.0795409
2812 0.0795409
2813 0.0795409
2814 0.0795409
2815 0.0795409
2816 0.0795409
2817 0.0795409
2818 0.0795409
2819 0.0795409
2820 0.0795409
2821 0.0795409
2822 0.0795409
2823 0.0795409
2824 0.0795409
2825 0.0795409
2826 0.0795409
2827 0.0795409
2828 0.0795409
2829 0.0795409
2830 0.0795409
2831 0.0795409
2832 0.0795409
2833 0.0795409
2834 0.0795409
2835 0.0797979
2836 0.0797979
2837 0.0797979
2838 0.0797979
2839 0.0797979
2840 0.0797979
2841 0.0797979
2842 0.0797979
2843 0.0797979
2844 0.0797979
2845 0.0798744
2846 0.0798744
2847 0.0798744
2848 0.0798744
2849 0.0798744
2850 0.0798744
2851 0.0798744
2852 0.0798744
2853 0.0798744
2854 0.0798744
2855 0.0798744
2856 0.0798744
2857 0.0798744
2858 0.0798744
2859 0.0798744
2860 0.0798744
2861 0.0798744
2862 0.0798744
2863 0.0798744
2864 0.0798744
2865 0.0798744
2866 0.0798744
2867 0.0798744
2868 0.0798744
2869 0.0798744
2870 0.0798744
2871 0.0798744
2872 0.0798744
2873 0.0798744
2874 0.0798744
2875 0.0798744
2876 0.0798744
2877 0.0798744
2878 0.0798744
2879 0.0798744
2880 0.0798744
2881 0.0798744
2882 0.0798744
2883 0.0798744
2884 0.0798744
2885 0.0798744
2886 0.0798744
2887 0.0798744
2888 0.0800485
2889 0.0800485
2890 0.0800485
2891 0.0800485
2892 0.0800485
2893 0.0800485
2894 0.0800485
2895 0.0800485
2896 0.0800485
2897 0.0800485
2898 0.0800485
2899 0.0800485
2900 0.0800485
2901 0.0800485
2902 0.0800485
2903 0.0800485
2904 0.0800485
2905 0.0800485
2906 0.0800485
2907 0.0800485
2908 0.0800485
2909 0.0800485
2910 0.0800485
2911 0.0800485
2912 0.0800485
2913 0.0800485
2914 0.0800485
2915 0.0800485
2916 0.0800485
2917 0.0800485
2918 0.0800485
2919 0.0800485
2920 0.0800485
2921 0.0800485
2922 0.0800485
2923 0.0800485
2924 0.0800485
2925 0.0800485
2926 0.0800485
2927 0.0800485
2928 0.0800485
2929 0.0800485
2930 0.0800485
2931 0.0800485
2932 0.0800485
2933 0.0800485
2934 0.0800485
2935 0.0800485
2936 0.0800485
2937 0.0800485
2938 0.0800485
2939 0.0800485
2940 0.0800485
2941 0.0800485
2942 0.0800485
2943 0.0800485
2944 0.0800485
2945 0.0800485
2946 0.0800485
2947 0.0800485
2948 0.0800485
2949 0.0800485
2950 0.0800485
2951 0.0800485
2952 0.0800485
2953 0.0800485
2954 0.0800485
2955 0.0800485
2956 0.0800485
2957 0.0800485
2958 0.0800485
2959 0.0800485
2960 0.0800485
2961 0.0800485
2962 0.0800485
2963 0.0800485
2964 0.0800485
2965 0.0800485
2966 0.0800485
2967 0.0800485
2968 0.0800485
2969 0.0800485
2970 0.0800485
2971 0.0800485
2972 0.0800485
2973 0.0800485
2974 0.0800485
2975 0.0800485
2976 0.0800485
2977 0.0800485
2978 0.0800485
2979 0.0800485
2980 0.0800485
2981 0.0800485
2982 0.0800485
2983 0.0800485
2984 0.0800485
2985 0.0800485
2986 0.0800485
2987 0.0800485
2988 0.0800485
2989 0.0800485
2990 0.0800485
2991 0.0800485
2992 0.0800485
2993 0.0800485
2994 0.0800485
2995 0.0800485
2996 0.0800485
2997 0.0800485
2998 0.0800485
2999 0.0800485
3000 0.0800485
3001 0.0800485
3002 0.0800485
3003 0.0800485
3004 0.0800485
3005 0.0800485
3006 0.0800485
3007 0.0800485
3008 0.0800485
3009 0.0800485
3010 0.0800485
3011 0.0800485
3012 0.0800485
3013 0.0800485
3014 0.0800485
3015 0.0800485
3016 0.0800485
3017 0.0800485
3018 0.0800485
3019 0.0800485
3020 0.0800485
3021 0.0800485
3022 0.0800485
3023 0.0800485
3024 0.0800485
3025 0.0800485
3026 0.0800485
3027 0.0800485
3028 0.0800485
3029 0.0800485
3030 0.0800485
3031 0.0800485
3032 0.0800485
3033 0.0800485
3034 0.0800485
3035 0.0800485
3036 0.0800485
3037 0.0800485
3038 0.0800485
3039 0.0800485
3040 0.0800485
3041 0.0800485
3042 0.0800485
3043 0.0800485
3044 0.0800485
3045 0.0800485
3046 0.0800485
3047 0.0800485
3048 0.0800485
3049 0.0800485
3050 0.0800485
3051 0.0800485
3052 0.0800485
3053 0.0800485
3054 0.0800485
3055 0.0800485
3056 0.0800485
3057 0.0800485
3058 0.0800485
3059 0.0800485
3060 0.0800485
3061 0.0800485
3062 0.0800485
3063 0.0800485
3064 0.0800485
3065 0.0800485
3066 0.0800485
3067 0.0800485
3068 0.0800485
3069 0.0800485
3070 0.0800485
3071 0.0800485
3072 0.0800485
3073 0.0800485
3074 0.0800485
3075 0.0800485
3076 0.0800485
3077 0.0800485
3078 0.0800485
3079 0.0800485
3080 0.0800485
3081 0.0800485
3082 0.0800485
3083 0.0800485
3084 0.0800485
3085 0.0800485
3086 0.0800485
3087 0.0800485
3088 0.0800485
3089 0.0800485
3090 0.0800485
3091 0.0800485
3092 0.0800485
3093 0.0800485
3094 0.0800485
3095 0.0800485
3096 0.0800485
3097 0.0800485
3098 0.0800485
3099 0.0800485
3100 0.0800485
3101 0.0800485
3102 0.0800485
3103 0.0800485
3104 0.0800485
3105 0.0800485
3106 0.0800485
3107 0.0800485
3108 0.0800485
3109 0.0800485
3110 0.0800485
3111 0.0800485
3112 0.0800485
3113 0.0800485
3114 0.0800485
3115 0.0800485
3116 0.0800485
3117 0.0800485
