0 0.00230422
1 0.00299106
2 0.00310161
3 0.00471994
4 0.0054498
5 0.00609078
6 0.00640657
7 0.00752182
8 0.0100283
9 0.0107843
10 0.0108698
11 0.0113804
12 0.0118492
13 0.0127359
14 0.013097
15 0.0139775
16 0.014705
17 0.016011
18 0.0173912
19 0.0174811
20 0.0174811
21 0.0175565
22 0.0175726
23 0.0178947
24 0.0179049
25 0.0194748
26 0.0194748
27 0.0195813
28 0.0200724
29 0.0214561
30 0.0221173
31 0.022491
32 0.022491
33 0.022491
34 0.022491
35 0.0225237
36 0.0225806
37 0.0225806
38 0.0225806
39 0.0225806
40 0.0230113
41 0.0230113
42 0.0230113
43 0.0230113
44 0.0230113
45 0.0230113
46 0.0234937
47 0.0236696
48 0.0236696
49 0.0243464
50 0.0247005
51 0.0251507
52 0.0251507
53 0.0251507
54 0.0251507
55 0.0251507
56 0.0251507
57 0.0251507
58 0.0251507
59 0.0251507
60 0.0251507
61 0.0251507
62 0.0251507
63 0.025822
64 0.025822
65 0.025822
66 0.025822
67 0.025822
68 0.025822
69 0.0258913
70 0.0258913
71 0.0264456
72 0.0264456
73 0.0264456
74 0.0264456
75 0.0276074
76 0.0276074
77 0.0276074
78 0.0276074
79 0.0276074
80 0.0276074
81 0.0276074
82 0.0276074
83 0.0276074
84 0.0276074
85 0.0276074
86 0.0276074
87 0.0276496
88 0.0276496
89 0.0276496
90 0.0278741
91 0.0279264
92 0.0279264
93 0.0279264
94 0.0285763
95 0.0285763
96 0.0285763
97 0.0285763
98 0.0285763
99 0.0285763
100 0.0285763
101 0.0293048
102 0.0293048
103 0.0303785
104 0.0303785
105 0.0303785
106 0.0303785
107 0.0303785
108 0.0303785
109 0.0303785
110 0.0303785
111 0.0303785
112 0.0303785
113 0.0303785
114 0.0303785
115 0.0303785
116 0.0303785
117 0.0303785
118 0.0303785
119 0.031312
120 0.031312
121 0.031312
122 0.031312
123 0.031312
124 0.031312
125 0.031312
126 0.031312
127 0.031312
128 0.031312
129 0.0320635
130 0.0320635
131 0.0320635
132 0.0320635
133 0.0320635
134 0.0320635
135 0.0320635
136 0.0324568
137 0.0324568
138 0.0324568
139 0.0324568
140 0.0324568
141 0.0324568
142 0.0324568
143 0.0324568
144 0.0324568
145 0.0324568
146 0.0324568
147 0.0324568
148 0.0324568
149 0.0324568
150 0.0325473
151 0.0327879
152 0.0327879
153 0.0327879
154 0.0330065
155 0.0330065
156 0.0330065
157 0.0331019
158 0.0331019
159 0.0331019
160 0.0331019
161 0.0331019
162 0.0331019
163 0.0331019
164 0.0331019
165 0.0331019
166 0.0331019
167 0.0331019
168 0.0331019
169 0.0331019
170 0.0331019
171 0.0331019
172 0.0331019
173 0.0331019
174 0.0331019
175 0.0331019
176 0.0331019
177 0.0331019
178 0.0331019
179 0.0331019
180 0.0331019
181 0.0331019
182 0.0331019
183 0.0331019
184 0.0331019
185 0.0331019
186 0.0331019
187 0.0331019
188 0.0331019
189 0.0331019
190 0.0331019
191 0.0331019
192 0.0331019
193 0.0331019
194 0.0331019
195 0.0331019
196 0.0331019
197 0.0331019
198 0.0331019
199 0.0331019
200 0.0331019
201 0.0331019
202 0.0331019
203 0.0331019
204 0.0331019
205 0.0331019
206 0.0331019
207 0.0331019
208 0.0331019
209 0.0331019
210 0.0331019
211 0.0331019
212 0.0331019
213 0.0331019
214 0.0331019
215 0.0331019
216 0.0331019
217 0.0331019
218 0.0331019
219 0.0331019
220 0.0331019
221 0.0331019
222 0.0331019
223 0.0331019
224 0.0331019
225 0.0331019
226 0.0331019
227 0.0331019
228 0.0331019
229 0.0331019
230 0.0331019
231 0.0331019
232 0.0331019
233 0.0331019
234 0.0331019
235 0.0331019
236 0.0331019
237 0.0331019
238 0.0331019
239 0.0331019
240 0.0331019
241 0.0331019
242 0.0331019
243 0.0331019
244 0.0331019
245 0.0331019
246 0.0331019
247 0.0331019
248 0.0331019
249 0.0331019
250 0.0331019
251 0.0331019
252 0.0331019
253 0.0331019
254 0.0331019
255 0.0331019
256 0.0331019
257 0.0331019
258 0.0331019
259 0.0331019
260 0.0331019
261 0.0331019
262 0.0331019
263 0.0331019
264 0.0331019
265 0.0331019
266 0.0331019
267 0.0331019
268 0.0331019
269 0.0331019
270 0.0331019
271 0.0331019
272 0.0331019
273 0.0331019
274 0.0331019
275 0.0331019
276 0.0331019
277 0.0331019
278 0.0331019
279 0.0331019
280 0.0331019
281 0.0331019
282 0.0331019
283 0.0331019
284 0.0331019
285 0.0331019
286 0.0331019
287 0.0331019
288 0.0331019
289 0.0331019
290 0.0331019
291 0.0331019
292 0.0331019
293 0.0331019
294 0.0331019
295 0.0331019
296 0.0331019
297 0.0331019
298 0.0331019
299 0.0331019
300 0.0331019
301 0.0331019
302 0.0331019
303 0.0331019
304 0.0331019
305 0.0331019
306 0.0331019
307 0.0331019
308 0.0331019
309 0.0331019
310 0.0331019
311 0.0331019
312 0.0331019
313 0.0331019
314 0.0331019
315 0.0331019
316 0.0331019
317 0.0331019
318 0.0331019
319 0.0331019
320 0.0331019
321 0.0331019
322 0.0331019
323 0.0331019
324 0.0331019
325 0.0331019
326 0.0331019
327 0.0331019
328 0.0331019
329 0.0331019
330 0.0331019
331 0.0331019
332 0.0331019
333 0.0331019
334 0.0331019
335 0.0331019
336 0.0331019
337 0.0331019
338 0.0331019
339 0.0331019
340 0.0331019
341 0.0331019
342 0.0331019
343 0.0331019
344 0.0331019
345 0.0331019
346 0.0331019
347 0.0331019
348 0.0331019
349 0.0331019
350 0.0331019
351 0.0331019
352 0.0331019
353 0.0331019
354 0.0331019
355 0.0331019
356 0.0331019
357 0.0331019
358 0.0331019
359 0.0331019
360 0.0331019
361 0.0331019
362 0.0331019
363 0.0331019
364 0.0331019
365 0.0331019
366 0.0331019
367 0.0331019
368 0.0331019
369 0.0331019
370 0.0331019
371 0.0331019
372 0.0331019
373 0.0331019
374 0.0331019
375 0.0331019
376 0.0331019
377 0.0331019
378 0.0331019
379 0.0331019
380 0.0331019
381 0.0331019
382 0.0331019
383 0.0331019
384 0.0331019
385 0.0331019
386 0.0331019
387 0.0331019
388 0.0331019
389 0.0331019
390 0.0331019
391 0.0331019
392 0.0331019
393 0.0331019
394 0.0331019
395 0.0331019
396 0.0331019
397 0.0331019
398 0.0331019
399 0.0331019
400 0.0331019
401 0.0331019
402 0.0331019
403 0.0331019
404 0.0331019
405 0.0331019
406 0.0331019
407 0.0331019
408 0.0331019
409 0.0331019
410 0.0331019
411 0.0331019
412 0.0331019
413 0.0331019
414 0.0331019
415 0.0331019
416 0.0331019
417 0.0331019
418 0.0331019
419 0.0331019
420 0.0331019
421 0.0331019
422 0.0331019
423 0.0331019
424 0.0331019
425 0.0331019
426 0.0331019
427 0.0331019
428 0.0331019
429 0.0331019
430 0.0331019
431 0.0331019
432 0.0331019
433 0.0331019
434 0.0331019
435 0.0331019
436 0.0331019
437 0.0331019
438 0.0331019
439 0.0331019
440 0.0331019
441 0.0331019
442 0.0331019
443 0.0331019
444 0.0331019
445 0.0331019
446 0.0331019
447 0.0331019
448 0.0331019
449 0.0331019
450 0.0331019
451 0.0331019
452 0.0331019
453 0.0331019
454 0.0331019
455 0.0331019
456 0.0331019
457 0.0331019
458 0.0331019
459 0.0331019
460 0.0331019
461 0.0331019
462 0.0331019
463 0.0331019
464 0.0331019
465 0.0331019
466 0.0331019
467 0.0331019
468 0.0331019
469 0.0331019
470 0.0331019
471 0.0331019
472 0.0331019
473 0.0331019
474 0.0331019
475 0.0331019
476 0.0331019
477 0.0331019
478 0.0331019
479 0.0331019
480 0.0331019
481 0.0331019
482 0.0331019
483 0.0331019
484 0.0331019
485 0.0331019
486 0.0331019
487 0.0331019
488 0.0331019
489 0.0331019
490 0.0331019
491 0.0331019
492 0.0331019
493 0.0331019
494 0.0331019
495 0.0331019
496 0.0331019
497 0.0331019
498 0.0331019
499 0.0331019
500 0.0331019
501 0.0331019
502 0.0331019
503 0.0331019
504 0.0331019
505 0.0331019
506 0.0331019
507 0.0331019
508 0.0331019
509 0.0331019
510 0.0331019
511 0.0331019
512 0.0331019
513 0.0331019
514 0.0331019
515 0.0331019
516 0.0331019
517 0.0331019
518 0.0331019
519 0.0331019
520 0.0331019
521 0.0331019
522 0.0331019
523 0.0331019
524 0.0331019
525 0.0331019
526 0.0331019
527 0.0331019
528 0.0331019
529 0.0331019
530 0.0331019
531 0.0331019
532 0.0331019
533 0.0331019
534 0.0331019
535 0.0331019
536 0.0331019
537 0.0331019
538 0.0331019
539 0.0331019
540 0.0331019
541 0.0331019
542 0.0331019
543 0.0331019
544 0.0331019
545 0.0331019
546 0.0331019
547 0.0331019
548 0.0331019
549 0.0331019
550 0.0331019
551 0.0331019
552 0.0331019
553 0.0331019
554 0.0331019
555 0.0331019
556 0.0331019
557 0.0331019
558 0.0331019
559 0.0331019
560 0.0331019
561 0.0331019
562 0.0331019
563 0.0331019
564 0.0331019
565 0.0331019
566 0.0331019
567 0.0331019
568 0.0331019
569 0.0331019
570 0.0331019
571 0.0331019
572 0.0331019
573 0.0331019
574 0.0331019
575 0.0331019
576 0.0331019
577 0.0331019
578 0.0331019
579 0.0331019
580 0.0331019
581 0.0331019
582 0.0331019
583 0.0331019
584 0.0331019
585 0.0331019
586 0.0331019
587 0.0331019
588 0.0331019
589 0.0331019
590 0.0331019
591 0.0331019
592 0.0331019
593 0.0331019
594 0.0331019
595 0.0331019
596 0.0331019
597 0.0331019
598 0.0331019
599 0.0331019
600 0.0331019
601 0.0331019
602 0.0331019
603 0.0331019
604 0.0331019
605 0.0331019
606 0.0331019
607 0.0331019
608 0.0331019
609 0.0331019
610 0.0331019
611 0.0331019
612 0.0331019
613 0.0331019
614 0.0331019
615 0.0331019
616 0.0331019
617 0.0331019
618 0.0331019
619 0.0331019
620 0.0331019
621 0.0331019
622 0.0331019
623 0.0331019
624 0.0331019
625 0.0331019
626 0.0331019
627 0.0331019
628 0.0331019
629 0.0331019
630 0.0331019
631 0.0331019
632 0.0331019
633 0.0331019
634 0.0331019
635 0.0331019
636 0.0331019
637 0.0331019
638 0.0331019
639 0.0331019
640 0.0331019
641 0.0331019
