0 0.00795904
1 0.00890192
2 0.0147938
3 0.0149271
4 0.0169169
5 0.0190044
6 0.0234624
7 0.0242688
8 0.0259458
9 0.0263597
10 0.0276851
11 0.0301494
12 0.0323506
13 0.0323506
14 0.0360832
15 0.0360832
16 0.0361713
17 0.0388961
18 0.0395198
19 0.0397683
20 0.0397683
21 0.0417671
22 0.0425984
23 0.0443881
24 0.0443881
25 0.0443881
26 0.0443881
27 0.0455734
28 0.0458459
29 0.0468345
30 0.0468345
31 0.0468345
32 0.0468345
33 0.0468345
34 0.0468345
35 0.0468345
36 0.0468345
37 0.0468345
38 0.0468345
39 0.0468345
40 0.0468345
41 0.0468345
42 0.04699
43 0.04699
44 0.04699
45 0.04699
46 0.04699
47 0.04699
48 0.0491688
49 0.0491688
50 0.0491688
51 0.0493742
52 0.0493742
53 0.0493742
54 0.0521444
55 0.0521444
56 0.0521444
57 0.0521444
58 0.0521444
59 0.0521444
60 0.0521444
61 0.0521444
62 0.0521444
63 0.0521444
64 0.0521444
65 0.0521444
66 0.0521444
67 0.0521444
68 0.0521444
69 0.0521444
70 0.0521444
71 0.0521444
72 0.0521444
73 0.0532102
74 0.0532102
75 0.0537205
76 0.0537205
77 0.0537205
78 0.0537205
79 0.0549335
80 0.0549335
81 0.0549335
82 0.0549335
83 0.0561046
84 0.0561046
85 0.0561046
86 0.0561046
87 0.0561046
88 0.0561046
89 0.0578942
90 0.0578942
91 0.0578942
92 0.0578942
93 0.0578942
94 0.0578942
95 0.0578942
96 0.0578942
97 0.0578942
98 0.0578942
99 0.0578942
100 0.0584584
101 0.0584584
102 0.0584584
103 0.0584584
104 0.0584584
105 0.0584584
106 0.0584584
107 0.0584584
108 0.0584584
109 0.0584584
110 0.0587693
111 0.0587693
112 0.0607915
113 0.0607915
114 0.0607915
115 0.0607915
116 0.0607915
117 0.061296
118 0.061296
119 0.061296
120 0.061296
121 0.061296
122 0.061296
123 0.061296
124 0.061296
125 0.061296
126 0.061296
127 0.061296
128 0.061296
129 0.061296
130 0.061296
131 0.061296
132 0.061296
133 0.061296
134 0.061296
135 0.061296
136 0.061296
137 0.061296
138 0.061296
139 0.061296
140 0.061296
141 0.061296
142 0.061296
143 0.061296
144 0.061296
145 0.061296
146 0.061296
147 0.0617682
148 0.0617682
149 0.0621885
150 0.0621885
151 0.0621885
152 0.0621885
153 0.0621885
154 0.0621885
155 0.0621885
156 0.0621885
157 0.0621885
158 0.0621885
159 0.0621885
160 0.0621885
161 0.0621885
162 0.0621885
163 0.0621885
164 0.0621885
165 0.0621885
166 0.0621885
167 0.0621885
168 0.0621885
169 0.0621885
170 0.0621885
171 0.0621885
172 0.0621885
173 0.0621885
174 0.0621885
175 0.0621885
176 0.0621885
177 0.0621885
178 0.0621885
179 0.0621885
180 0.0621885
181 0.0621885
182 0.0621885
183 0.0621885
184 0.0621885
185 0.0621885
186 0.0621885
187 0.0621885
188 0.0621885
189 0.0621885
190 0.0621885
191 0.0621885
192 0.0621885
193 0.0621885
194 0.0621885
195 0.0621885
196 0.0621885
197 0.0621885
198 0.0621885
199 0.0621885
200 0.0621885
201 0.0621885
202 0.0621885
203 0.0621885
204 0.0621885
205 0.0621885
206 0.0621885
207 0.0621885
208 0.0621885
209 0.0621885
210 0.0621885
211 0.0621885
212 0.0621885
213 0.0621885
214 0.0621885
215 0.0621885
216 0.0621885
217 0.0621885
218 0.0621885
219 0.0621885
220 0.0621885
221 0.0621885
222 0.0621885
223 0.0621885
224 0.0621885
225 0.0621885
226 0.0621885
227 0.0621885
228 0.0621885
229 0.0621885
230 0.0621885
231 0.0621885
232 0.0621885
233 0.0621885
234 0.0621885
235 0.0631412
236 0.0631412
237 0.0631412
238 0.0631412
239 0.0631412
240 0.0631412
241 0.0631412
242 0.0631412
243 0.0631412
244 0.0631412
245 0.0631412
246 0.0631412
247 0.0631412
248 0.0631412
249 0.0631412
250 0.0631412
251 0.0631412
252 0.0631412
253 0.0631412
254 0.0631412
255 0.0631412
256 0.0631412
257 0.0631412
258 0.0631412
259 0.0631412
260 0.0631412
261 0.0631412
262 0.0631412
263 0.0631412
264 0.0631412
265 0.0631412
266 0.0631412
267 0.0631412
268 0.0631412
269 0.0631412
270 0.0631412
271 0.0631412
272 0.0631412
273 0.0631412
274 0.0631412
275 0.0631412
276 0.0631412
277 0.0631412
278 0.0631412
279 0.0631412
280 0.0631412
281 0.0631412
282 0.0631412
283 0.0631412
284 0.0631412
285 0.0631412
286 0.0632428
287 0.0632428
288 0.0632428
289 0.0632428
290 0.0632428
291 0.0632428
292 0.0632428
293 0.0632428
294 0.0632428
295 0.0632428
296 0.063581
297 0.063581
298 0.063581
299 0.063581
300 0.063581
301 0.063581
302 0.063581
303 0.063581
304 0.063581
305 0.063581
306 0.063581
307 0.063581
308 0.063581
309 0.063581
310 0.063581
311 0.063581
312 0.063581
313 0.063581
314 0.063581
315 0.063581
316 0.063581
317 0.063581
318 0.063581
319 0.063581
320 0.063581
321 0.063581
322 0.063581
323 0.063581
324 0.063581
325 0.063581
326 0.063581
327 0.063581
328 0.063581
329 0.063581
330 0.063581
331 0.063581
332 0.063581
333 0.063581
334 0.063581
335 0.063581
336 0.063581
337 0.063581
338 0.063581
339 0.063581
340 0.063581
341 0.063581
342 0.063581
343 0.063581
344 0.063581
345 0.063581
346 0.063581
347 0.063581
348 0.063581
349 0.063581
350 0.063581
351 0.063581
352 0.063581
353 0.063581
354 0.063581
355 0.063581
356 0.063581
357 0.063581
358 0.063581
359 0.063581
360 0.063581
361 0.063581
362 0.063581
363 0.063581
364 0.063581
365 0.063581
366 0.063581
367 0.063581
368 0.063581
369 0.063581
370 0.063581
371 0.063581
372 0.063581
373 0.063581
374 0.063581
375 0.063581
376 0.063581
377 0.063581
378 0.063581
379 0.063581
380 0.063581
381 0.063581
382 0.063581
383 0.063581
384 0.063581
385 0.063581
386 0.063581
387 0.063581
388 0.063581
389 0.063581
390 0.063581
391 0.063581
392 0.063581
393 0.063581
394 0.063581
395 0.063581
396 0.063581
397 0.063581
398 0.063581
399 0.063581
400 0.063581
401 0.063581
402 0.063581
403 0.063581
404 0.063581
405 0.063581
406 0.063581
407 0.063581
408 0.063581
409 0.063581
410 0.063581
411 0.063581
412 0.063581
413 0.063581
414 0.063581
415 0.063581
416 0.063581
417 0.063581
418 0.063581
419 0.063581
420 0.063581
421 0.063581
422 0.063581
423 0.063581
424 0.063581
425 0.063581
426 0.063581
427 0.063581
428 0.063581
429 0.063581
430 0.063581
431 0.063581
432 0.063581
433 0.063581
434 0.063581
435 0.063581
436 0.063581
437 0.063581
438 0.063581
439 0.063581
440 0.063581
441 0.063581
442 0.063581
443 0.063581
444 0.063581
445 0.063581
446 0.063581
447 0.063581
448 0.063581
449 0.063581
450 0.063581
451 0.063581
452 0.063581
453 0.063581
454 0.063581
455 0.063581
456 0.063581
457 0.063581
458 0.063581
459 0.063581
460 0.063581
461 0.063581
462 0.063581
463 0.063581
464 0.063581
465 0.063581
466 0.063581
467 0.063581
468 0.063581
469 0.063581
470 0.063581
471 0.063581
472 0.063581
473 0.063581
474 0.063581
475 0.063581
476 0.063581
477 0.063581
478 0.063581
479 0.063581
480 0.063581
481 0.063581
482 0.063581
483 0.063581
484 0.063581
485 0.063581
486 0.063581
487 0.063581
488 0.063581
489 0.063581
490 0.063581
491 0.063581
492 0.063581
493 0.063581
494 0.063581
495 0.063581
496 0.063581
497 0.063581
498 0.063581
499 0.063581
500 0.063581
501 0.063581
502 0.063581
503 0.063581
504 0.063581
505 0.063581
506 0.063581
507 0.063581
508 0.063581
509 0.063581
510 0.063581
511 0.063581
512 0.063581
513 0.063581
514 0.063581
515 0.063581
516 0.063581
517 0.063581
518 0.063581
519 0.063581
520 0.063581
521 0.063581
522 0.063581
523 0.063581
524 0.063581
525 0.063581
526 0.063581
527 0.063581
528 0.063581
529 0.063581
530 0.063581
531 0.063581
532 0.063581
533 0.063581
534 0.063581
535 0.063581
536 0.063581
537 0.063581
538 0.063581
539 0.063581
540 0.063581
541 0.063581
542 0.063581
543 0.063581
544 0.063581
545 0.063581
546 0.063581
547 0.063581
548 0.063581
549 0.063581
550 0.063581
551 0.063581
552 0.063581
553 0.063581
554 0.063581
555 0.063581
556 0.063581
557 0.063581
558 0.063581
559 0.063581
560 0.063581
561 0.063581
562 0.063581
563 0.063581
564 0.063581
565 0.063581
566 0.063581
567 0.063581
568 0.063581
569 0.063581
570 0.063581
571 0.063581
572 0.063581
573 0.063581
574 0.063581
575 0.063581
576 0.063581
577 0.063581
578 0.063581
579 0.0635977
580 0.0635977
581 0.0635977
582 0.0635977
583 0.0635977
584 0.0635977
585 0.0635977
586 0.0635977
587 0.0635977
588 0.0635977
589 0.0635977
590 0.0635977
591 0.0635977
592 0.0635977
593 0.0635977
594 0.0635977
595 0.0635977
596 0.0635977
597 0.0635977
598 0.0635977
599 0.0635977
600 0.0635977
601 0.0635977
602 0.0635977
603 0.0635977
604 0.0635977
605 0.0635977
606 0.0635977
607 0.0635977
608 0.0635977
609 0.0635977
610 0.0635977
611 0.0635977
612 0.0635977
613 0.0635977
614 0.0635977
615 0.0635977
616 0.0635977
617 0.0635977
618 0.0635977
619 0.0635977
620 0.0635977
621 0.0635977
622 0.0635977
623 0.0635977
624 0.0635977
625 0.0635977
626 0.0635977
627 0.0635977
628 0.0635977
629 0.0635977
630 0.0635977
631 0.0635977
632 0.0635977
633 0.0635977
634 0.0635977
635 0.0635977
636 0.0635977
637 0.0635977
638 0.0635977
639 0.0635977
640 0.0635977
641 0.0635977
642 0.0635977
643 0.0635977
644 0.0635977
645 0.0635977
646 0.0635977
647 0.0635977
648 0.0635977
649 0.0635977
650 0.0635977
651 0.0635977
652 0.0635977
653 0.0635977
654 0.0635977
655 0.0635977
656 0.0635977
657 0.0635977
658 0.0635977
659 0.0635977
660 0.0635977
661 0.0635977
662 0.0635977
663 0.0635977
664 0.0635977
665 0.0635977
666 0.0635977
667 0.0635977
668 0.0635977
669 0.0635977
670 0.0635977
671 0.0635977
672 0.0635977
673 0.0635977
674 0.0635977
675 0.0635977
676 0.0635977
677 0.0635977
678 0.0635977
679 0.0635977
680 0.0635977
681 0.0635977
682 0.0635977
683 0.0635977
684 0.0635977
685 0.0635977
686 0.0635977
687 0.0635977
688 0.0635977
689 0.0635977
690 0.0635977
691 0.0635977
692 0.0635977
693 0.0635977
694 0.0635977
695 0.0635977
696 0.0635977
697 0.0635977
698 0.0635977
699 0.0635977
700 0.0635977
701 0.0635977
702 0.0635977
703 0.0635977
704 0.0635977
705 0.0635977
706 0.0635977
707 0.0635977
708 0.0635977
709 0.0635977
710 0.0635977
711 0.0635977
712 0.0635977
713 0.0635977
714 0.0635977
715 0.0635977
716 0.0635977
717 0.0635977
718 0.0635977
719 0.0635977
720 0.0635977
721 0.0635977
722 0.0635977
723 0.0635977
724 0.0635977
725 0.0635977
726 0.0635977
727 0.0635977
728 0.0635977
729 0.0635977
730 0.0635977
731 0.0635977
732 0.0635977
733 0.0635977
734 0.0635977
735 0.0635977
736 0.0635977
737 0.0635977
738 0.0635977
739 0.0635977
740 0.0635977
741 0.0635977
742 0.0635977
743 0.0635977
744 0.0635977
745 0.0635977
746 0.0635977
747 0.0635977
748 0.0635977
749 0.0635977
750 0.0635977
751 0.0635977
752 0.0635977
753 0.0635977
754 0.0635977
755 0.0635977
756 0.0635977
757 0.0635977
758 0.0635977
759 0.0635977
760 0.0635977
761 0.0635977
762 0.0635977
763 0.0635977
764 0.0635977
765 0.0635977
766 0.0635977
767 0.0635977
768 0.0635977
769 0.0635977
770 0.0635977
771 0.0635977
772 0.0635977
773 0.0635977
774 0.0635977
775 0.0635977
776 0.0635977
777 0.0635977
778 0.0635977
779 0.0635977
780 0.0635977
781 0.0635977
782 0.0635977
783 0.0635977
784 0.0635977
785 0.0635977
786 0.0635977
787 0.0635977
788 0.0635977
789 0.0635977
790 0.0635977
791 0.0635977
792 0.0635977
793 0.0635977
794 0.0635977
795 0.0635977
796 0.0635977
797 0.0635977
798 0.0635977
799 0.0635977
800 0.0635977
801 0.0635977
802 0.0635977
803 0.0635977
804 0.0635977
805 0.0635977
806 0.0635977
807 0.0635977
808 0.0635977
809 0.0635977
810 0.0635977
811 0.0635977
812 0.0635977
813 0.0635977
814 0.0635977
815 0.0635977
816 0.0635977
817 0.0635977
818 0.0635977
819 0.0635977
820 0.0635977
821 0.0635977
822 0.0635977
823 0.0635977
824 0.0635977
825 0.0635977
826 0.0635977
827 0.0635977
828 0.0635977
829 0.0635977
830 0.0635977
831 0.0635977
832 0.0635977
833 0.0635977
834 0.0635977
835 0.0635977
836 0.0635977
837 0.0635977
838 0.0635977
839 0.0635977
840 0.0635977
841 0.0635977
842 0.0635977
843 0.0635977
844 0.0635977
845 0.0635977
846 0.0635977
847 0.0635977
848 0.0635977
849 0.0635977
850 0.0635977
851 0.0635977
852 0.0635977
853 0.0635977
854 0.0635977
855 0.0635977
856 0.0635977
857 0.0635977
858 0.0635977
859 0.0635977
860 0.0635977
861 0.0635977
862 0.0635977
863 0.0635977
864 0.0635977
865 0.0635977
866 0.0635977
867 0.0635977
868 0.0635977
869 0.0635977
870 0.063606
871 0.0636181
872 0.0636181
873 0.0636181
874 0.0636181
875 0.0636181
876 0.0636181
877 0.0636181
878 0.0636181
879 0.0636181
880 0.0636181
881 0.0636181
882 0.0636181
883 0.0636181
884 0.0636181
885 0.0636181
886 0.0636181
887 0.0636181
888 0.0636181
889 0.0636181
890 0.0636181
891 0.0636181
892 0.0636181
893 0.0636181
894 0.0636181
895 0.0636181
896 0.0636181
897 0.0636181
898 0.0636181
899 0.0636181
900 0.0636181
901 0.0636181
902 0.0636181
903 0.0636181
904 0.0636181
905 0.0636181
906 0.0636181
907 0.0636181
908 0.0636181
909 0.0636181
910 0.0636181
911 0.0636181
912 0.0636181
913 0.0636181
914 0.0636181
915 0.0636181
916 0.0636181
917 0.0636181
918 0.0636181
919 0.0636181
920 0.0636181
921 0.0636181
922 0.0636181
923 0.0636181
924 0.0636181
925 0.0636181
926 0.0636181
927 0.0636181
928 0.0636181
929 0.0636181
930 0.0636181
931 0.0636181
932 0.0636181
933 0.0636181
934 0.0636181
935 0.0636181
936 0.0636181
937 0.0636181
938 0.0636181
939 0.0636181
940 0.0636181
941 0.0636181
942 0.0636181
943 0.0636181
944 0.0636181
945 0.0636181
946 0.0636181
947 0.0636181
948 0.0636181
949 0.0636181
950 0.0636181
951 0.0636181
952 0.0636181
953 0.0636181
954 0.0636181
955 0.0636181
956 0.0636181
957 0.0636181
958 0.0636181
959 0.0636181
960 0.0636181
961 0.0636181
962 0.0636181
963 0.0636181
964 0.0636181
965 0.0636181
966 0.0636181
967 0.0636181
968 0.0636181
969 0.0636181
970 0.0636181
971 0.0636181
972 0.0636181
973 0.0636181
974 0.0636181
975 0.0636181
976 0.0636181
977 0.0636181
978 0.0636181
979 0.0636181
980 0.0636181
981 0.0636181
982 0.0636181
983 0.0636181
984 0.0636181
985 0.0636181
986 0.0636181
987 0.0636181
988 0.0636181
989 0.0636181
990 0.0636181
991 0.0636181
992 0.0636181
993 0.0636181
994 0.0636181
995 0.0636181
996 0.0636181
997 0.0636181
998 0.0636181
999 0.0636181
1000 0.0636181
1001 0.0636181
1002 0.0636181
1003 0.0636181
1004 0.0636181
1005 0.0636181
1006 0.0636181
1007 0.0636181
1008 0.0636181
1009 0.0636181
1010 0.0636181
1011 0.0636181
1012 0.0636181
1013 0.0636181
1014 0.0636181
1015 0.0636181
1016 0.0636181
1017 0.0636181
1018 0.0636181
1019 0.0636181
1020 0.0636181
1021 0.0636181
1022 0.0636181
1023 0.0636181
1024 0.0636181
1025 0.0636181
1026 0.0636181
1027 0.0636181
1028 0.0636181
1029 0.0636181
1030 0.0636181
1031 0.0636181
1032 0.0636181
1033 0.0636181
1034 0.0636181
1035 0.0636181
1036 0.0636181
1037 0.0636181
1038 0.0636181
1039 0.0636181
1040 0.0636181
1041 0.0636181
1042 0.0636181
1043 0.0636181
1044 0.0636181
1045 0.0636181
1046 0.0636181
1047 0.0636181
1048 0.0636181
1049 0.0636181
1050 0.0636181
1051 0.0636181
1052 0.0636181
1053 0.0636181
1054 0.0636181
1055 0.0636181
1056 0.0636181
1057 0.0636181
1058 0.0636181
1059 0.0636181
1060 0.0636181
1061 0.0636181
1062 0.0636181
1063 0.0636181
1064 0.0636181
1065 0.0636181
1066 0.0636181
1067 0.0636181
1068 0.0636181
1069 0.0636181
1070 0.0636181
1071 0.0636181
1072 0.0636181
1073 0.0636181
1074 0.0636181
1075 0.0636181
1076 0.0636181
1077 0.0636181
1078 0.0636181
1079 0.0636181
1080 0.0636181
1081 0.0636181
1082 0.0636181
1083 0.0636181
1084 0.0636181
1085 0.0636181
1086 0.0636181
1087 0.0636181
1088 0.0636181
1089 0.0636181
1090 0.0636181
1091 0.0636181
1092 0.0636181
1093 0.0636181
1094 0.0636181
1095 0.0636181
1096 0.0636181
1097 0.0636181
1098 0.0636181
1099 0.0636181
1100 0.0636181
1101 0.0636181
1102 0.0636181
1103 0.0636181
1104 0.0636181
1105 0.0636181
1106 0.0636181
1107 0.0636181
1108 0.0636181
1109 0.0636181
1110 0.0636181
1111 0.0636181
1112 0.0636181
1113 0.0636181
1114 0.0636181
1115 0.0636181
1116 0.0636181
1117 0.0636181
1118 0.0636181
1119 0.0636181
1120 0.0636181
1121 0.0636181
1122 0.0636181
1123 0.0636181
1124 0.0636181
1125 0.0636181
1126 0.0636181
1127 0.0636181
1128 0.0636181
1129 0.0636181
1130 0.0636181
1131 0.0636181
1132 0.0636181
1133 0.0636181
1134 0.0636181
1135 0.0636181
1136 0.0636181
1137 0.0636181
1138 0.0636181
1139 0.0636181
1140 0.0636181
1141 0.0636181
1142 0.0636181
1143 0.0636181
1144 0.0636181
1145 0.0636181
1146 0.0636181
1147 0.0636181
1148 0.0636181
1149 0.0636181
1150 0.0636181
1151 0.0636181
1152 0.0636181
1153 0.0636181
1154 0.0636181
1155 0.0636181
1156 0.0636181
1157 0.0636181
1158 0.0636181
1159 0.0636181
1160 0.0636181
1161 0.0636181
1162 0.0636181
1163 0.0636181
1164 0.0636181
1165 0.0636181
1166 0.0636181
1167 0.0636181
1168 0.0636181
1169 0.0636181
1170 0.0636181
1171 0.0636181
1172 0.0636181
1173 0.0636181
1174 0.0636181
1175 0.0636181
1176 0.0636181
1177 0.0636181
1178 0.0636181
1179 0.0636181
1180 0.0636181
1181 0.0636181
1182 0.0636181
1183 0.0636181
1184 0.0636181
1185 0.0636181
1186 0.0636181
1187 0.0636181
1188 0.0636181
1189 0.0636181
1190 0.0636181
1191 0.0636181
1192 0.0636181
1193 0.0636181
1194 0.0636181
1195 0.0636181
1196 0.0636181
1197 0.0636181
1198 0.0636181
1199 0.0636181
1200 0.0636181
1201 0.0636181
1202 0.0636181
1203 0.0636181
1204 0.0636181
1205 0.0636181
1206 0.0636181
1207 0.0636181
1208 0.0636181
1209 0.0636181
1210 0.0636181
1211 0.0636181
1212 0.0636181
1213 0.0636181
1214 0.0636181
1215 0.0636181
1216 0.0636181
1217 0.0636181
1218 0.0636181
1219 0.0636181
1220 0.0636181
1221 0.0636181
1222 0.0636181
1223 0.0636181
1224 0.0636181
1225 0.0636181
1226 0.0636181
1227 0.0636181
1228 0.0636181
1229 0.0636181
1230 0.0636181
1231 0.0636181
1232 0.0636181
1233 0.0636181
1234 0.0636181
1235 0.0636181
1236 0.0636181
1237 0.0636181
1238 0.0636181
1239 0.0636181
1240 0.0636181
1241 0.0636181
1242 0.0636181
1243 0.0636181
1244 0.0636181
1245 0.0636181
1246 0.0636181
1247 0.0636181
1248 0.0636181
1249 0.0636181
1250 0.0636181
1251 0.0636181
1252 0.0636181
1253 0.0636181
1254 0.0636181
1255 0.0636181
1256 0.0636181
1257 0.0636181
1258 0.0636181
1259 0.0636181
1260 0.0636181
1261 0.0636181
1262 0.0636181
1263 0.0636181
1264 0.0636181
1265 0.0636181
1266 0.0636181
1267 0.0636181
1268 0.0636181
1269 0.0636181
1270 0.0636181
1271 0.0636181
1272 0.0636181
1273 0.0636181
1274 0.0636181
1275 0.0636181
1276 0.0636181
1277 0.0636181
1278 0.0636181
1279 0.0636181
1280 0.0636181
1281 0.0636181
1282 0.0636181
1283 0.0636181
1284 0.0636181
1285 0.0636181
1286 0.0636181
1287 0.0636181
1288 0.0636181
1289 0.0636181
1290 0.0636181
1291 0.0636181
1292 0.0636181
1293 0.0636181
1294 0.0636181
1295 0.0636181
1296 0.0636181
1297 0.0636181
1298 0.0636181
1299 0.0636181
1300 0.0636181
1301 0.0636181
1302 0.0636181
1303 0.0636181
1304 0.0636181
1305 0.0636181
1306 0.0636181
1307 0.0636181
1308 0.0636181
1309 0.0636181
1310 0.0636181
1311 0.0636181
1312 0.0636181
1313 0.0636181
1314 0.0636181
1315 0.0636181
1316 0.0636181
1317 0.0636181
1318 0.0636181
1319 0.0636181
1320 0.0636181
1321 0.0636181
1322 0.0636181
1323 0.0636181
1324 0.0636181
1325 0.0636181
1326 0.0636181
1327 0.0636181
1328 0.0636181
1329 0.0636181
1330 0.0636181
1331 0.0636181
1332 0.0636181
1333 0.0636181
1334 0.0636181
1335 0.0636181
1336 0.0636181
1337 0.0636181
1338 0.0636181
1339 0.0636181
1340 0.0636181
1341 0.0636181
1342 0.0636181
1343 0.0636181
1344 0.0636181
1345 0.0636181
1346 0.0636181
1347 0.0636181
1348 0.0636181
1349 0.0636181
1350 0.0636181
1351 0.0636181
1352 0.0636181
1353 0.0636181
1354 0.0636181
1355 0.0636181
1356 0.0636181
1357 0.0636181
1358 0.0636181
1359 0.0636181
1360 0.0636181
1361 0.0636181
1362 0.0636181
1363 0.0636181
1364 0.0636181
1365 0.0636181
1366 0.0636181
1367 0.0636181
1368 0.0636181
1369 0.0636181
1370 0.0636181
1371 0.0636181
1372 0.0636181
1373 0.0636181
1374 0.0636181
1375 0.0636181
1376 0.0636181
1377 0.0636181
1378 0.0636181
1379 0.0636181
1380 0.0636181
1381 0.0636181
1382 0.0636181
1383 0.0636181
1384 0.0636181
1385 0.0636181
1386 0.0636181
1387 0.0636181
1388 0.0636181
1389 0.0636181
1390 0.0636181
1391 0.0636181
1392 0.0636181
1393 0.0636181
1394 0.0636181
1395 0.0636181
1396 0.0636181
1397 0.0636181
1398 0.0636181
1399 0.0636181
1400 0.0636181
1401 0.0636181
1402 0.0636181
1403 0.0636181
1404 0.0636181
1405 0.0636181
1406 0.0636181
1407 0.0636181
1408 0.0636181
1409 0.0636181
1410 0.0636181
1411 0.0636181
1412 0.0636181
1413 0.0636181
1414 0.0636181
1415 0.0636181
1416 0.0636181
1417 0.0636181
1418 0.0636181
1419 0.0636181
1420 0.0636181
1421 0.0636181
1422 0.0636181
1423 0.0636181
1424 0.0636181
1425 0.0636181
1426 0.0636181
1427 0.0636181
1428 0.0636181
1429 0.0636181
1430 0.0636181
1431 0.0636181
1432 0.0636181
1433 0.0636181
1434 0.0636181
1435 0.0636181
1436 0.0636181
1437 0.0636181
1438 0.0636181
1439 0.0636181
1440 0.0636181
1441 0.0636181
1442 0.0636181
1443 0.0636181
1444 0.0636181
1445 0.0636181
1446 0.0636181
1447 0.0636181
1448 0.0636181
1449 0.0636181
1450 0.0636181
1451 0.0636181
1452 0.0636181
1453 0.0636181
1454 0.0636181
1455 0.0636181
1456 0.0636181
1457 0.0636181
1458 0.0636181
1459 0.0636181
1460 0.0636181
1461 0.0636181
1462 0.0636181
1463 0.0636181
1464 0.0636181
1465 0.0636181
1466 0.0636181
1467 0.0636181
1468 0.0636181
1469 0.0636181
1470 0.0636181
1471 0.0636181
1472 0.0636181
1473 0.0636181
1474 0.0636181
1475 0.0636181
1476 0.0636181
1477 0.0636181
1478 0.0636181
1479 0.0636181
1480 0.0636181
1481 0.0636181
1482 0.0636181
1483 0.0636181
1484 0.0636181
1485 0.0636181
1486 0.0636181
1487 0.0636181
1488 0.0636181
1489 0.0636181
1490 0.0636181
1491 0.0636181
1492 0.0636181
1493 0.0636181
1494 0.0636181
1495 0.0636181
1496 0.0636181
1497 0.0636181
1498 0.0636181
1499 0.0636181
1500 0.0636181
1501 0.0636181
1502 0.0636181
1503 0.0636181
1504 0.0636181
1505 0.0636181
1506 0.0636181
1507 0.0636181
1508 0.0636181
1509 0.0636181
1510 0.0636181
1511 0.0636181
1512 0.0636181
1513 0.0636181
1514 0.0636181
1515 0.0636181
1516 0.0636181
1517 0.0636181
1518 0.0636181
1519 0.0636181
1520 0.0636181
1521 0.0636181
1522 0.0636181
1523 0.0636181
1524 0.0636181
1525 0.0636181
1526 0.0636181
1527 0.0636181
1528 0.0636181
1529 0.0636181
1530 0.0636181
1531 0.0636181
1532 0.0636181
1533 0.0636181
1534 0.0636181
1535 0.0636181
1536 0.0636181
1537 0.0636181
1538 0.0636181
1539 0.0636181
1540 0.0636181
1541 0.0636181
1542 0.0636181
1543 0.0636181
1544 0.0636181
1545 0.0636181
1546 0.0636181
1547 0.0636181
1548 0.0636181
1549 0.0636181
1550 0.0636181
1551 0.0636181
1552 0.0636181
1553 0.0636181
1554 0.0636181
1555 0.0636181
1556 0.0636181
1557 0.0636181
1558 0.0636181
1559 0.0636181
1560 0.0636181
1561 0.0636181
1562 0.0636181
1563 0.0636181
1564 0.0636181
1565 0.0636181
1566 0.0636181
1567 0.0636181
1568 0.0636181
1569 0.0636181
1570 0.0636181
1571 0.0636181
1572 0.0636181
1573 0.0636181
1574 0.0636181
1575 0.0636181
1576 0.0636181
1577 0.0636181
1578 0.0636181
1579 0.0636181
1580 0.0636181
1581 0.0636181
1582 0.0636181
1583 0.0636181
1584 0.0636181
1585 0.0636181
1586 0.0636181
1587 0.0636181
1588 0.0636181
1589 0.0636181
1590 0.0636181
1591 0.0636181
1592 0.0636181
1593 0.0636181
1594 0.0636181
1595 0.0636181
1596 0.0636181
1597 0.0636181
1598 0.0636181
1599 0.0636181
1600 0.0636181
1601 0.0636181
1602 0.0636181
1603 0.0636181
1604 0.0636181
1605 0.0636181
1606 0.0636181
1607 0.0636181
1608 0.0636181
1609 0.0636181
1610 0.0636181
1611 0.0636181
1612 0.0636181
1613 0.0636181
1614 0.0636181
1615 0.0636181
1616 0.0636181
1617 0.0636181
1618 0.0636181
1619 0.0636181
1620 0.0636181
1621 0.0636181
1622 0.0636181
1623 0.0636181
1624 0.0636181
1625 0.0636181
1626 0.0636181
1627 0.0636181
1628 0.0636181
1629 0.0636181
1630 0.0636181
1631 0.0636181
1632 0.0636181
1633 0.0636181
1634 0.0636181
1635 0.0636181
1636 0.0636181
1637 0.0636181
1638 0.0636181
1639 0.0636181
1640 0.0636181
1641 0.0636181
1642 0.0636181
1643 0.0636181
1644 0.0636181
1645 0.0636181
1646 0.0636181
1647 0.0636181
1648 0.0636181
1649 0.0636181
1650 0.0636181
1651 0.0636181
1652 0.0636181
1653 0.0636181
1654 0.0636181
1655 0.0636181
1656 0.0636181
1657 0.0636181
1658 0.0636181
1659 0.0636181
1660 0.0636181
1661 0.0636181
1662 0.0636181
1663 0.0636181
1664 0.0636181
1665 0.0636181
1666 0.0636181
1667 0.0636181
1668 0.0636181
1669 0.0636181
1670 0.0636181
1671 0.0636181
1672 0.0636181
1673 0.0636181
1674 0.0636181
1675 0.0636181
1676 0.0636181
1677 0.0636181
1678 0.0636181
1679 0.0636181
1680 0.0636181
1681 0.0636181
1682 0.0636181
1683 0.0636181
1684 0.0636433
1685 0.0636433
1686 0.0636433
1687 0.0636433
1688 0.0636433
1689 0.0636433
1690 0.0636433
1691 0.0636433
1692 0.0636433
1693 0.0636433
1694 0.0636433
1695 0.0636433
1696 0.0636433
1697 0.0636433
1698 0.0636433
1699 0.0636433
1700 0.0636433
1701 0.0636433
1702 0.0636433
1703 0.0636433
1704 0.0636433
1705 0.0636433
1706 0.0636433
1707 0.0636433
1708 0.0636433
1709 0.0636433
1710 0.0636433
1711 0.0636433
1712 0.0636433
1713 0.0636433
