0 0.00506938
1 0.00661494
2 0.00837351
3 0.00968673
4 0.0100283
5 0.010496
6 0.0105553
7 0.0116187
8 0.0125725
9 0.0187135
10 0.0249741
11 0.0264541
12 0.0269377
13 0.0272384
14 0.0274298
15 0.0287224
16 0.0308385
17 0.0312207
18 0.0347516
19 0.0356016
20 0.0356016
21 0.0356016
22 0.0364318
23 0.037495
24 0.037495
25 0.037495
26 0.040414
27 0.0408933
28 0.0408933
29 0.0411741
30 0.0411741
31 0.0414779
32 0.0414779
33 0.0421592
34 0.0441784
35 0.0441784
36 0.0441784
37 0.0441784
38 0.0441784
39 0.0443774
40 0.0443774
41 0.0443774
42 0.0443774
43 0.0443774
44 0.0443774
45 0.0443774
46 0.0443774
47 0.0458344
48 0.0458344
49 0.0458344
50 0.0469086
51 0.0477208
52 0.0482303
53 0.0482303
54 0.0482303
55 0.0482303
56 0.0482303
57 0.0482303
58 0.0490746
59 0.0490746
60 0.0490746
61 0.0503712
62 0.0503712
63 0.0503712
64 0.0503712
65 0.0503712
66 0.0503712
67 0.0503712
68 0.0503712
69 0.0503712
70 0.0511289
71 0.0511289
72 0.0511289
73 0.0511289
74 0.0511289
75 0.0511289
76 0.0511289
77 0.0511289
78 0.0511521
79 0.0511521
80 0.0511521
81 0.0519188
82 0.0519188
83 0.0519188
84 0.0519188
85 0.0519188
86 0.0519188
87 0.0519188
88 0.0519188
89 0.0519188
90 0.0519188
91 0.052945
92 0.052945
93 0.052945
94 0.052945
95 0.052945
96 0.052945
97 0.052945
98 0.052945
99 0.052945
100 0.052945
101 0.052945
102 0.052945
103 0.052945
104 0.052945
105 0.052945
106 0.052945
107 0.052945
108 0.052945
109 0.052945
110 0.052945
111 0.052945
112 0.052945
113 0.052945
114 0.052945
115 0.052945
116 0.052945
117 0.052945
118 0.052945
119 0.052945
120 0.052945
121 0.0529458
122 0.0529994
123 0.0529994
124 0.0529994
125 0.0529994
126 0.0529994
127 0.0529994
128 0.0529994
129 0.0529994
130 0.0529994
131 0.0529994
132 0.0529994
133 0.0529994
134 0.0529994
135 0.0534212
136 0.0534212
137 0.0534212
138 0.0534212
139 0.0534212
140 0.0534212
141 0.0534212
142 0.0534212
143 0.0534212
144 0.0534212
145 0.0534212
146 0.0534212
147 0.0534212
148 0.0534212
149 0.054117
150 0.054117
151 0.054117
152 0.054117
153 0.054117
154 0.054117
155 0.054117
156 0.054117
157 0.054117
158 0.054117
159 0.054117
160 0.054117
161 0.054117
162 0.054117
163 0.054117
164 0.054117
165 0.054117
166 0.054117
167 0.054117
168 0.054117
169 0.054117
170 0.054117
171 0.054117
172 0.054117
173 0.054117
174 0.054117
175 0.054117
176 0.054117
177 0.054117
178 0.054117
179 0.054117
180 0.054117
181 0.054117
182 0.054117
183 0.054117
184 0.054117
185 0.054117
186 0.054117
187 0.054117
188 0.054117
189 0.054117
190 0.054117
191 0.054117
192 0.0547951
193 0.0549819
194 0.0549819
195 0.0549819
196 0.0549819
197 0.0549819
198 0.0549819
199 0.0549819
200 0.0549819
201 0.0549819
202 0.0549819
203 0.0549819
204 0.0549819
205 0.0549819
206 0.0549819
207 0.0549819
208 0.0549819
209 0.0549819
210 0.0549819
211 0.0549819
212 0.0549819
213 0.0549819
214 0.0549819
215 0.0549819
216 0.0549819
217 0.0549819
218 0.0549819
219 0.0549819
220 0.0553798
221 0.0553798
222 0.0553798
223 0.0553798
224 0.0553798
225 0.0553798
226 0.0553798
227 0.0553798
228 0.0558351
229 0.0558351
230 0.0558351
231 0.0559964
232 0.0559964
233 0.0559964
234 0.0559964
235 0.0564775
236 0.0564775
237 0.0564775
238 0.0564775
239 0.0564775
240 0.056877
241 0.056877
242 0.056877
243 0.056877
244 0.056877
245 0.056877
246 0.056877
247 0.056877
248 0.056877
249 0.056877
250 0.056877
251 0.056877
252 0.056877
253 0.056877
254 0.056877
255 0.056877
256 0.056877
257 0.056877
258 0.056877
259 0.056877
260 0.056877
261 0.056877
262 0.056877
263 0.056877
264 0.056877
265 0.056877
266 0.056877
267 0.056877
268 0.056877
269 0.056877
270 0.056877
271 0.056877
272 0.056877
273 0.056877
274 0.056877
275 0.056877
276 0.056877
277 0.056877
278 0.056877
279 0.056877
280 0.056877
281 0.056877
282 0.056877
283 0.056877
284 0.056877
285 0.056877
286 0.056877
287 0.056877
288 0.056877
289 0.056877
290 0.056877
291 0.056877
292 0.056877
293 0.056877
294 0.056877
295 0.056877
296 0.056877
297 0.056877
298 0.056877
299 0.056877
300 0.056877
301 0.056877
302 0.056877
303 0.056877
304 0.056877
305 0.056877
306 0.056877
307 0.056877
308 0.056877
309 0.056877
310 0.056877
311 0.056877
312 0.056877
313 0.056877
314 0.056877
315 0.056877
316 0.056877
317 0.056877
318 0.056877
319 0.056877
320 0.056877
321 0.056877
322 0.056877
323 0.056877
324 0.056877
325 0.056877
326 0.056877
327 0.056877
328 0.056877
329 0.056877
330 0.056877
331 0.056877
332 0.056877
333 0.056877
334 0.056877
335 0.056877
336 0.056877
337 0.056877
338 0.056877
339 0.056877
340 0.056877
341 0.056877
342 0.056877
343 0.056877
344 0.056877
345 0.056877
346 0.056877
347 0.056877
348 0.056877
349 0.056877
350 0.056877
351 0.056877
352 0.056877
353 0.056877
354 0.056877
355 0.056877
356 0.056877
357 0.056877
358 0.056877
359 0.056877
360 0.056877
361 0.0569178
362 0.0569178
363 0.0569178
364 0.0569178
365 0.0569178
366 0.0569178
367 0.0572414
368 0.0572414
369 0.0572414
370 0.0572414
371 0.0580413
372 0.0580413
373 0.0580413
374 0.0580413
375 0.0580413
376 0.0580413
377 0.0580413
378 0.0580413
379 0.0580413
380 0.0580413
381 0.0580413
382 0.0580413
383 0.0580413
384 0.0580413
385 0.0580413
386 0.0580413
387 0.0580413
388 0.0580413
389 0.0580413
390 0.0580413
391 0.0580413
392 0.0580413
393 0.0580413
394 0.0580413
395 0.0580413
396 0.0580413
397 0.0580413
398 0.0580413
399 0.0580413
400 0.0580413
401 0.0580413
402 0.0580413
403 0.0580413
404 0.0580413
405 0.0580413
406 0.0580413
407 0.0580413
408 0.0580413
409 0.0580413
410 0.0580413
411 0.0580413
412 0.0580413
413 0.0580413
414 0.0580413
415 0.0580413
416 0.0580413
417 0.0580413
418 0.0580413
419 0.0580413
420 0.0580413
421 0.0580413
422 0.0580413
423 0.0580413
424 0.0580413
425 0.0580413
426 0.0580413
427 0.0580413
428 0.0580413
429 0.0580413
430 0.0580413
431 0.0580413
432 0.0580413
433 0.0580413
434 0.0580413
435 0.0580413
436 0.0580413
437 0.0580413
438 0.0580413
439 0.0580413
440 0.0580413
441 0.0580413
442 0.0580413
443 0.0582496
444 0.0582496
445 0.0582496
446 0.0582496
447 0.0582496
448 0.0582496
449 0.0582496
450 0.0582496
451 0.0582496
452 0.0582496
453 0.0582496
454 0.0582496
455 0.0582496
456 0.0582496
457 0.0582496
458 0.0582496
459 0.0582496
460 0.0582496
461 0.0582496
462 0.0582496
463 0.0582496
464 0.0582496
465 0.0582496
466 0.0582496
467 0.0582496
468 0.0582496
469 0.0582496
470 0.0582496
471 0.0582496
472 0.0582496
473 0.0582496
474 0.0582496
475 0.0582496
476 0.0582496
477 0.0582496
478 0.0582496
479 0.0582496
480 0.0582496
481 0.0582496
482 0.0582496
483 0.0582496
484 0.0582496
485 0.0582496
486 0.0582496
487 0.0582496
488 0.0582496
489 0.0582496
490 0.0582496
491 0.0582496
492 0.0582496
493 0.0582496
494 0.0582496
495 0.0582496
496 0.0582496
497 0.0582496
498 0.0582496
499 0.0582496
500 0.0582496
501 0.0582496
502 0.0582496
503 0.0582496
504 0.0582496
505 0.0582496
506 0.0582496
507 0.0582496
508 0.0582496
509 0.0582496
510 0.0582496
511 0.0582496
512 0.0582496
513 0.0582496
514 0.0582496
515 0.0582496
516 0.0582496
517 0.0582496
518 0.0582496
519 0.0582496
520 0.0582496
521 0.0582496
522 0.0582496
523 0.0582496
524 0.0582496
525 0.0582496
526 0.0582496
527 0.0582496
528 0.0582496
529 0.0582496
530 0.0582496
531 0.0582496
532 0.0582496
533 0.0582496
534 0.0582496
535 0.0582496
536 0.0582496
537 0.0582496
538 0.0582496
539 0.0582496
540 0.0582496
541 0.0582496
542 0.0582496
543 0.0582496
544 0.0582496
545 0.0582496
546 0.0582496
547 0.0582496
548 0.0582496
549 0.0582496
550 0.0582496
551 0.0582496
552 0.0582496
553 0.0582496
554 0.0582496
555 0.0582496
556 0.0582496
557 0.0582496
558 0.0582496
559 0.0582496
560 0.0582496
561 0.0582496
562 0.0582496
563 0.0582496
564 0.0582496
565 0.0582496
566 0.0582496
567 0.0582496
568 0.0582496
569 0.0582496
570 0.0582496
571 0.0582496
572 0.0582496
573 0.0582496
574 0.0582496
575 0.0582496
576 0.0582496
577 0.0582496
578 0.0582496
579 0.0582496
580 0.0582496
581 0.0582496
582 0.0582496
583 0.0582496
584 0.0582496
585 0.0582496
586 0.0582496
587 0.0582496
588 0.0582496
589 0.0582496
590 0.0582496
591 0.0582496
592 0.0582496
593 0.0582496
594 0.0582496
595 0.0582496
596 0.0582496
597 0.0582496
598 0.0582496
599 0.0582496
600 0.0582496
601 0.0582496
602 0.0582496
603 0.0582496
604 0.0582496
605 0.0582496
606 0.0582496
607 0.0582496
608 0.0582496
609 0.0582496
610 0.0582496
611 0.0582496
612 0.0582496
613 0.0582496
614 0.0582496
615 0.0582496
616 0.0582496
617 0.0582496
618 0.0582496
619 0.0582496
620 0.0582496
621 0.0582496
622 0.0582496
623 0.0582496
624 0.0582496
625 0.0582496
626 0.0582496
627 0.0582496
628 0.0582496
629 0.0582496
630 0.0582496
631 0.0582496
632 0.0582496
633 0.0582496
634 0.0582496
635 0.0582496
636 0.0582496
637 0.0582496
638 0.0582496
639 0.0582496
640 0.0582496
641 0.0582496
642 0.0582496
643 0.0582496
644 0.0582496
645 0.0582496
646 0.0582496
647 0.0582496
648 0.0582496
649 0.0582496
650 0.0582496
651 0.0582496
652 0.0582496
653 0.0582496
654 0.0582496
655 0.0582496
656 0.0582496
657 0.0582496
658 0.0582496
659 0.0582496
660 0.0582496
661 0.0582496
662 0.0582496
663 0.0582496
664 0.0582496
665 0.0582496
666 0.0582496
667 0.0582496
668 0.0582496
669 0.0582496
670 0.0582496
671 0.0582496
672 0.0582496
673 0.0582496
674 0.0582496
675 0.0582496
676 0.0582496
677 0.0582496
678 0.0582496
679 0.0582496
680 0.0582496
681 0.0582496
682 0.0582496
683 0.0582496
684 0.0582496
685 0.0582496
686 0.0582496
687 0.0582496
688 0.0582496
689 0.0582496
690 0.0582496
691 0.0582496
692 0.0582496
693 0.0582496
694 0.0582496
695 0.0582496
696 0.0582496
697 0.0582496
698 0.0582496
699 0.0582496
700 0.0582496
701 0.0582496
702 0.0582496
703 0.0582496
704 0.0582496
705 0.0582496
706 0.0582496
707 0.0582496
708 0.0582496
709 0.0582496
710 0.0582496
711 0.0582496
712 0.0582496
713 0.0582496
714 0.0582496
715 0.0582496
716 0.0582496
717 0.0582496
718 0.0582496
719 0.0582496
720 0.0582496
721 0.0582496
722 0.0582496
723 0.0582496
724 0.0582496
725 0.0582496
726 0.0582496
727 0.0582496
728 0.0582496
729 0.0582496
730 0.0582496
731 0.0582496
732 0.0582496
733 0.0582496
734 0.0582496
735 0.0582496
736 0.0582496
737 0.0582496
738 0.0582496
739 0.0582496
740 0.0582496
741 0.0582496
742 0.0582496
743 0.0582496
744 0.0582496
745 0.0582496
746 0.0582496
747 0.0582496
748 0.0582496
749 0.0582496
750 0.0582496
751 0.0582496
752 0.0582496
753 0.0582496
754 0.0582496
755 0.0582496
756 0.0582496
757 0.0582496
758 0.0582496
759 0.0582496
760 0.0582496
761 0.0582496
762 0.0582496
763 0.0582496
764 0.0582496
765 0.0582496
766 0.0582496
767 0.0582496
768 0.0582496
769 0.0582496
770 0.0582496
771 0.0582496
772 0.0582496
773 0.0582496
774 0.0582496
775 0.0582496
776 0.0582496
777 0.0582496
778 0.0582496
779 0.0582496
780 0.0582496
781 0.0582496
782 0.0582496
783 0.0583923
784 0.0583923
785 0.0583923
786 0.0583923
787 0.0583923
788 0.0583923
789 0.0583923
790 0.0583923
791 0.0583923
792 0.0583923
793 0.0583923
794 0.0583923
795 0.0583923
796 0.0583923
797 0.0583923
798 0.0583923
799 0.0583923
800 0.0583923
801 0.0583923
802 0.0583923
803 0.0583923
804 0.0583923
805 0.0583923
806 0.0583923
807 0.0583923
808 0.0583923
809 0.0583923
810 0.0583923
811 0.0583923
812 0.0583923
813 0.0583923
814 0.0583923
815 0.0583923
816 0.0583923
817 0.0583923
818 0.0583923
819 0.0583923
820 0.0583923
821 0.0583923
822 0.0583923
823 0.0583923
824 0.0583923
825 0.0583923
826 0.0583923
827 0.0583923
828 0.0583923
829 0.0583923
830 0.0583923
831 0.0583923
832 0.0583923
833 0.0583923
834 0.0583923
835 0.0583923
836 0.0583923
837 0.0583923
838 0.0583923
839 0.0583923
840 0.0583923
841 0.0583923
842 0.0583923
843 0.0583923
844 0.0583923
845 0.0583923
846 0.0583923
847 0.0583923
848 0.0583923
849 0.0583923
850 0.0583923
851 0.0583923
852 0.0583923
853 0.0583923
854 0.0583923
855 0.0583923
856 0.0583923
857 0.0583923
858 0.0583923
859 0.0583923
860 0.0583923
861 0.0583923
862 0.0583923
863 0.0583923
864 0.0583923
865 0.0583923
866 0.0583923
867 0.0583923
868 0.0583923
869 0.0583923
870 0.0583923
871 0.0583923
872 0.0583923
873 0.0583923
874 0.0583923
875 0.0583923
876 0.0583923
877 0.0583923
878 0.0583923
879 0.0583923
880 0.0583923
881 0.0583923
882 0.0583923
883 0.0583923
884 0.0583923
885 0.0583923
886 0.0583923
887 0.0583923
888 0.0583923
889 0.0583923
890 0.0583923
891 0.0583923
892 0.0583923
893 0.0583923
894 0.0583923
895 0.0583923
896 0.0583923
897 0.0583923
898 0.0583923
899 0.0583923
900 0.0583923
901 0.0583923
902 0.0583923
903 0.0583923
904 0.0583923
905 0.0583923
906 0.0583923
907 0.0583923
908 0.0583923
909 0.0583923
910 0.0583923
911 0.0583923
912 0.0583923
913 0.0583923
914 0.0583923
915 0.0583923
916 0.0583923
917 0.0583923
918 0.0583923
919 0.0583923
920 0.0583923
921 0.0583923
922 0.0583923
923 0.0583923
924 0.0583923
925 0.0583923
926 0.0583923
927 0.0583923
928 0.0583923
929 0.0583923
930 0.0583923
931 0.0583923
932 0.0583923
933 0.0583923
934 0.0583923
935 0.0583923
936 0.0583923
937 0.0583923
938 0.0583923
939 0.0583923
940 0.0583923
941 0.0583923
942 0.0583923
943 0.0583923
944 0.0583923
945 0.0583923
946 0.0583923
947 0.0583923
948 0.0583923
949 0.0583923
950 0.0583923
951 0.0583923
952 0.0583923
953 0.0583923
954 0.0583923
955 0.0583923
956 0.0583923
957 0.0583923
958 0.0583923
959 0.0583923
960 0.0583923
961 0.0583923
962 0.0583923
963 0.0583923
964 0.0583923
965 0.0583923
966 0.0583923
967 0.0583923
968 0.0583923
969 0.0583923
970 0.0583923
971 0.0583923
972 0.0583923
973 0.0583923
974 0.0583923
975 0.0583923
976 0.0583923
977 0.0583923
978 0.0583923
979 0.0583923
980 0.0583923
981 0.0583923
982 0.0583923
983 0.0583923
984 0.0583923
985 0.0583923
986 0.0583923
987 0.0583923
988 0.0583923
989 0.0583923
990 0.0583923
991 0.0583923
992 0.0583923
993 0.0583923
994 0.0583923
995 0.0583923
996 0.0583923
997 0.0583923
998 0.0583923
999 0.0583923
1000 0.0583923
1001 0.0583923
1002 0.0583923
1003 0.0583923
1004 0.0583923
1005 0.0583923
1006 0.0583923
1007 0.0583923
1008 0.0583923
1009 0.0583923
1010 0.0583923
1011 0.0583923
1012 0.0583923
1013 0.0583923
1014 0.0583923
1015 0.0583923
1016 0.0583923
1017 0.0583923
1018 0.0583923
1019 0.0583923
1020 0.0583923
1021 0.0583923
1022 0.0583923
1023 0.0583923
1024 0.0583923
1025 0.0583923
1026 0.0583923
1027 0.0583923
1028 0.0583923
1029 0.0583923
1030 0.0583923
1031 0.0583923
1032 0.0583923
1033 0.0583923
1034 0.0583923
1035 0.0583923
1036 0.0583923
1037 0.0583923
1038 0.0583923
1039 0.0583923
1040 0.0583923
1041 0.0583923
1042 0.0583923
1043 0.0583923
1044 0.0583923
1045 0.0583923
1046 0.0583923
1047 0.0583923
1048 0.0583923
1049 0.0583923
1050 0.0583923
1051 0.0583923
1052 0.0583923
1053 0.0583923
1054 0.0583923
1055 0.0583923
1056 0.0583923
1057 0.0583923
1058 0.0583923
1059 0.0583923
1060 0.0583923
1061 0.0583923
1062 0.0583923
1063 0.0583923
1064 0.0583923
1065 0.0583923
1066 0.0583923
1067 0.0583923
1068 0.0583923
1069 0.0583923
1070 0.0583923
1071 0.0583923
1072 0.0583923
1073 0.0583923
1074 0.0583923
1075 0.0583923
1076 0.0583923
1077 0.0583923
1078 0.0583923
1079 0.0583923
1080 0.0583923
1081 0.0583923
1082 0.0583923
1083 0.0583923
1084 0.0583923
1085 0.0583923
1086 0.0583923
1087 0.0583923
1088 0.0583923
1089 0.0583923
1090 0.0583923
1091 0.0583923
1092 0.0583923
1093 0.0583923
1094 0.0583923
1095 0.0583923
1096 0.0583923
1097 0.0583923
1098 0.0583923
1099 0.0583923
1100 0.0583923
1101 0.0583923
1102 0.0583923
1103 0.0583923
1104 0.0583923
1105 0.0583923
1106 0.0583923
1107 0.0583923
1108 0.0583923
1109 0.0583923
1110 0.0583923
1111 0.0583923
1112 0.0583923
1113 0.0583923
1114 0.0583923
1115 0.0583923
1116 0.0583923
1117 0.0583923
1118 0.0583923
1119 0.0583923
1120 0.0583923
1121 0.0583923
1122 0.0583923
1123 0.0583923
1124 0.0583923
1125 0.0583923
1126 0.0583923
1127 0.0583923
1128 0.0583923
1129 0.0583923
1130 0.0583923
1131 0.0583923
1132 0.0583923
1133 0.0583923
1134 0.0583923
1135 0.0583923
1136 0.0583923
1137 0.0583923
1138 0.0583923
1139 0.0583923
1140 0.0583923
1141 0.0583923
1142 0.0583923
1143 0.0583923
1144 0.0583923
1145 0.0583923
1146 0.0583923
1147 0.0583923
1148 0.0583923
1149 0.0583923
1150 0.0583923
1151 0.0583923
1152 0.0583923
1153 0.0583923
1154 0.0583923
1155 0.0583923
1156 0.0583923
1157 0.0583923
1158 0.0583923
1159 0.0583923
1160 0.0583923
1161 0.0583923
1162 0.0583923
1163 0.0583923
1164 0.0583923
1165 0.0583923
1166 0.0583923
1167 0.0583923
1168 0.0583923
1169 0.0583923
1170 0.0583923
1171 0.0583923
1172 0.0583923
1173 0.0583923
1174 0.0583923
1175 0.0583923
1176 0.0583923
1177 0.0583923
1178 0.0583923
1179 0.0583923
1180 0.0583923
1181 0.0583923
1182 0.0583923
1183 0.0583923
1184 0.0583923
1185 0.0583923
1186 0.0583923
1187 0.0583923
1188 0.0583923
1189 0.0583923
1190 0.0583923
1191 0.0583923
1192 0.0583923
1193 0.0583923
1194 0.0583923
1195 0.0583923
1196 0.0583923
1197 0.0583923
1198 0.0583923
1199 0.0583923
1200 0.0583923
1201 0.0583923
1202 0.0583923
1203 0.0583923
1204 0.0583923
1205 0.0583923
1206 0.0583923
1207 0.0583923
1208 0.0583923
1209 0.0583923
1210 0.0583923
1211 0.0583923
1212 0.0583923
1213 0.0583923
1214 0.0583923
1215 0.0583923
1216 0.0583923
1217 0.0583923
1218 0.0583923
1219 0.0583923
1220 0.0583923
1221 0.0583923
1222 0.0583923
1223 0.0583923
1224 0.0583923
1225 0.0583923
1226 0.0583923
1227 0.0583923
1228 0.0583923
1229 0.0583923
1230 0.0583923
1231 0.0583923
1232 0.0583923
1233 0.0583923
1234 0.0583923
1235 0.0583923
1236 0.0583923
1237 0.0583923
1238 0.0583923
1239 0.0583923
1240 0.0583923
1241 0.0583923
1242 0.0583923
1243 0.0583923
1244 0.0583923
1245 0.0583923
1246 0.0583923
1247 0.0583923
1248 0.0583923
1249 0.0583923
1250 0.0583923
1251 0.0583923
1252 0.0583923
1253 0.0583923
1254 0.0583923
1255 0.0583923
1256 0.0583923
1257 0.0583923
1258 0.0583923
1259 0.0583923
1260 0.0583923
1261 0.0583923
1262 0.0583923
1263 0.0583923
1264 0.0583923
1265 0.0583923
1266 0.0583923
1267 0.0583923
1268 0.0583923
1269 0.0583923
1270 0.0583923
1271 0.0583923
1272 0.0583923
1273 0.0583923
1274 0.0583923
1275 0.0583923
1276 0.0583923
1277 0.0583923
1278 0.0583923
1279 0.0583923
1280 0.0583923
1281 0.0583923
1282 0.0583923
1283 0.0583923
1284 0.0583923
1285 0.0583923
1286 0.0583923
1287 0.0583923
1288 0.0583923
1289 0.0583923
1290 0.0583923
1291 0.0583923
1292 0.0583923
1293 0.0583923
1294 0.0583923
1295 0.0583923
1296 0.0583923
1297 0.0583923
1298 0.0583923
1299 0.0583923
1300 0.0583923
1301 0.0583923
1302 0.0583923
1303 0.0583923
1304 0.0583923
1305 0.0583923
1306 0.0583923
1307 0.0583923
1308 0.0583923
1309 0.0583923
1310 0.0583923
