0 0.00474981
1 0.00942296
2 0.00984507
3 0.028362
4 0.0346268
5 0.0377877
6 0.0449538
7 0.0453587
8 0.047275
9 0.0473107
10 0.048568
11 0.0550236
12 0.058853
13 0.0688359
14 0.0695647
15 0.0695647
16 0.0745135
17 0.0745135
18 0.0745135
19 0.0745135
20 0.0745135
21 0.0745135
22 0.0745135
23 0.0745135
24 0.0745135
25 0.0745135
26 0.0745135
27 0.0745135
28 0.0745135
29 0.0745135
30 0.0745135
31 0.0745135
32 0.0745135
33 0.0745135
34 0.0745135
35 0.0745135
36 0.0745135
37 0.0745135
38 0.0745135
39 0.0745135
40 0.0745135
41 0.0745135
42 0.0745135
43 0.0745135
44 0.0745135
45 0.0745135
46 0.0745135
47 0.0745135
48 0.0745135
49 0.0745135
50 0.0745135
51 0.0745135
52 0.0745135
53 0.0753852
54 0.0753852
55 0.0766777
56 0.0766777
57 0.0766777
58 0.0766777
59 0.0766777
60 0.0766777
61 0.0766777
62 0.0766777
63 0.0766777
64 0.0766777
65 0.0766777
66 0.0766777
67 0.0766777
68 0.0766777
69 0.0766777
70 0.0766777
71 0.0766777
72 0.0782371
73 0.0782371
74 0.0782973
75 0.0782973
76 0.0782973
77 0.0782973
78 0.0782973
79 0.0794802
80 0.0794802
81 0.0794802
82 0.0794802
83 0.0794802
84 0.0794802
85 0.0807895
86 0.0807895
87 0.0807895
88 0.0807895
89 0.0807895
90 0.0807895
91 0.0807895
92 0.0807895
93 0.0807895
94 0.0807895
95 0.0807895
96 0.0807895
97 0.0807895
98 0.0807895
99 0.0807895
100 0.0807895
101 0.0807895
102 0.0807895
103 0.0807895
104 0.0807895
105 0.0807895
106 0.0807895
107 0.0807895
108 0.0807895
109 0.0807895
110 0.0807895
111 0.0807895
112 0.0807895
113 0.0807895
114 0.0807895
115 0.0807895
116 0.0807895
117 0.0807895
118 0.0807895
119 0.0807895
120 0.0807895
121 0.0807895
122 0.0807895
123 0.0807895
124 0.0811249
125 0.0811249
126 0.0812637
127 0.0812637
128 0.0812637
129 0.0812637
130 0.0812637
131 0.0819993
132 0.0819993
133 0.0819993
134 0.0826315
135 0.0826315
136 0.0829947
137 0.0829947
138 0.0829947
139 0.0829947
140 0.0829947
141 0.0829947
142 0.0829947
143 0.0829947
144 0.0829947
145 0.0829947
146 0.0829947
147 0.0829947
148 0.0829947
149 0.0829947
150 0.0829947
151 0.0829947
152 0.0829947
153 0.0829947
154 0.0829947
155 0.0846684
156 0.0846684
157 0.0856496
158 0.0856496
159 0.088061
160 0.088061
161 0.089214
162 0.089214
163 0.089214
164 0.0895732
165 0.0914844
166 0.0914844
167 0.0914844
168 0.0914844
169 0.0915733
170 0.0915733
171 0.0968924
172 0.0968924
173 0.0968924
174 0.0968924
175 0.0968924
176 0.0973051
177 0.0973051
178 0.0973051
179 0.0973051
180 0.0973051
181 0.0973051
182 0.101689
183 0.101689
184 0.101689
185 0.104403
186 0.104529
187 0.104529
188 0.104529
189 0.104529
190 0.105056
191 0.10524
192 0.10524
193 0.107904
194 0.107904
195 0.107904
196 0.109717
197 0.109717
198 0.109717
199 0.109717
200 0.109717
201 0.109717
202 0.109717
203 0.109717
204 0.109717
205 0.109717
206 0.109717
207 0.109717
208 0.109717
209 0.109717
210 0.109717
211 0.109717
212 0.109717
213 0.109717
214 0.109717
215 0.109912
216 0.109912
217 0.109912
218 0.109912
219 0.109912
220 0.109912
221 0.109912
222 0.110281
223 0.110281
224 0.110281
225 0.110281
226 0.110281
227 0.110281
228 0.110281
229 0.110281
230 0.110281
231 0.110281
232 0.110281
233 0.110305
234 0.110305
235 0.110305
236 0.110305
237 0.110305
238 0.110305
239 0.110305
240 0.110305
241 0.110305
242 0.110305
243 0.110305
244 0.110305
245 0.110305
246 0.110305
247 0.110305
248 0.110305
249 0.110305
250 0.110305
251 0.110305
252 0.110305
253 0.110305
254 0.110305
255 0.110305
256 0.110305
257 0.110305
258 0.110305
259 0.110305
260 0.110305
261 0.110305
262 0.110305
263 0.110305
264 0.110305
265 0.110305
266 0.110305
267 0.110305
268 0.110305
269 0.110305
270 0.110305
271 0.110305
272 0.110305
273 0.110305
274 0.11079
275 0.11079
276 0.11079
277 0.11079
278 0.11079
279 0.11079
280 0.11079
281 0.11079
282 0.11079
283 0.11079
284 0.11079
285 0.11079
286 0.11079
287 0.11079
288 0.11079
289 0.11079
290 0.11079
291 0.11079
292 0.11079
293 0.11079
294 0.11079
295 0.11079
296 0.11079
297 0.11079
298 0.11079
299 0.111893
300 0.111893
301 0.111893
302 0.111893
303 0.111893
304 0.111893
305 0.111893
306 0.111893
307 0.111893
308 0.111893
309 0.111893
310 0.111893
311 0.111893
312 0.111893
313 0.111893
314 0.111893
315 0.111893
316 0.111893
317 0.111893
318 0.111893
319 0.111893
320 0.111893
321 0.111893
322 0.111893
323 0.111893
324 0.111893
325 0.111893
326 0.111893
327 0.111893
328 0.111893
329 0.111893
330 0.111893
331 0.111893
332 0.111893
333 0.111893
334 0.111893
335 0.111893
336 0.111893
337 0.111893
338 0.111893
339 0.111893
340 0.11402
341 0.11402
342 0.11402
343 0.11402
344 0.11402
345 0.11402
346 0.11402
347 0.11402
348 0.11402
349 0.11402
350 0.11402
351 0.11402
352 0.11402
353 0.11402
354 0.11402
355 0.11402
356 0.11402
357 0.11402
358 0.11402
359 0.11402
360 0.11402
361 0.11402
362 0.11402
363 0.11402
364 0.11402
365 0.11402
366 0.11402
367 0.11402
368 0.11402
369 0.11402
370 0.11402
371 0.11402
372 0.11402
373 0.11402
374 0.11402
375 0.11402
376 0.11402
377 0.11402
378 0.11402
379 0.11402
380 0.115153
381 0.115153
382 0.115153
383 0.115153
384 0.115153
385 0.115153
386 0.115153
387 0.115153
388 0.115153
389 0.115153
390 0.115153
391 0.115153
392 0.115153
393 0.115153
394 0.115153
395 0.115153
396 0.115153
397 0.115153
398 0.115153
399 0.115153
400 0.115153
401 0.115153
402 0.115153
403 0.115153
404 0.115153
405 0.115153
406 0.115153
407 0.115153
408 0.115153
409 0.115153
410 0.115153
411 0.115153
412 0.115153
413 0.115153
414 0.115153
415 0.115153
416 0.115153
417 0.115153
418 0.115153
419 0.115153
420 0.115153
421 0.115153
422 0.115153
423 0.115153
424 0.115153
425 0.115153
426 0.115153
427 0.115153
428 0.115153
429 0.115153
430 0.115153
431 0.115153
432 0.115153
433 0.115153
434 0.115153
435 0.115153
436 0.115153
437 0.115153
438 0.115153
439 0.115153
440 0.115153
441 0.115153
442 0.115153
443 0.115153
444 0.115153
445 0.115153
446 0.115153
447 0.115153
448 0.115153
449 0.115153
450 0.115153
451 0.115153
452 0.115153
453 0.115153
454 0.115153
455 0.115153
456 0.115153
457 0.115153
458 0.115153
459 0.115153
460 0.115153
461 0.115153
462 0.115153
463 0.115153
464 0.115153
465 0.115153
466 0.115153
467 0.115153
468 0.115153
469 0.115153
470 0.115153
471 0.115153
472 0.115153
473 0.115153
474 0.115153
475 0.115153
476 0.115153
477 0.115153
478 0.115153
479 0.115153
480 0.115153
481 0.115153
482 0.115153
483 0.115153
484 0.115153
485 0.115153
486 0.115153
487 0.115153
488 0.115153
489 0.115153
490 0.115153
491 0.115153
492 0.115153
493 0.115153
494 0.115153
495 0.115173
496 0.115173
497 0.115173
498 0.115173
499 0.115173
500 0.115173
501 0.115173
502 0.115173
503 0.115173
504 0.115173
505 0.115173
506 0.115173
507 0.115173
508 0.115173
509 0.115363
510 0.115363
511 0.115363
512 0.115363
513 0.115363
514 0.115363
515 0.115363
516 0.115363
517 0.115363
518 0.115363
519 0.115363
520 0.115363
521 0.115363
522 0.115363
523 0.115363
524 0.115363
525 0.115363
526 0.115363
527 0.115363
528 0.115363
529 0.115363
530 0.115363
531 0.115363
532 0.115363
533 0.115363
534 0.115363
535 0.115363
536 0.115363
537 0.115363
538 0.115363
539 0.115363
540 0.115363
541 0.115363
542 0.115363
543 0.115363
544 0.115363
545 0.115363
546 0.115363
547 0.115363
548 0.115363
549 0.115363
550 0.115363
551 0.115363
552 0.115363
553 0.115363
554 0.115363
555 0.115363
556 0.115363
557 0.115363
558 0.115363
559 0.115363
560 0.115363
561 0.115363
562 0.115363
563 0.115363
564 0.115363
565 0.115363
566 0.115363
567 0.115363
568 0.115363
569 0.115363
570 0.115363
571 0.115363
572 0.115363
573 0.115363
574 0.115363
575 0.115363
576 0.115363
577 0.115363
578 0.115363
579 0.115363
580 0.115363
581 0.115363
582 0.115479
583 0.115479
584 0.115479
585 0.115479
586 0.115479
587 0.115479
588 0.115479
589 0.115479
590 0.115479
591 0.115479
592 0.115479
593 0.115479
594 0.115479
595 0.115479
596 0.115479
597 0.115479
598 0.115479
599 0.115479
600 0.115479
601 0.115479
602 0.115479
603 0.115479
604 0.115479
605 0.115479
606 0.115479
607 0.115479
608 0.115479
609 0.115479
610 0.115479
611 0.115479
612 0.115479
613 0.115479
614 0.115479
615 0.115479
616 0.115479
617 0.115479
618 0.115479
619 0.115479
620 0.115479
621 0.115479
622 0.115479
623 0.115479
624 0.115479
625 0.115479
626 0.115479
627 0.115479
628 0.115479
629 0.115479
630 0.115479
631 0.115479
632 0.115479
633 0.115479
634 0.115479
635 0.115479
636 0.115479
637 0.115479
638 0.115479
639 0.115479
640 0.115479
641 0.115479
642 0.115479
643 0.115479
644 0.115479
645 0.115479
646 0.115479
647 0.115479
648 0.115479
649 0.115479
650 0.115479
651 0.115479
652 0.115479
653 0.115479
654 0.115479
655 0.115479
656 0.115479
657 0.115479
658 0.115479
659 0.115479
660 0.115479
661 0.115479
662 0.115479
663 0.115479
664 0.115479
665 0.115479
666 0.115479
667 0.115479
668 0.115479
669 0.115479
670 0.115479
671 0.115479
672 0.115479
673 0.115479
674 0.115479
675 0.115479
676 0.115479
677 0.115479
678 0.115479
679 0.115479
680 0.115479
681 0.115479
682 0.115479
683 0.115479
684 0.115479
685 0.115479
686 0.115479
687 0.115479
688 0.115479
689 0.115479
690 0.115479
691 0.115479
692 0.115479
693 0.115479
694 0.115479
695 0.115479
696 0.115479
697 0.115479
698 0.115479
699 0.115479
700 0.115479
701 0.115479
702 0.115479
703 0.115479
704 0.115479
705 0.115479
706 0.115479
707 0.115479
708 0.115479
709 0.115479
710 0.115479
711 0.115479
712 0.115479
713 0.115479
714 0.115479
715 0.115479
716 0.115479
717 0.115479
718 0.115479
719 0.115479
720 0.115479
721 0.115479
722 0.115479
723 0.115479
724 0.115479
725 0.115479
726 0.115479
727 0.115479
728 0.115479
729 0.115479
730 0.115479
731 0.115479
732 0.115479
733 0.115479
734 0.115479
735 0.115479
736 0.115479
737 0.115479
738 0.115479
739 0.115479
740 0.115479
741 0.115479
742 0.115479
743 0.115479
744 0.115479
745 0.115479
746 0.115479
747 0.115479
748 0.115479
749 0.115479
750 0.115479
751 0.115479
752 0.115479
753 0.115479
754 0.115479
755 0.115479
756 0.115479
757 0.115479
758 0.115479
759 0.115479
760 0.115479
761 0.115479
762 0.115479
763 0.115479
764 0.115479
765 0.115479
766 0.115479
767 0.115479
768 0.115479
769 0.115479
770 0.115479
771 0.115479
772 0.115479
773 0.115479
774 0.115479
775 0.115479
776 0.115479
777 0.115479
778 0.115479
779 0.115479
780 0.115479
781 0.115479
782 0.115479
783 0.115479
784 0.115479
785 0.115479
786 0.115479
787 0.115479
788 0.115479
789 0.115479
790 0.115479
791 0.115479
792 0.115479
793 0.115479
794 0.115479
795 0.115479
796 0.115479
797 0.115479
798 0.115479
799 0.115479
800 0.115479
801 0.115479
802 0.115479
803 0.115479
804 0.115479
805 0.115479
806 0.115479
807 0.115479
808 0.115479
809 0.115479
810 0.115479
811 0.115479
812 0.115479
813 0.115479
814 0.115479
815 0.115479
816 0.115479
817 0.115479
818 0.115479
819 0.115479
820 0.115479
821 0.115479
822 0.115479
823 0.115479
824 0.115479
825 0.115479
826 0.115479
827 0.115479
828 0.115479
829 0.115479
830 0.115479
831 0.115479
832 0.115479
833 0.115479
834 0.115479
835 0.115479
836 0.115479
837 0.115479
838 0.115479
839 0.115479
840 0.115479
841 0.115479
842 0.115479
843 0.115479
844 0.115479
845 0.115479
846 0.115479
847 0.115479
848 0.115479
849 0.115479
850 0.115479
851 0.115479
852 0.115479
853 0.115479
854 0.115479
855 0.115479
856 0.115479
857 0.115479
858 0.115479
859 0.115479
860 0.115479
861 0.115479
862 0.115604
863 0.115604
864 0.115604
865 0.115604
866 0.115604
867 0.115604
868 0.115604
869 0.115604
870 0.115604
871 0.115604
872 0.115604
873 0.115604
874 0.115604
875 0.115604
876 0.115604
877 0.115604
878 0.115604
879 0.115604
880 0.115604
881 0.115604
882 0.115604
883 0.115604
884 0.115604
885 0.115604
886 0.115604
887 0.115604
888 0.115604
889 0.115604
890 0.115604
891 0.115604
892 0.115604
893 0.115604
894 0.115604
895 0.115604
896 0.115604
897 0.115604
898 0.115604
899 0.115604
900 0.115604
901 0.115604
902 0.115604
903 0.115604
904 0.115604
905 0.115604
906 0.115604
907 0.115604
908 0.115604
909 0.115604
910 0.115604
911 0.115604
912 0.115604
913 0.115604
914 0.115604
915 0.115604
916 0.115604
917 0.115604
918 0.115604
919 0.115604
920 0.115604
921 0.115604
922 0.115604
923 0.115604
924 0.115604
925 0.115604
926 0.115604
927 0.115604
928 0.115604
929 0.115604
930 0.115604
931 0.115604
932 0.115604
933 0.115604
934 0.115604
935 0.115604
936 0.115604
937 0.115604
938 0.115604
939 0.115604
940 0.115604
941 0.115604
942 0.115604
943 0.115604
944 0.115604
945 0.115604
946 0.115604
947 0.115604
948 0.115604
949 0.115604
950 0.115604
951 0.115604
952 0.115604
953 0.115604
954 0.115604
955 0.115604
956 0.115604
957 0.115604
958 0.115604
959 0.115604
960 0.115604
961 0.115604
962 0.115604
963 0.115604
964 0.115604
965 0.115604
966 0.115604
967 0.115604
968 0.115604
969 0.115604
970 0.115604
971 0.115604
972 0.115604
973 0.115604
974 0.115604
975 0.115604
976 0.115604
977 0.115604
978 0.115604
979 0.115604
980 0.115604
981 0.115604
982 0.115604
983 0.115604
984 0.115604
985 0.115604
986 0.115604
987 0.115604
988 0.115604
989 0.115604
990 0.115604
991 0.115604
992 0.115604
993 0.115604
994 0.115604
995 0.115604
996 0.115604
997 0.115604
998 0.115604
999 0.115604
1000 0.115604
1001 0.115604
1002 0.115604
1003 0.115604
1004 0.115604
1005 0.115604
1006 0.115604
1007 0.115604
1008 0.115604
1009 0.115604
1010 0.115604
1011 0.115604
1012 0.115604
1013 0.115604
1014 0.115604
1015 0.115604
1016 0.115604
1017 0.115604
1018 0.115604
1019 0.115604
1020 0.115604
1021 0.115604
1022 0.115604
1023 0.115604
1024 0.115604
1025 0.115604
1026 0.115604
1027 0.115604
1028 0.115604
1029 0.115604
1030 0.115604
1031 0.115604
1032 0.115604
1033 0.115604
1034 0.115604
1035 0.115604
1036 0.115604
1037 0.115604
1038 0.115604
1039 0.115604
1040 0.115604
1041 0.115604
1042 0.115604
1043 0.115604
1044 0.115604
1045 0.115604
1046 0.115604
1047 0.115604
1048 0.115604
1049 0.115604
1050 0.115604
1051 0.115604
1052 0.115604
1053 0.115604
1054 0.115604
1055 0.115604
1056 0.115604
1057 0.115604
1058 0.115604
1059 0.115604
1060 0.115604
1061 0.115604
1062 0.115604
1063 0.115604
1064 0.115604
1065 0.115604
1066 0.115604
1067 0.115604
1068 0.115604
1069 0.115604
1070 0.115604
1071 0.115604
1072 0.115604
1073 0.115604
1074 0.115604
1075 0.115604
1076 0.115604
1077 0.115604
1078 0.115604
1079 0.115604
1080 0.115604
1081 0.115604
1082 0.115604
1083 0.115604
1084 0.115604
1085 0.115604
1086 0.115604
1087 0.115604
1088 0.115604
1089 0.115604
1090 0.115604
1091 0.115604
1092 0.115604
1093 0.115604
1094 0.115604
1095 0.115604
1096 0.115604
1097 0.115604
1098 0.115604
1099 0.115604
1100 0.115604
1101 0.115604
1102 0.115604
1103 0.115604
1104 0.115604
1105 0.115604
1106 0.115604
1107 0.115604
1108 0.115604
1109 0.115604
1110 0.115604
1111 0.115604
1112 0.115604
1113 0.115604
1114 0.115604
1115 0.115604
1116 0.115604
1117 0.115604
1118 0.115604
1119 0.115604
1120 0.115604
1121 0.115604
1122 0.115604
1123 0.115604
1124 0.115604
1125 0.115604
1126 0.115604
1127 0.115604
1128 0.115604
1129 0.115604
1130 0.115604
1131 0.115604
1132 0.115604
1133 0.115604
1134 0.115604
1135 0.115604
1136 0.115604
1137 0.115604
1138 0.115604
1139 0.115604
1140 0.115604
1141 0.115604
1142 0.115604
1143 0.115604
1144 0.115604
1145 0.115604
1146 0.115604
1147 0.115604
1148 0.115604
1149 0.115604
1150 0.115604
1151 0.115604
1152 0.115604
1153 0.115604
1154 0.115604
1155 0.115604
1156 0.115604
1157 0.115604
1158 0.115604
1159 0.115604
1160 0.115604
1161 0.115604
1162 0.115604
1163 0.115604
1164 0.115604
1165 0.115604
1166 0.115604
1167 0.115604
1168 0.115604
1169 0.115604
1170 0.115604
1171 0.115604
1172 0.115604
1173 0.115604
1174 0.115604
1175 0.115604
1176 0.115604
1177 0.115604
1178 0.115604
1179 0.115604
1180 0.115604
1181 0.115604
1182 0.115604
1183 0.115604
1184 0.115604
1185 0.115604
1186 0.115604
1187 0.115604
1188 0.115604
1189 0.115604
1190 0.115604
1191 0.115604
1192 0.115604
1193 0.115604
1194 0.115604
1195 0.115604
1196 0.115604
1197 0.115604
1198 0.115604
1199 0.115604
1200 0.115604
1201 0.115604
1202 0.115604
1203 0.115604
1204 0.115604
1205 0.115604
1206 0.115604
1207 0.115604
1208 0.115604
1209 0.115604
1210 0.115604
1211 0.115604
1212 0.115604
1213 0.115604
1214 0.115604
1215 0.115604
1216 0.115604
1217 0.115604
1218 0.115604
1219 0.115604
1220 0.115604
1221 0.115604
1222 0.115604
1223 0.115604
1224 0.115604
1225 0.115604
1226 0.115604
1227 0.115604
1228 0.115604
1229 0.115604
1230 0.115604
1231 0.115604
1232 0.115604
1233 0.115604
1234 0.115604
1235 0.115604
1236 0.115604
1237 0.115604
1238 0.115604
1239 0.115604
1240 0.115604
1241 0.115604
1242 0.115604
1243 0.115604
1244 0.115604
1245 0.115604
1246 0.115604
1247 0.115604
1248 0.115604
1249 0.115604
1250 0.115604
1251 0.115604
1252 0.115604
1253 0.115604
1254 0.115604
1255 0.115604
1256 0.115604
1257 0.115604
1258 0.115604
1259 0.115604
1260 0.115604
1261 0.115604
1262 0.115604
1263 0.115604
1264 0.115604
1265 0.115604
1266 0.115604
1267 0.115604
1268 0.115604
1269 0.115604
1270 0.115604
1271 0.115604
1272 0.115604
1273 0.115604
1274 0.115604
1275 0.115604
1276 0.115604
1277 0.115604
1278 0.115604
1279 0.115604
1280 0.115604
1281 0.115604
1282 0.115604
1283 0.115604
1284 0.115604
1285 0.115604
1286 0.115604
1287 0.115604
1288 0.115604
1289 0.115604
1290 0.115604
1291 0.115604
1292 0.115604
1293 0.115604
1294 0.115604
1295 0.115604
1296 0.115604
1297 0.115604
1298 0.115604
1299 0.115604
1300 0.115604
1301 0.115604
1302 0.115604
1303 0.115604
1304 0.115604
1305 0.115604
1306 0.115604
1307 0.115604
1308 0.115604
1309 0.115604
1310 0.115604
1311 0.115604
1312 0.115639
1313 0.115639
1314 0.115639
1315 0.115639
1316 0.115639
1317 0.11611
1318 0.11611
1319 0.11611
1320 0.11611
1321 0.11611
1322 0.11611
1323 0.11611
1324 0.11611
1325 0.11611
1326 0.11611
1327 0.11611
1328 0.11611
1329 0.11611
1330 0.11611
1331 0.11611
1332 0.11611
1333 0.11611
1334 0.11611
1335 0.11611
1336 0.11611
1337 0.11611
1338 0.11611
1339 0.11611
1340 0.11611
1341 0.11611
1342 0.11611
1343 0.11611
1344 0.11611
1345 0.11611
1346 0.11611
1347 0.11611
1348 0.11611
1349 0.11611
1350 0.11611
1351 0.11611
1352 0.116582
1353 0.116582
1354 0.116582
1355 0.116582
1356 0.116582
1357 0.116582
1358 0.116582
1359 0.116582
1360 0.116582
1361 0.116582
1362 0.116582
1363 0.116582
1364 0.116582
1365 0.116582
1366 0.116582
1367 0.116582
1368 0.116582
1369 0.116582
1370 0.116582
1371 0.116582
1372 0.116582
1373 0.116582
1374 0.116582
1375 0.116582
1376 0.116582
1377 0.116582
1378 0.116582
1379 0.116582
1380 0.116582
1381 0.116582
1382 0.116582
1383 0.116582
1384 0.116582
1385 0.116582
1386 0.116582
1387 0.116582
1388 0.116582
1389 0.116582
1390 0.116582
1391 0.116582
1392 0.116582
1393 0.116582
1394 0.116582
1395 0.116582
1396 0.116582
1397 0.116582
1398 0.116582
1399 0.116582
1400 0.116582
1401 0.116582
1402 0.116582
1403 0.116582
1404 0.116582
1405 0.116582
1406 0.116582
1407 0.116582
1408 0.116582
1409 0.116666
1410 0.116666
1411 0.116666
1412 0.116666
1413 0.116666
1414 0.116666
1415 0.116666
1416 0.116666
1417 0.116666
1418 0.116666
1419 0.116666
1420 0.116666
1421 0.116666
1422 0.116666
1423 0.116666
1424 0.116666
1425 0.116666
1426 0.116666
1427 0.116666
1428 0.116666
1429 0.116666
1430 0.116666
1431 0.116666
1432 0.116666
1433 0.116666
1434 0.116666
1435 0.116666
1436 0.116666
1437 0.116666
1438 0.116666
1439 0.116666
1440 0.116666
1441 0.116666
1442 0.116666
1443 0.116666
1444 0.116666
1445 0.116666
1446 0.116666
1447 0.116666
1448 0.116666
1449 0.116666
1450 0.116666
1451 0.116666
1452 0.116666
1453 0.116666
1454 0.116666
1455 0.116666
1456 0.116666
1457 0.116666
1458 0.116666
1459 0.116666
1460 0.116666
1461 0.116666
1462 0.116666
1463 0.116666
1464 0.116666
1465 0.116666
1466 0.116666
1467 0.116666
1468 0.116666
1469 0.116666
1470 0.116666
1471 0.116666
1472 0.116666
1473 0.116666
1474 0.116666
1475 0.116666
1476 0.116666
1477 0.116666
1478 0.116666
1479 0.116666
1480 0.116666
1481 0.116666
1482 0.116666
1483 0.116666
1484 0.116666
1485 0.116666
1486 0.116666
1487 0.116666
1488 0.116666
1489 0.116666
1490 0.116666
1491 0.116666
1492 0.116666
1493 0.116666
1494 0.116666
1495 0.116666
1496 0.116666
1497 0.116666
1498 0.116666
1499 0.116666
1500 0.116666
1501 0.116666
1502 0.116666
1503 0.116666
1504 0.116666
1505 0.116666
1506 0.116666
1507 0.116666
1508 0.116666
1509 0.116666
1510 0.116666
1511 0.116666
1512 0.116666
1513 0.116666
1514 0.116666
1515 0.116666
1516 0.116666
1517 0.116666
1518 0.116666
1519 0.116666
1520 0.116666
1521 0.116666
1522 0.116666
1523 0.116666
1524 0.116666
1525 0.116666
1526 0.116666
1527 0.116666
1528 0.116666
1529 0.116666
1530 0.116666
1531 0.116666
1532 0.116666
1533 0.116666
1534 0.116666
1535 0.116666
1536 0.116666
1537 0.116666
1538 0.116666
1539 0.116666
1540 0.116666
1541 0.116666
1542 0.116666
1543 0.116666
1544 0.116666
1545 0.116666
1546 0.116666
1547 0.116666
1548 0.116666
1549 0.116666
1550 0.116666
1551 0.116666
1552 0.116666
1553 0.116666
1554 0.116666
1555 0.116666
1556 0.116666
1557 0.116666
1558 0.116666
1559 0.116666
1560 0.116666
1561 0.116666
1562 0.116666
1563 0.116666
1564 0.116666
1565 0.116666
1566 0.116666
1567 0.116666
1568 0.116666
1569 0.116666
1570 0.116666
1571 0.116666
1572 0.116666
1573 0.116666
1574 0.116666
1575 0.116666
1576 0.116666
1577 0.116666
1578 0.116666
1579 0.116666
1580 0.116666
1581 0.116666
1582 0.116666
1583 0.116666
1584 0.116666
1585 0.116666
1586 0.116666
1587 0.116666
1588 0.116666
1589 0.116666
1590 0.116666
1591 0.116666
1592 0.116666
1593 0.116666
1594 0.116666
1595 0.116666
1596 0.116666
1597 0.116666
1598 0.116666
1599 0.116666
1600 0.116666
1601 0.116666
1602 0.116666
1603 0.116666
1604 0.116666
1605 0.116666
1606 0.116666
1607 0.116666
1608 0.116666
1609 0.116666
1610 0.116666
1611 0.116666
1612 0.116666
1613 0.116666
1614 0.116666
1615 0.116666
1616 0.116666
1617 0.116666
1618 0.116666
1619 0.116666
1620 0.116666
1621 0.116666
1622 0.116666
1623 0.116666
1624 0.116666
1625 0.116666
1626 0.116666
1627 0.116666
1628 0.116666
1629 0.116666
1630 0.116666
1631 0.116666
1632 0.116666
1633 0.116666
1634 0.116666
1635 0.116666
1636 0.116666
1637 0.116666
1638 0.116666
1639 0.116666
1640 0.116666
1641 0.116666
1642 0.116666
1643 0.116666
1644 0.116666
1645 0.116666
1646 0.116666
1647 0.116666
1648 0.116666
1649 0.116666
1650 0.116666
1651 0.116666
1652 0.116666
1653 0.116666
1654 0.116666
1655 0.116666
1656 0.116666
1657 0.116666
1658 0.116666
1659 0.116666
1660 0.116666
1661 0.116666
1662 0.116666
1663 0.116666
1664 0.116666
1665 0.116666
1666 0.116666
1667 0.116666
1668 0.116666
1669 0.116666
1670 0.116666
1671 0.116666
1672 0.116666
1673 0.116666
1674 0.116666
1675 0.116666
1676 0.116666
1677 0.116666
1678 0.116666
1679 0.116666
1680 0.116666
1681 0.116666
1682 0.116666
1683 0.116666
1684 0.116666
1685 0.116666
1686 0.116666
1687 0.116666
1688 0.116666
1689 0.116666
1690 0.116666
1691 0.116666
1692 0.116666
1693 0.116666
1694 0.116666
1695 0.116666
1696 0.116666
1697 0.116666
1698 0.116666
1699 0.116666
1700 0.116666
1701 0.116666
1702 0.116666
1703 0.116666
1704 0.116666
1705 0.116666
1706 0.116666
1707 0.116666
1708 0.116666
1709 0.116666
1710 0.116666
1711 0.116666
1712 0.116666
1713 0.116666
1714 0.116666
1715 0.116666
1716 0.116666
1717 0.116666
1718 0.116666
1719 0.116666
1720 0.116666
1721 0.116666
1722 0.116666
1723 0.116666
1724 0.116666
1725 0.116666
1726 0.116666
1727 0.116666
1728 0.116666
1729 0.116666
1730 0.116666
1731 0.116666
1732 0.116666
1733 0.116666
1734 0.116666
1735 0.116666
1736 0.116666
1737 0.116666
1738 0.116666
1739 0.116666
1740 0.116666
1741 0.116666
1742 0.116666
1743 0.116666
1744 0.116666
1745 0.116666
1746 0.116666
1747 0.116666
1748 0.116666
1749 0.116666
1750 0.116666
1751 0.116666
1752 0.116666
1753 0.116666
1754 0.116666
1755 0.116666
1756 0.116666
1757 0.116666
1758 0.116666
1759 0.116666
1760 0.116666
1761 0.116666
1762 0.116666
1763 0.116666
1764 0.116666
1765 0.116666
1766 0.116666
1767 0.116666
1768 0.116666
1769 0.116666
1770 0.116666
1771 0.116666
1772 0.116666
1773 0.116666
1774 0.116666
1775 0.116666
1776 0.116666
1777 0.116666
1778 0.116666
1779 0.116666
1780 0.116666
1781 0.116666
1782 0.116666
1783 0.116666
1784 0.116666
1785 0.116666
1786 0.116666
1787 0.116666
1788 0.116666
1789 0.116666
1790 0.116666
1791 0.116666
1792 0.116666
1793 0.116666
1794 0.116666
1795 0.116666
1796 0.116666
1797 0.116666
1798 0.116666
1799 0.116666
1800 0.116666
1801 0.116666
1802 0.116666
1803 0.116666
1804 0.116666
1805 0.116666
1806 0.116666
1807 0.116666
1808 0.116666
1809 0.116666
1810 0.116666
1811 0.116666
1812 0.116666
1813 0.116666
1814 0.116666
1815 0.116666
1816 0.116666
1817 0.116666
1818 0.116666
1819 0.116666
1820 0.116666
1821 0.116666
1822 0.116666
1823 0.116666
1824 0.116666
1825 0.116666
1826 0.116666
1827 0.116666
1828 0.116666
1829 0.116666
1830 0.116666
1831 0.116666
1832 0.116666
1833 0.116666
1834 0.116666
1835 0.116666
1836 0.116666
1837 0.116666
1838 0.116666
1839 0.116666
1840 0.116666
1841 0.116666
1842 0.116666
1843 0.116666
1844 0.116666
1845 0.116666
1846 0.116666
1847 0.116666
1848 0.116666
1849 0.116666
1850 0.116666
1851 0.116666
1852 0.116666
1853 0.116666
1854 0.116666
1855 0.116666
1856 0.116666
1857 0.116666
1858 0.116666
1859 0.116666
1860 0.116666
1861 0.116666
1862 0.116666
1863 0.116666
1864 0.116666
1865 0.116666
1866 0.116666
1867 0.116666
1868 0.116666
1869 0.116666
1870 0.116666
1871 0.116666
1872 0.116666
1873 0.116666
1874 0.116666
1875 0.116666
1876 0.116666
1877 0.116666
1878 0.116666
1879 0.116666
1880 0.116666
1881 0.116666
1882 0.116666
1883 0.116666
1884 0.116666
1885 0.116666
1886 0.116666
1887 0.116666
1888 0.116666
1889 0.116666
1890 0.116666
1891 0.116666
1892 0.116666
1893 0.116666
1894 0.116666
1895 0.116666
1896 0.116666
1897 0.116666
1898 0.116666
1899 0.116666
1900 0.116666
1901 0.116666
1902 0.116666
1903 0.116666
1904 0.116666
1905 0.116666
1906 0.116666
1907 0.116666
1908 0.116666
1909 0.116666
1910 0.116666
1911 0.116666
1912 0.116666
1913 0.116666
1914 0.116666
1915 0.116666
1916 0.116666
1917 0.116666
1918 0.116666
1919 0.116666
1920 0.116666
1921 0.116666
1922 0.116666
1923 0.116666
1924 0.116666
1925 0.116666
1926 0.116666
1927 0.116666
1928 0.116666
1929 0.116666
1930 0.116666
1931 0.116666
1932 0.116666
1933 0.116666
1934 0.116666
1935 0.116666
1936 0.116666
1937 0.116666
1938 0.116666
1939 0.116666
1940 0.116666
1941 0.116666
1942 0.116666
1943 0.116666
1944 0.116666
1945 0.116666
1946 0.116666
1947 0.116666
1948 0.116666
1949 0.116666
1950 0.116666
1951 0.116666
1952 0.116666
1953 0.116666
1954 0.116666
1955 0.116666
1956 0.116666
1957 0.116666
1958 0.116666
1959 0.116666
1960 0.116666
1961 0.116666
1962 0.116666
1963 0.116666
1964 0.116666
1965 0.116666
1966 0.116666
1967 0.116666
1968 0.116666
1969 0.116666
1970 0.116666
1971 0.116666
1972 0.116666
1973 0.116666
1974 0.116666
1975 0.116666
1976 0.116666
1977 0.116666
1978 0.116666
1979 0.116666
1980 0.116666
1981 0.116666
1982 0.116666
1983 0.116666
1984 0.116666
1985 0.116666
1986 0.116666
1987 0.116666
1988 0.116666
1989 0.116666
1990 0.116666
1991 0.116666
1992 0.116666
1993 0.116666
1994 0.116666
1995 0.116666
1996 0.116666
1997 0.116666
1998 0.116666
1999 0.116666
2000 0.116666
2001 0.116666
2002 0.116666
2003 0.116666
2004 0.116666
2005 0.116666
2006 0.116666
2007 0.116666
2008 0.116666
2009 0.116666
2010 0.116666
2011 0.116666
2012 0.116666
2013 0.116666
2014 0.116666
2015 0.116666
2016 0.116666
2017 0.116666
2018 0.116666
2019 0.116666
2020 0.116666
2021 0.116666
2022 0.116666
2023 0.116666
2024 0.116666
2025 0.116666
2026 0.116666
2027 0.116666
2028 0.116666
2029 0.116666
2030 0.116666
2031 0.116666
2032 0.116666
2033 0.116666
2034 0.116666
2035 0.116666
2036 0.116666
2037 0.116666
2038 0.116666
2039 0.116666
2040 0.116666
2041 0.116666
2042 0.116666
2043 0.116666
2044 0.116666
2045 0.116666
2046 0.116666
2047 0.116666
2048 0.116666
2049 0.116666
2050 0.116666
2051 0.116666
2052 0.116666
2053 0.116666
2054 0.116666
2055 0.116666
2056 0.116666
2057 0.116666
2058 0.116666
2059 0.116666
2060 0.116666
2061 0.116666
2062 0.116666
2063 0.116666
2064 0.116666
2065 0.116666
2066 0.116666
2067 0.116666
2068 0.116666
2069 0.116666
2070 0.116666
2071 0.116666
2072 0.116666
2073 0.116666
2074 0.116666
2075 0.116666
2076 0.116666
2077 0.116666
2078 0.116666
2079 0.116666
2080 0.116666
2081 0.116666
2082 0.116666
2083 0.116666
2084 0.116666
2085 0.116666
2086 0.116666
2087 0.116666
2088 0.116666
2089 0.116666
2090 0.116666
2091 0.116666
2092 0.116666
2093 0.116666
2094 0.116666
2095 0.116666
2096 0.116666
2097 0.116666
2098 0.116666
2099 0.116666
2100 0.116666
2101 0.116666
2102 0.116666
2103 0.116666
2104 0.116666
2105 0.116666
2106 0.116666
2107 0.116666
2108 0.116666
2109 0.116666
2110 0.116666
2111 0.116666
2112 0.116666
2113 0.116666
2114 0.116666
2115 0.116666
2116 0.116666
2117 0.116666
2118 0.116666
2119 0.116666
2120 0.116666
2121 0.116666
2122 0.116666
2123 0.116666
2124 0.116666
2125 0.116666
2126 0.116666
2127 0.116666
2128 0.116666
2129 0.116666
2130 0.116666
2131 0.116666
2132 0.116666
2133 0.116666
2134 0.116666
2135 0.116666
2136 0.116666
2137 0.116666
2138 0.116666
2139 0.116666
2140 0.116666
2141 0.116666
2142 0.116666
2143 0.116666
2144 0.116666
2145 0.116666
2146 0.116666
2147 0.116666
2148 0.116666
2149 0.116666
2150 0.116666
2151 0.116666
2152 0.116666
2153 0.116666
2154 0.116666
2155 0.116666
2156 0.116666
2157 0.116666
2158 0.116666
2159 0.116666
2160 0.116666
2161 0.116666
2162 0.116666
2163 0.116666
2164 0.116666
2165 0.116666
2166 0.116666
2167 0.116666
2168 0.116666
2169 0.116666
2170 0.116666
2171 0.116666
2172 0.116666
2173 0.116666
2174 0.116666
2175 0.116666
2176 0.116666
2177 0.116666
2178 0.116666
2179 0.116666
2180 0.116666
2181 0.116666
2182 0.116666
2183 0.116666
2184 0.116666
2185 0.116666
2186 0.116666
2187 0.116666
2188 0.116666
2189 0.116666
2190 0.116666
2191 0.116666
2192 0.116666
2193 0.116666
2194 0.116666
2195 0.116666
2196 0.116666
2197 0.116666
2198 0.116666
2199 0.116666
2200 0.116666
2201 0.116666
2202 0.116666
2203 0.116666
2204 0.116666
2205 0.116666
2206 0.116666
2207 0.116666
2208 0.116666
2209 0.116666
2210 0.116666
2211 0.116666
2212 0.116666
2213 0.116666
2214 0.116666
2215 0.116666
2216 0.116666
2217 0.116666
2218 0.116666
2219 0.116666
2220 0.116666
2221 0.116666
2222 0.116666
2223 0.116666
2224 0.116666
2225 0.116666
2226 0.116666
2227 0.116666
2228 0.116666
2229 0.116666
2230 0.116666
2231 0.116666
2232 0.116666
2233 0.116666
2234 0.116666
2235 0.116666
2236 0.116666
2237 0.116666
2238 0.116666
2239 0.116666
2240 0.116666
2241 0.116666
2242 0.116666
2243 0.116666
2244 0.116666
2245 0.116666
2246 0.116666
2247 0.116666
2248 0.116666
2249 0.116666
2250 0.116666
2251 0.116666
2252 0.116666
2253 0.116666
2254 0.116666
2255 0.116666
2256 0.116666
2257 0.116666
2258 0.116666
2259 0.116666
2260 0.116666
2261 0.116666
2262 0.116666
2263 0.116666
2264 0.116666
2265 0.116666
2266 0.116666
2267 0.116666
2268 0.116666
2269 0.116666
2270 0.116666
2271 0.116666
2272 0.116666
2273 0.116666
2274 0.116666
2275 0.116666
2276 0.116666
2277 0.116666
2278 0.116666
2279 0.116666
2280 0.116666
2281 0.116666
2282 0.116666
2283 0.116666
2284 0.116666
2285 0.116666
2286 0.116666
2287 0.116666
2288 0.116666
2289 0.116666
2290 0.116666
2291 0.116666
2292 0.116666
2293 0.116666
2294 0.116666
2295 0.116666
2296 0.116666
2297 0.116666
2298 0.116666
2299 0.116666
2300 0.116666
2301 0.116666
2302 0.116666
2303 0.116666
2304 0.116666
2305 0.116666
2306 0.116666
2307 0.116666
2308 0.116666
2309 0.116666
2310 0.116666
2311 0.116666
2312 0.116666
2313 0.116666
2314 0.116666
2315 0.116666
2316 0.116666
2317 0.116666
2318 0.116666
2319 0.116666
2320 0.116666
2321 0.116666
2322 0.116666
2323 0.116666
2324 0.116666
2325 0.116666
2326 0.116666
2327 0.116666
2328 0.116666
2329 0.116666
2330 0.116666
2331 0.116666
2332 0.116666
2333 0.116666
2334 0.116666
2335 0.116666
2336 0.116666
2337 0.116666
2338 0.116666
2339 0.116666
2340 0.116666
2341 0.116666
2342 0.116666
2343 0.116666
2344 0.116666
2345 0.116666
2346 0.116666
2347 0.116666
2348 0.116666
2349 0.116666
2350 0.116666
2351 0.116666
2352 0.116666
2353 0.116666
2354 0.116666
2355 0.116666
2356 0.116666
2357 0.116666
2358 0.116666
2359 0.116666
2360 0.116666
2361 0.116666
2362 0.116666
2363 0.116666
2364 0.116666
2365 0.116666
2366 0.116666
2367 0.116666
2368 0.116666
2369 0.116666
2370 0.116666
2371 0.116666
2372 0.116666
2373 0.116666
2374 0.116666
2375 0.116666
2376 0.116666
2377 0.116666
2378 0.116666
2379 0.116666
2380 0.116666
2381 0.116666
2382 0.116666
2383 0.116666
2384 0.116666
2385 0.116666
2386 0.116666
2387 0.116666
2388 0.116666
2389 0.116666
2390 0.116666
2391 0.116666
2392 0.116666
2393 0.116666
2394 0.116666
2395 0.116666
2396 0.116666
2397 0.116666
2398 0.116666
2399 0.116666
2400 0.116666
2401 0.116666
2402 0.116666
2403 0.116666
2404 0.116666
2405 0.116666
2406 0.116666
2407 0.116666
2408 0.116666
2409 0.116666
2410 0.116666
2411 0.116666
2412 0.116666
2413 0.116666
2414 0.116666
2415 0.116666
2416 0.116666
2417 0.116666
2418 0.116666
2419 0.116666
2420 0.116666
2421 0.116666
2422 0.116666
2423 0.116666
2424 0.116666
2425 0.116666
2426 0.116666
2427 0.116666
2428 0.116666
2429 0.116666
2430 0.116666
2431 0.116666
2432 0.116666
2433 0.116666
2434 0.116666
2435 0.116666
2436 0.116666
2437 0.116666
2438 0.116666
2439 0.116666
2440 0.116666
2441 0.116666
2442 0.116666
2443 0.116666
2444 0.116666
2445 0.116666
2446 0.116666
2447 0.116666
2448 0.116666
2449 0.116666
2450 0.116666
2451 0.116666
2452 0.116666
2453 0.116666
2454 0.116666
2455 0.116666
2456 0.116666
2457 0.116666
2458 0.116666
2459 0.116666
2460 0.116666
2461 0.116666
2462 0.116666
2463 0.116666
2464 0.116666
2465 0.116666
2466 0.116666
2467 0.116666
2468 0.116666
2469 0.116666
2470 0.116666
2471 0.116666
2472 0.116666
2473 0.116666
2474 0.116666
2475 0.116666
2476 0.116666
2477 0.116666
2478 0.116666
2479 0.116666
2480 0.116666
2481 0.116666
2482 0.116666
2483 0.116666
2484 0.116666
2485 0.116666
2486 0.116666
2487 0.116666
2488 0.116666
2489 0.116666
2490 0.116666
2491 0.116666
2492 0.116666
2493 0.116666
2494 0.116666
2495 0.116666
2496 0.116666
2497 0.116666
2498 0.116666
2499 0.116666
2500 0.116666
2501 0.116666
2502 0.116666
2503 0.116666
2504 0.116666
2505 0.116666
2506 0.116666
2507 0.116666
2508 0.116666
2509 0.116666
2510 0.116666
2511 0.116666
2512 0.116666
2513 0.116666
2514 0.116666
2515 0.116666
2516 0.116666
2517 0.116666
2518 0.116666
2519 0.116666
2520 0.116666
2521 0.116666
2522 0.116666
2523 0.116666
2524 0.116666
2525 0.116666
2526 0.116666
2527 0.116666
2528 0.116666
2529 0.116666
2530 0.116666
2531 0.116666
2532 0.116666
2533 0.116666
2534 0.116666
2535 0.116666
2536 0.116666
2537 0.116666
2538 0.116666
2539 0.116666
2540 0.116666
2541 0.116666
2542 0.116666
2543 0.116666
2544 0.116666
2545 0.116666
2546 0.116666
2547 0.116666
2548 0.116666
2549 0.116666
2550 0.116666
2551 0.116666
2552 0.116666
2553 0.116666
2554 0.116666
2555 0.116666
2556 0.116666
2557 0.116666
2558 0.116666
2559 0.116666
2560 0.116666
2561 0.116666
2562 0.116666
2563 0.116666
2564 0.116666
2565 0.116666
2566 0.116666
2567 0.116666
2568 0.116666
2569 0.116666
2570 0.116666
2571 0.116666
2572 0.116666
2573 0.116666
2574 0.116666
2575 0.116666
2576 0.116666
2577 0.116666
2578 0.116666
2579 0.116666
2580 0.116666
2581 0.116666
2582 0.116666
2583 0.116666
2584 0.116666
2585 0.116666
2586 0.116666
2587 0.116666
2588 0.116666
2589 0.116666
2590 0.116666
2591 0.116666
2592 0.116666
2593 0.116666
2594 0.116666
2595 0.116666
2596 0.116666
2597 0.116666
2598 0.116666
2599 0.116666
2600 0.116666
2601 0.116666
2602 0.116666
2603 0.116666
2604 0.116666
2605 0.116666
2606 0.116666
2607 0.116666
2608 0.116666
2609 0.116666
2610 0.116666
2611 0.116666
2612 0.116666
2613 0.116666
2614 0.116666
2615 0.116666
2616 0.116666
2617 0.116666
2618 0.116666
2619 0.116666
2620 0.116666
2621 0.116666
2622 0.116666
2623 0.116666
2624 0.116666
2625 0.116666
2626 0.116666
2627 0.116666
2628 0.116666
2629 0.116666
2630 0.116666
2631 0.116666
2632 0.116666
2633 0.116666
2634 0.116666
2635 0.116666
2636 0.116666
2637 0.116666
2638 0.116666
2639 0.116666
2640 0.116666
2641 0.116666
2642 0.116666
2643 0.116666
2644 0.116666
2645 0.116666
2646 0.116666
2647 0.116666
2648 0.116666
2649 0.116666
2650 0.116666
2651 0.116666
2652 0.116666
2653 0.116666
2654 0.116666
2655 0.116666
2656 0.116666
2657 0.116666
2658 0.116666
2659 0.116666
2660 0.116666
2661 0.116666
2662 0.116666
2663 0.116666
2664 0.116666
2665 0.116666
2666 0.116666
2667 0.116666
2668 0.116666
2669 0.116666
2670 0.116666
2671 0.116666
2672 0.116666
2673 0.116666
2674 0.116666
2675 0.116666
2676 0.116666
2677 0.116666
2678 0.116666
2679 0.116666
2680 0.116666
2681 0.116666
2682 0.116666
2683 0.116666
2684 0.116666
2685 0.116666
2686 0.116666
2687 0.116666
2688 0.116666
2689 0.116666
2690 0.116666
2691 0.116666
2692 0.116666
2693 0.116666
2694 0.116666
2695 0.116666
2696 0.116666
2697 0.116666
2698 0.116666
2699 0.116666
2700 0.116666
2701 0.116666
2702 0.116666
2703 0.116666
2704 0.116666
2705 0.116666
2706 0.116666
2707 0.116666
2708 0.116666
2709 0.116666
2710 0.116666
2711 0.116666
2712 0.116666
2713 0.116666
2714 0.116666
2715 0.116666
2716 0.116666
2717 0.116666
2718 0.116666
2719 0.116666
2720 0.116666
2721 0.116666
2722 0.116666
2723 0.116666
2724 0.116666
2725 0.116666
2726 0.116666
2727 0.116666
2728 0.116666
2729 0.116666
2730 0.116666
2731 0.116666
2732 0.116666
2733 0.116666
2734 0.116666
2735 0.116666
2736 0.116666
2737 0.116666
2738 0.116666
2739 0.116666
2740 0.116666
2741 0.116666
2742 0.116666
2743 0.116666
2744 0.116666
2745 0.116666
2746 0.116666
2747 0.116666
2748 0.116666
2749 0.116666
2750 0.116666
2751 0.116666
2752 0.116666
2753 0.116666
2754 0.116666
2755 0.116666
2756 0.116666
2757 0.116666
2758 0.116666
2759 0.116666
2760 0.116666
2761 0.116666
2762 0.116666
2763 0.116666
2764 0.116666
2765 0.116666
2766 0.116666
2767 0.116666
2768 0.116666
2769 0.116666
2770 0.116666
2771 0.116666
2772 0.116666
2773 0.116666
2774 0.116666
2775 0.116666
2776 0.116666
2777 0.116666
2778 0.116666
2779 0.116666
2780 0.116666
2781 0.116666
2782 0.116666
2783 0.116666
2784 0.116666
2785 0.116666
2786 0.116666
2787 0.116666
2788 0.116666
2789 0.116666
2790 0.116666
2791 0.116666
2792 0.116666
2793 0.116666
2794 0.116666
2795 0.116666
2796 0.116666
2797 0.116666
2798 0.116666
2799 0.116666
2800 0.116666
2801 0.116666
2802 0.116666
2803 0.116666
2804 0.116666
2805 0.116666
2806 0.116666
2807 0.116666
2808 0.116666
2809 0.116666
2810 0.116666
2811 0.116666
2812 0.116666
2813 0.116666
2814 0.116666
2815 0.116666
2816 0.116666
2817 0.116666
2818 0.116666
2819 0.116666
2820 0.116666
2821 0.116666
2822 0.116666
2823 0.116666
2824 0.116666
2825 0.116666
2826 0.116666
2827 0.116666
2828 0.116666
2829 0.116666
2830 0.116666
2831 0.116666
2832 0.116666
2833 0.116666
2834 0.116666
2835 0.116666
2836 0.116666
2837 0.116666
2838 0.116666
2839 0.116666
2840 0.116666
2841 0.116666
2842 0.116666
2843 0.116666
2844 0.116666
2845 0.116666
2846 0.116666
2847 0.116666
2848 0.116666
2849 0.116666
2850 0.116666
2851 0.116666
2852 0.116666
2853 0.116666
2854 0.116666
2855 0.116666
2856 0.116666
2857 0.116666
2858 0.116666
2859 0.116666
2860 0.116666
2861 0.116666
2862 0.116666
2863 0.116666
2864 0.116666
2865 0.116666
2866 0.116666
2867 0.116666
2868 0.116666
2869 0.116666
2870 0.116666
2871 0.116666
2872 0.116666
2873 0.116666
2874 0.116666
2875 0.116666
2876 0.116666
2877 0.116666
2878 0.116666
2879 0.116666
2880 0.116666
2881 0.116666
2882 0.116666
2883 0.116666
2884 0.116666
2885 0.116666
2886 0.116666
2887 0.116666
2888 0.116666
2889 0.116666
2890 0.116666
2891 0.116666
2892 0.116666
2893 0.116666
2894 0.116666
2895 0.116666
2896 0.116666
2897 0.116666
2898 0.116666
2899 0.116666
2900 0.116666
2901 0.116666
2902 0.116666
2903 0.116666
2904 0.116666
2905 0.116666
2906 0.116666
2907 0.116666
2908 0.116666
2909 0.116666
2910 0.116666
2911 0.116666
2912 0.116666
2913 0.116666
2914 0.116666
2915 0.116666
2916 0.116666
2917 0.116666
2918 0.116666
2919 0.116666
2920 0.116666
2921 0.116666
2922 0.116666
2923 0.116666
2924 0.116666
2925 0.116666
2926 0.116666
2927 0.116666
2928 0.116666
2929 0.116666
2930 0.116666
2931 0.116666
2932 0.116666
2933 0.116666
2934 0.116666
2935 0.116666
2936 0.116666
2937 0.116666
2938 0.116666
2939 0.116666
2940 0.116666
2941 0.116666
2942 0.116666
2943 0.116666
2944 0.116666
2945 0.116666
2946 0.116666
2947 0.116666
2948 0.116666
2949 0.116666
2950 0.116666
2951 0.116666
2952 0.116666
2953 0.116666
2954 0.116666
2955 0.116666
2956 0.116666
2957 0.116666
2958 0.116666
2959 0.116666
2960 0.116666
2961 0.116666
2962 0.116666
2963 0.116666
2964 0.116666
2965 0.116666
2966 0.116666
2967 0.116666
2968 0.116666
2969 0.116666
2970 0.116666
2971 0.116666
2972 0.116666
2973 0.116666
2974 0.116666
2975 0.116666
2976 0.116666
2977 0.116666
2978 0.116666
2979 0.116666
2980 0.116666
2981 0.116666
2982 0.116666
2983 0.116666
2984 0.116666
2985 0.116666
2986 0.116666
2987 0.116666
2988 0.116666
2989 0.116666
2990 0.116666
2991 0.116666
2992 0.116666
2993 0.116666
2994 0.116666
2995 0.116666
2996 0.116666
2997 0.116666
2998 0.116666
2999 0.116666
3000 0.116666
3001 0.116666
3002 0.116666
3003 0.116666
3004 0.116666
3005 0.116666
3006 0.116666
3007 0.116666
3008 0.116666
3009 0.116666
3010 0.116666
3011 0.116666
3012 0.116666
3013 0.116666
3014 0.116666
3015 0.116666
3016 0.116666
3017 0.116666
3018 0.116666
3019 0.116666
3020 0.116666
3021 0.116666
3022 0.116666
3023 0.116666
3024 0.116666
3025 0.116666
3026 0.116666
3027 0.116666
3028 0.116666
3029 0.116666
3030 0.116666
3031 0.116666
3032 0.116666
3033 0.116666
3034 0.116666
3035 0.116666
3036 0.116666
3037 0.116666
3038 0.116666
3039 0.116666
3040 0.116666
3041 0.116666
3042 0.116666
3043 0.116666
3044 0.116666
3045 0.116666
3046 0.116666
3047 0.116666
3048 0.116666
3049 0.116666
3050 0.116666
3051 0.116666
3052 0.116666
3053 0.116666
3054 0.116666
3055 0.116666
3056 0.116666
3057 0.116666
3058 0.116666
3059 0.116666
3060 0.116666
3061 0.116666
3062 0.116666
3063 0.116666
3064 0.116666
3065 0.116666
3066 0.116666
3067 0.116666
3068 0.116666
3069 0.116666
3070 0.116666
3071 0.116666
3072 0.116666
3073 0.116666
3074 0.116666
3075 0.116666
3076 0.116666
3077 0.116666
3078 0.116666
3079 0.116666
3080 0.116666
3081 0.116666
3082 0.116666
3083 0.116666
3084 0.116666
3085 0.116666
3086 0.116666
3087 0.116666
3088 0.116666
3089 0.116666
3090 0.116666
3091 0.116666
3092 0.116666
3093 0.116666
3094 0.116666
3095 0.116666
3096 0.116666
3097 0.116666
3098 0.116666
3099 0.116666
3100 0.116666
3101 0.116666
3102 0.116666
3103 0.116666
3104 0.116666
3105 0.116666
3106 0.116666
3107 0.116666
3108 0.116666
3109 0.116666
3110 0.116666
3111 0.116666
3112 0.116666
3113 0.116666
3114 0.116666
3115 0.116666
3116 0.116666
3117 0.116666
3118 0.116666
3119 0.116666
3120 0.116666
3121 0.116666
3122 0.116666
3123 0.116666
3124 0.116666
3125 0.116666
3126 0.116666
3127 0.116666
3128 0.116666
3129 0.116666
3130 0.116666
3131 0.116666
3132 0.116666
3133 0.116666
3134 0.116666
3135 0.116666
3136 0.116666
3137 0.116666
3138 0.116666
3139 0.116666
3140 0.116666
3141 0.116666
3142 0.116666
3143 0.116666
3144 0.116666
3145 0.116666
3146 0.116666
3147 0.116666
3148 0.116666
3149 0.116666
3150 0.116666
3151 0.116666
3152 0.116666
3153 0.116666
3154 0.116666
3155 0.116666
3156 0.116666
3157 0.116666
3158 0.116666
3159 0.116666
3160 0.116666
3161 0.116666
3162 0.116666
3163 0.116666
3164 0.116666
3165 0.116666
3166 0.116666
3167 0.116666
3168 0.116666
3169 0.116666
3170 0.116666
3171 0.116666
3172 0.116666
3173 0.116666
3174 0.116666
3175 0.116666
3176 0.116666
3177 0.116666
3178 0.116666
3179 0.116666
3180 0.116666
3181 0.116666
3182 0.116666
3183 0.116666
3184 0.116666
3185 0.116666
3186 0.116666
3187 0.116666
3188 0.116666
3189 0.116666
3190 0.116666
3191 0.116666
3192 0.116666
3193 0.116666
3194 0.116666
3195 0.116666
3196 0.116666
3197 0.116666
3198 0.116666
3199 0.116666
3200 0.116666
3201 0.116666
3202 0.116666
3203 0.116666
3204 0.116666
3205 0.116666
3206 0.116666
3207 0.116666
3208 0.116666
3209 0.116666
3210 0.116666
3211 0.116666
3212 0.116666
3213 0.116666
3214 0.116666
3215 0.116666
3216 0.116666
3217 0.116666
3218 0.116666
3219 0.116666
3220 0.116666
3221 0.116666
3222 0.116666
3223 0.116666
3224 0.116666
3225 0.116666
3226 0.116666
3227 0.116666
3228 0.116666
3229 0.116666
3230 0.116666
3231 0.116666
3232 0.116666
3233 0.116666
3234 0.116666
3235 0.116666
3236 0.116666
3237 0.116666
3238 0.116666
3239 0.116666
3240 0.116666
3241 0.116666
3242 0.116666
3243 0.116666
3244 0.116666
3245 0.116666
3246 0.116666
3247 0.116666
3248 0.116666
3249 0.116666
3250 0.116666
3251 0.116666
3252 0.116666
3253 0.116666
3254 0.116666
3255 0.116666
3256 0.116666
3257 0.116666
3258 0.116666
3259 0.116666
3260 0.116666
3261 0.116666
3262 0.116666
3263 0.116666
3264 0.116666
3265 0.116666
3266 0.116666
3267 0.116666
3268 0.116666
3269 0.116666
3270 0.116666
3271 0.116666
3272 0.116666
3273 0.116666
3274 0.116666
3275 0.116666
3276 0.116666
3277 0.116666
3278 0.116666
3279 0.116666
3280 0.116666
3281 0.116666
3282 0.116666
3283 0.116666
3284 0.116666
3285 0.116666
3286 0.116666
3287 0.116666
3288 0.116666
3289 0.116666
3290 0.116666
3291 0.116666
3292 0.116666
3293 0.116666
3294 0.116666
3295 0.116666
3296 0.116666
3297 0.116666
3298 0.116666
3299 0.116666
3300 0.116666
3301 0.116666
3302 0.116666
3303 0.116666
3304 0.116666
3305 0.116666
3306 0.116666
3307 0.116666
3308 0.116666
3309 0.116666
3310 0.116666
3311 0.116666
3312 0.116666
3313 0.116666
3314 0.116666
3315 0.116666
3316 0.116666
3317 0.116666
3318 0.116666
3319 0.116666
3320 0.116666
3321 0.116666
3322 0.116666
3323 0.116666
3324 0.116666
3325 0.116666
3326 0.116666
3327 0.116666
3328 0.116666
3329 0.116666
3330 0.116666
3331 0.116666
3332 0.116666
3333 0.116666
3334 0.116666
3335 0.116666
3336 0.116666
3337 0.116666
3338 0.116666
3339 0.116666
3340 0.116666
3341 0.116666
3342 0.116666
3343 0.116666
3344 0.116666
3345 0.116666
3346 0.116666
3347 0.116666
3348 0.116666
3349 0.116666
3350 0.116666
3351 0.116666
3352 0.116666
3353 0.116666
3354 0.116666
3355 0.116666
3356 0.116666
3357 0.116666
3358 0.116666
3359 0.116666
3360 0.116666
3361 0.116666
3362 0.116666
3363 0.116666
3364 0.116666
3365 0.116666
3366 0.116666
3367 0.116666
3368 0.116666
3369 0.116666
3370 0.116666
3371 0.116666
3372 0.116666
3373 0.116666
3374 0.116666
3375 0.116666
3376 0.116666
3377 0.116666
3378 0.116666
3379 0.116666
3380 0.116666
3381 0.116666
3382 0.116666
3383 0.116666
3384 0.116666
3385 0.116666
3386 0.116666
3387 0.116666
3388 0.116666
3389 0.116666
3390 0.116666
3391 0.116666
3392 0.116666
3393 0.116666
3394 0.116666
3395 0.116666
3396 0.116666
3397 0.116666
3398 0.116666
3399 0.116666
3400 0.116666
3401 0.116666
3402 0.116666
3403 0.116666
3404 0.116666
3405 0.116666
3406 0.116666
3407 0.116666
3408 0.116666
3409 0.116666
3410 0.116666
3411 0.116666
3412 0.116666
3413 0.116666
3414 0.116666
3415 0.116666
3416 0.116666
3417 0.116666
3418 0.116666
3419 0.116666
3420 0.116666
3421 0.116666
3422 0.116666
3423 0.116666
3424 0.116666
3425 0.116666
3426 0.116666
3427 0.116666
3428 0.116666
3429 0.116666
3430 0.116666
3431 0.116666
3432 0.116666
3433 0.116666
3434 0.116666
3435 0.116666
3436 0.116666
3437 0.116666
3438 0.116666
3439 0.116666
3440 0.116666
3441 0.116666
3442 0.116666
3443 0.116666
3444 0.116666
3445 0.116666
3446 0.116666
3447 0.116666
3448 0.116666
3449 0.116666
3450 0.116666
3451 0.116666
3452 0.116666
3453 0.116666
3454 0.116666
3455 0.116666
3456 0.116666
3457 0.116666
3458 0.116666
3459 0.116666
3460 0.116666
3461 0.116666
3462 0.116666
3463 0.116666
3464 0.116666
3465 0.116666
3466 0.116666
3467 0.116666
3468 0.116666
3469 0.116666
3470 0.116666
3471 0.116666
3472 0.116666
3473 0.116666
3474 0.116666
3475 0.116666
3476 0.116666
3477 0.116666
3478 0.116666
3479 0.116666
3480 0.116666
3481 0.116666
3482 0.116666
3483 0.116666
3484 0.116666
3485 0.116666
3486 0.116666
3487 0.116666
3488 0.116666
3489 0.116666
3490 0.116666
3491 0.116666
3492 0.116666
3493 0.116666
3494 0.116666
3495 0.116666
3496 0.116666
3497 0.116666
3498 0.116666
3499 0.116666
3500 0.116666
3501 0.116666
3502 0.116666
3503 0.116666
3504 0.116666
3505 0.116666
3506 0.116666
3507 0.116666
3508 0.116666
3509 0.116666
3510 0.116666
3511 0.116666
3512 0.116666
3513 0.116666
3514 0.116666
3515 0.116666
3516 0.116666
3517 0.116666
3518 0.116666
3519 0.116666
3520 0.116666
3521 0.116666
3522 0.116666
3523 0.116666
3524 0.116666
3525 0.116666
3526 0.116666
3527 0.116666
3528 0.116666
3529 0.116666
3530 0.116666
3531 0.116666
3532 0.116666
3533 0.116666
3534 0.116666
3535 0.116666
3536 0.116666
3537 0.116666
3538 0.116666
3539 0.116666
3540 0.116666
3541 0.116666
3542 0.116666
3543 0.116666
3544 0.116666
3545 0.116666
3546 0.116666
3547 0.116666
3548 0.116666
3549 0.116666
3550 0.116666
3551 0.116666
3552 0.116666
3553 0.116666
3554 0.116666
3555 0.116666
3556 0.116666
3557 0.116666
3558 0.116666
3559 0.116666
3560 0.116666
3561 0.116666
3562 0.116666
3563 0.116666
3564 0.116666
3565 0.116666
3566 0.116666
3567 0.116666
3568 0.116666
3569 0.116666
3570 0.116666
3571 0.116666
3572 0.116666
3573 0.116666
3574 0.116666
3575 0.116666
3576 0.116666
3577 0.116666
3578 0.116666
3579 0.116666
3580 0.116666
3581 0.116666
3582 0.116666
3583 0.116666
3584 0.116666
3585 0.116666
3586 0.116666
3587 0.116666
3588 0.116666
3589 0.116666
3590 0.116666
3591 0.116666
3592 0.116666
3593 0.116666
3594 0.116666
3595 0.116666
3596 0.116666
3597 0.116666
3598 0.116666
3599 0.116666
3600 0.116666
3601 0.116666
3602 0.116666
3603 0.116666
3604 0.116666
3605 0.116666
3606 0.116666
3607 0.116666
3608 0.116666
3609 0.116666
3610 0.116666
3611 0.116666
3612 0.116666
3613 0.116666
3614 0.116666
3615 0.116666
3616 0.116666
3617 0.116666
3618 0.116666
3619 0.116666
3620 0.116666
3621 0.116666
3622 0.116666
3623 0.116666
3624 0.116666
3625 0.116666
3626 0.116666
3627 0.116666
3628 0.116666
3629 0.116666
3630 0.116666
3631 0.116666
3632 0.116666
3633 0.116666
3634 0.116666
3635 0.116666
3636 0.116666
3637 0.116666
3638 0.116666
3639 0.116666
3640 0.116666
3641 0.116666
3642 0.116666
3643 0.116666
3644 0.116666
3645 0.116666
3646 0.116666
3647 0.116666
3648 0.116666
3649 0.116666
3650 0.116666
3651 0.116666
3652 0.116666
3653 0.116666
3654 0.116666
3655 0.116666
3656 0.116666
3657 0.116666
3658 0.116666
3659 0.116666
3660 0.116666
3661 0.116666
3662 0.116666
3663 0.116666
3664 0.116666
3665 0.116666
3666 0.116666
3667 0.116666
3668 0.116666
3669 0.116666
3670 0.116666
3671 0.116666
3672 0.116666
3673 0.116666
3674 0.116666
3675 0.116666
3676 0.116666
3677 0.116666
3678 0.116666
3679 0.116666
3680 0.116666
3681 0.116666
3682 0.116666
3683 0.116666
3684 0.116666
3685 0.116666
3686 0.116666
3687 0.116666
3688 0.116666
3689 0.116666
3690 0.116666
3691 0.116666
3692 0.116666
3693 0.116666
3694 0.116666
3695 0.116666
3696 0.116666
3697 0.116666
3698 0.116666
3699 0.116666
3700 0.116666
3701 0.116666
3702 0.116666
3703 0.116666
3704 0.116666
3705 0.116666
3706 0.116666
3707 0.116666
3708 0.116666
3709 0.116666
3710 0.116666
3711 0.116666
3712 0.116666
3713 0.116666
3714 0.116666
3715 0.116666
3716 0.116666
3717 0.116666
3718 0.116666
3719 0.116666
3720 0.116666
3721 0.116666
3722 0.116666
3723 0.116666
3724 0.116666
3725 0.116666
3726 0.116666
3727 0.116666
3728 0.116666
3729 0.116666
3730 0.116666
3731 0.116666
3732 0.116666
3733 0.116666
3734 0.116666
3735 0.116666
3736 0.116666
3737 0.116666
3738 0.116666
3739 0.116666
3740 0.116852
3741 0.116852
3742 0.116852
3743 0.116852
3744 0.116852
3745 0.116852
3746 0.116852
3747 0.116852
3748 0.116852
3749 0.116852
3750 0.116852
3751 0.116852
3752 0.116852
3753 0.116852
3754 0.116852
3755 0.116852
3756 0.116852
3757 0.116852
3758 0.116852
3759 0.116852
3760 0.116852
3761 0.116852
3762 0.116852
3763 0.116852
3764 0.116852
3765 0.116852
3766 0.116852
3767 0.116852
3768 0.116852
3769 0.116852
3770 0.116852
3771 0.116852
3772 0.116852
3773 0.116852
3774 0.116852
3775 0.116852
3776 0.116852
3777 0.116852
3778 0.116852
3779 0.116852
3780 0.116852
3781 0.116852
3782 0.116852
3783 0.116852
3784 0.116852
3785 0.116852
3786 0.116852
3787 0.116852
3788 0.116852
3789 0.116852
3790 0.116852
3791 0.116852
3792 0.116852
3793 0.116852
3794 0.116852
3795 0.116852
3796 0.116852
3797 0.116852
3798 0.116852
3799 0.116852
3800 0.116852
3801 0.116852
3802 0.116852
3803 0.116852
3804 0.116852
3805 0.116852
3806 0.116852
3807 0.117003
3808 0.117003
3809 0.117003
3810 0.117003
3811 0.117003
3812 0.117003
3813 0.117003
3814 0.117003
3815 0.117003
3816 0.117003
3817 0.117003
3818 0.117003
3819 0.117003
3820 0.117003
3821 0.117003
3822 0.117003
3823 0.117003
3824 0.117003
3825 0.117003
3826 0.117003
3827 0.117003
3828 0.117003
3829 0.117003
3830 0.117003
3831 0.117003
3832 0.117003
3833 0.117003
3834 0.117003
3835 0.117003
3836 0.117003
3837 0.117013
3838 0.117013
3839 0.117013
3840 0.117013
3841 0.117013
3842 0.117013
3843 0.117013
3844 0.117013
3845 0.117013
3846 0.117013
3847 0.117013
3848 0.117013
3849 0.117029
3850 0.117029
3851 0.117029
3852 0.117029
3853 0.117029
3854 0.117029
3855 0.117029
3856 0.117029
3857 0.117029
3858 0.117029
3859 0.117029
3860 0.117029
3861 0.117029
3862 0.117029
3863 0.117029
3864 0.117029
3865 0.117029
3866 0.117029
3867 0.117029
3868 0.117029
3869 0.117029
3870 0.117029
3871 0.117029
3872 0.117029
3873 0.117029
3874 0.117029
3875 0.117029
3876 0.117029
3877 0.117029
3878 0.117029
3879 0.117029
3880 0.117029
3881 0.117029
3882 0.117029
3883 0.117029
3884 0.117029
3885 0.117029
3886 0.117029
3887 0.117029
3888 0.11706
3889 0.11706
3890 0.11706
3891 0.11706
3892 0.11706
3893 0.11706
3894 0.11706
3895 0.11706
3896 0.11706
3897 0.11706
3898 0.11706
3899 0.11706
3900 0.11706
3901 0.11706
3902 0.11706
3903 0.11706
3904 0.11706
3905 0.11706
3906 0.11706
3907 0.11706
3908 0.11706
3909 0.11706
3910 0.11706
3911 0.11706
3912 0.11706
3913 0.11706
3914 0.11706
3915 0.11706
3916 0.11706
3917 0.11706
3918 0.11706
3919 0.11706
3920 0.11706
3921 0.11706
3922 0.11706
3923 0.11706
3924 0.11706
3925 0.11706
3926 0.11706
3927 0.11706
3928 0.11706
3929 0.11706
3930 0.11706
3931 0.11706
3932 0.11706
3933 0.11706
3934 0.11706
3935 0.11706
3936 0.11706
3937 0.11706
3938 0.11706
3939 0.11706
3940 0.11706
3941 0.11706
3942 0.11706
3943 0.11706
3944 0.11706
3945 0.11706
3946 0.11706
3947 0.11706
3948 0.11706
3949 0.11706
3950 0.11706
3951 0.11706
3952 0.11706
3953 0.11706
3954 0.11706
3955 0.11706
3956 0.11706
3957 0.11706
3958 0.11706
3959 0.11706
3960 0.11706
3961 0.11706
3962 0.117071
3963 0.117071
3964 0.117071
3965 0.117071
3966 0.117071
3967 0.117071
3968 0.117071
3969 0.117071
3970 0.117071
3971 0.117071
3972 0.117071
3973 0.117071
3974 0.117071
3975 0.117071
3976 0.117071
3977 0.117071
3978 0.117071
3979 0.117071
3980 0.117071
3981 0.117071
3982 0.117071
3983 0.117071
3984 0.117071
3985 0.117071
3986 0.117071
3987 0.117071
3988 0.117071
3989 0.117071
3990 0.117071
3991 0.117071
3992 0.117071
3993 0.117071
3994 0.117071
3995 0.117071
3996 0.117071
3997 0.117071
3998 0.117071
3999 0.117071
4000 0.117071
4001 0.117071
4002 0.117071
4003 0.117071
4004 0.117071
4005 0.117071
4006 0.117071
4007 0.117071
4008 0.117071
4009 0.117071
4010 0.117071
4011 0.117071
4012 0.117071
4013 0.117071
4014 0.117071
4015 0.117071
4016 0.117071
4017 0.117071
4018 0.117071
4019 0.117071
4020 0.117071
4021 0.117071
4022 0.117071
4023 0.117071
4024 0.117071
4025 0.117071
4026 0.117071
4027 0.117071
4028 0.117071
4029 0.117071
4030 0.117071
4031 0.117071
4032 0.117071
4033 0.117071
4034 0.117071
4035 0.117071
4036 0.117071
4037 0.117071
4038 0.117071
4039 0.117071
4040 0.117071
4041 0.117071
4042 0.117071
4043 0.117071
4044 0.117071
4045 0.117071
4046 0.117071
4047 0.117071
4048 0.117071
4049 0.117071
4050 0.117071
4051 0.117071
4052 0.117071
4053 0.117071
4054 0.117071
4055 0.117071
4056 0.117071
4057 0.117071
4058 0.117071
4059 0.117071
4060 0.117071
4061 0.117071
4062 0.117071
4063 0.117071
4064 0.117071
4065 0.117071
4066 0.117071
4067 0.117071
4068 0.117071
4069 0.117071
4070 0.117071
4071 0.117071
4072 0.117071
4073 0.117071
4074 0.117071
4075 0.117071
4076 0.117071
4077 0.117071
4078 0.117071
4079 0.117071
4080 0.117071
4081 0.117071
4082 0.117071
4083 0.117071
4084 0.117071
4085 0.117071
4086 0.117071
4087 0.117071
4088 0.117071
4089 0.117071
4090 0.117071
4091 0.117071
4092 0.117071
4093 0.117071
4094 0.117071
4095 0.117071
4096 0.117071
4097 0.117071
4098 0.117071
4099 0.117071
4100 0.117071
4101 0.117071
4102 0.117071
4103 0.117071
4104 0.117071
4105 0.117071
4106 0.117071
4107 0.117071
4108 0.117071
4109 0.117071
4110 0.117071
4111 0.117071
4112 0.117071
4113 0.117071
4114 0.117071
4115 0.117071
4116 0.117071
4117 0.117071
4118 0.117071
4119 0.117071
4120 0.117071
4121 0.117071
4122 0.117071
4123 0.117071
4124 0.117071
4125 0.117071
4126 0.117071
4127 0.117071
4128 0.117071
4129 0.117071
4130 0.117071
4131 0.117071
4132 0.117071
4133 0.117071
4134 0.117071
4135 0.117071
4136 0.117071
4137 0.117071
4138 0.117071
4139 0.117071
4140 0.117071
4141 0.117071
4142 0.117071
4143 0.117071
4144 0.117071
4145 0.117071
4146 0.117071
4147 0.117071
4148 0.117071
4149 0.117071
4150 0.117071
4151 0.117071
4152 0.117071
4153 0.117071
4154 0.117071
4155 0.117071
4156 0.117071
4157 0.117071
4158 0.117071
4159 0.117071
4160 0.117071
4161 0.117071
4162 0.117071
4163 0.117071
4164 0.117071
4165 0.117071
4166 0.117071
4167 0.117071
4168 0.117071
4169 0.117071
4170 0.117071
4171 0.117071
4172 0.117071
4173 0.117071
4174 0.117071
4175 0.117071
4176 0.117071
4177 0.117071
4178 0.117071
4179 0.117071
4180 0.117071
4181 0.117071
4182 0.117071
4183 0.117071
4184 0.117071
4185 0.117071
4186 0.117071
4187 0.117071
4188 0.117071
4189 0.117071
4190 0.117071
4191 0.117071
4192 0.117071
4193 0.117071
4194 0.117071
4195 0.117071
4196 0.117071
4197 0.117071
4198 0.117071
4199 0.117071
4200 0.117071
4201 0.117071
4202 0.117071
4203 0.117071
4204 0.117071
4205 0.117071
4206 0.117071
4207 0.117071
4208 0.117071
4209 0.117071
4210 0.117071
4211 0.117071
4212 0.117071
4213 0.117071
4214 0.117071
4215 0.117071
4216 0.117071
4217 0.117071
4218 0.117071
4219 0.117071
4220 0.117071
4221 0.117071
4222 0.117071
4223 0.117071
4224 0.117071
4225 0.117071
4226 0.117071
4227 0.117071
4228 0.117071
4229 0.117071
4230 0.117071
4231 0.117071
4232 0.117071
4233 0.117071
4234 0.117071
4235 0.117071
4236 0.117071
4237 0.117071
4238 0.117071
4239 0.117071
4240 0.117071
4241 0.117071
4242 0.117071
4243 0.117071
4244 0.117071
4245 0.117071
4246 0.117071
4247 0.117071
4248 0.117071
4249 0.117071
4250 0.117071
4251 0.117071
4252 0.117071
4253 0.117071
4254 0.117071
4255 0.117071
4256 0.117071
4257 0.117071
4258 0.117071
4259 0.117071
4260 0.117071
4261 0.117071
4262 0.117071
4263 0.117071
4264 0.117071
4265 0.117071
4266 0.117071
4267 0.117071
4268 0.117071
4269 0.117071
4270 0.117071
4271 0.117071
4272 0.117071
4273 0.117071
4274 0.117071
4275 0.117071
4276 0.117071
4277 0.117071
4278 0.117071
4279 0.117071
4280 0.117071
4281 0.117071
4282 0.117071
4283 0.117071
4284 0.117071
4285 0.117071
4286 0.117071
4287 0.117071
4288 0.117071
4289 0.117071
4290 0.117071
4291 0.117071
4292 0.117071
4293 0.117071
4294 0.117071
4295 0.117071
4296 0.117071
4297 0.117071
4298 0.117071
4299 0.117071
4300 0.117071
4301 0.117071
4302 0.117071
4303 0.117071
4304 0.117071
4305 0.117071
4306 0.117071
4307 0.117071
4308 0.117071
4309 0.117071
4310 0.117071
4311 0.117071
4312 0.117071
4313 0.117071
4314 0.117071
4315 0.117071
4316 0.117071
4317 0.117071
4318 0.117071
4319 0.117071
4320 0.117071
4321 0.117071
4322 0.117071
4323 0.117071
4324 0.117071
4325 0.117071
4326 0.117071
4327 0.117071
4328 0.117071
4329 0.117071
4330 0.117071
4331 0.117071
4332 0.117071
4333 0.117071
4334 0.117071
4335 0.117071
4336 0.117071
4337 0.117071
4338 0.117071
4339 0.117071
4340 0.117071
4341 0.117071
4342 0.117071
4343 0.117071
4344 0.117071
4345 0.117071
4346 0.117071
4347 0.117071
4348 0.117071
4349 0.117071
4350 0.117071
4351 0.117071
4352 0.117071
4353 0.117071
4354 0.117071
4355 0.117071
4356 0.117071
4357 0.117071
4358 0.117071
4359 0.117071
4360 0.117071
4361 0.117071
4362 0.117071
4363 0.117071
4364 0.117071
4365 0.117071
4366 0.117071
4367 0.117071
4368 0.117071
4369 0.117071
4370 0.117071
4371 0.117071
4372 0.117071
4373 0.117071
4374 0.117071
4375 0.117071
4376 0.117071
4377 0.117071
4378 0.117071
4379 0.117071
4380 0.117071
4381 0.117071
4382 0.117071
4383 0.117071
4384 0.117071
4385 0.117071
4386 0.117071
4387 0.117071
4388 0.117071
4389 0.117071
4390 0.117071
4391 0.117071
4392 0.117071
4393 0.117071
4394 0.117071
4395 0.117071
4396 0.117071
4397 0.117071
4398 0.117071
4399 0.117071
4400 0.117071
4401 0.117071
4402 0.117071
4403 0.117071
4404 0.117071
4405 0.117071
4406 0.117071
4407 0.117071
4408 0.117071
4409 0.117071
4410 0.117071
4411 0.117071
4412 0.117071
4413 0.117071
4414 0.117071
4415 0.117071
4416 0.117071
4417 0.117071
4418 0.117071
4419 0.117071
4420 0.117071
4421 0.117071
4422 0.117071
4423 0.117071
4424 0.117071
4425 0.117071
4426 0.117071
4427 0.117071
4428 0.117071
4429 0.117071
4430 0.117071
4431 0.117071
4432 0.117071
4433 0.117071
4434 0.117071
4435 0.117071
4436 0.117071
4437 0.117071
4438 0.117071
4439 0.117071
4440 0.117071
4441 0.117071
4442 0.117071
4443 0.117071
4444 0.117071
4445 0.117071
4446 0.117071
4447 0.117071
4448 0.117071
4449 0.117071
4450 0.117071
4451 0.117071
4452 0.117071
4453 0.117071
4454 0.117071
4455 0.117071
4456 0.117071
4457 0.117071
4458 0.117071
4459 0.117071
4460 0.117071
4461 0.117071
4462 0.117071
4463 0.117071
4464 0.117071
4465 0.117071
4466 0.117071
4467 0.117071
4468 0.117071
4469 0.117071
4470 0.117071
4471 0.117071
4472 0.117071
4473 0.117071
4474 0.117071
4475 0.117071
4476 0.117071
4477 0.117071
4478 0.117071
4479 0.117071
4480 0.117071
4481 0.117071
4482 0.117071
4483 0.117071
4484 0.117071
4485 0.117071
4486 0.117071
4487 0.117071
4488 0.117071
4489 0.117071
4490 0.117071
4491 0.117071
4492 0.117071
4493 0.117071
4494 0.117071
4495 0.117071
4496 0.117071
4497 0.117071
4498 0.117071
4499 0.117071
4500 0.117071
4501 0.117071
4502 0.117071
4503 0.117071
4504 0.117071
4505 0.117071
4506 0.117071
4507 0.117071
4508 0.117071
4509 0.117071
4510 0.117071
4511 0.117071
4512 0.117071
4513 0.117071
4514 0.117071
4515 0.117071
4516 0.117071
4517 0.117071
4518 0.117071
4519 0.117071
4520 0.117071
4521 0.117071
4522 0.117071
4523 0.117071
4524 0.117071
4525 0.117071
4526 0.117071
4527 0.117071
4528 0.117071
4529 0.117071
4530 0.117071
4531 0.117071
4532 0.117071
4533 0.117071
4534 0.117071
4535 0.117071
4536 0.117071
4537 0.117071
4538 0.117071
4539 0.117071
4540 0.117071
4541 0.117071
4542 0.117071
4543 0.117071
4544 0.117071
4545 0.117071
4546 0.117071
4547 0.117071
4548 0.117071
4549 0.117071
4550 0.117071
4551 0.117071
4552 0.117071
4553 0.117071
4554 0.117071
4555 0.117071
4556 0.117071
4557 0.117071
4558 0.117071
4559 0.117071
4560 0.117071
4561 0.117071
4562 0.117071
4563 0.117071
4564 0.117071
4565 0.117071
4566 0.117071
4567 0.117071
4568 0.117071
4569 0.117071
4570 0.117071
4571 0.117071
4572 0.117071
4573 0.117071
4574 0.117071
4575 0.117071
4576 0.117071
4577 0.117071
4578 0.117071
4579 0.117071
4580 0.117071
4581 0.117071
4582 0.117071
4583 0.117071
4584 0.117071
4585 0.117071
4586 0.117071
4587 0.117071
4588 0.117071
4589 0.117071
4590 0.117071
4591 0.117071
4592 0.117071
4593 0.117071
4594 0.117071
4595 0.117151
4596 0.117151
4597 0.117151
4598 0.117151
4599 0.117151
4600 0.117151
4601 0.117151
4602 0.117151
4603 0.117151
4604 0.117151
4605 0.117151
4606 0.117151
4607 0.117151
4608 0.117151
4609 0.117151
4610 0.117151
4611 0.117151
4612 0.117151
4613 0.117151
4614 0.117151
4615 0.117151
4616 0.117151
4617 0.117151
4618 0.117151
4619 0.117151
4620 0.117151
4621 0.117151
4622 0.117151
4623 0.117151
4624 0.117151
4625 0.117151
4626 0.117151
4627 0.117151
4628 0.117151
4629 0.117151
4630 0.117151
4631 0.117151
4632 0.117151
4633 0.117151
4634 0.117151
4635 0.117151
4636 0.117151
4637 0.117151
4638 0.117151
4639 0.117151
4640 0.117151
4641 0.117151
4642 0.117151
4643 0.117151
4644 0.117151
4645 0.117151
4646 0.117151
4647 0.117151
4648 0.117151
4649 0.117151
4650 0.117151
4651 0.117151
4652 0.117151
4653 0.117151
4654 0.117151
4655 0.117151
4656 0.117151
4657 0.117151
4658 0.117151
4659 0.117151
4660 0.117151
4661 0.117151
4662 0.117151
4663 0.117151
4664 0.117151
4665 0.117151
4666 0.117151
4667 0.117151
4668 0.117151
4669 0.117151
4670 0.117151
4671 0.117151
4672 0.117151
4673 0.117151
4674 0.117151
4675 0.117151
4676 0.117151
4677 0.117151
4678 0.117151
4679 0.117151
4680 0.117151
4681 0.117151
4682 0.117151
4683 0.117151
4684 0.117151
4685 0.117151
4686 0.117151
4687 0.117151
4688 0.117151
4689 0.117151
4690 0.117151
4691 0.117151
4692 0.117151
4693 0.117151
4694 0.117151
4695 0.117151
4696 0.117151
4697 0.117151
4698 0.117151
4699 0.117151
4700 0.117151
4701 0.117151
4702 0.117151
4703 0.117151
4704 0.117151
4705 0.117151
4706 0.117151
4707 0.117151
4708 0.117151
4709 0.117151
4710 0.117151
4711 0.117151
4712 0.117151
4713 0.117151
4714 0.117151
4715 0.117151
4716 0.117151
4717 0.117151
4718 0.117151
4719 0.117151
4720 0.117151
4721 0.117151
4722 0.117151
4723 0.117151
4724 0.117151
4725 0.117151
4726 0.117151
4727 0.117151
4728 0.117151
4729 0.117151
4730 0.117151
4731 0.117151
4732 0.117151
4733 0.117151
4734 0.117151
4735 0.117151
4736 0.117151
4737 0.117151
4738 0.117151
4739 0.117151
4740 0.117151
4741 0.117151
4742 0.117151
4743 0.117151
4744 0.117151
4745 0.117151
4746 0.117151
4747 0.117151
4748 0.117151
4749 0.117151
4750 0.117151
4751 0.117151
4752 0.117151
4753 0.117151
4754 0.117151
4755 0.117151
4756 0.117151
4757 0.117151
4758 0.117151
4759 0.117151
4760 0.117151
4761 0.117151
4762 0.117151
4763 0.117151
4764 0.117151
4765 0.117151
4766 0.117151
4767 0.117151
4768 0.117151
4769 0.117151
4770 0.117151
4771 0.117151
4772 0.117151
4773 0.117151
4774 0.117151
4775 0.117151
4776 0.117151
4777 0.117151
4778 0.117151
4779 0.117151
4780 0.117151
4781 0.117151
4782 0.117151
4783 0.117151
4784 0.117151
4785 0.117151
4786 0.117151
4787 0.117151
4788 0.117151
4789 0.117151
4790 0.117151
4791 0.117151
4792 0.117151
4793 0.117151
4794 0.117151
4795 0.117151
4796 0.117151
4797 0.117151
4798 0.117151
4799 0.117151
4800 0.117151
4801 0.117151
4802 0.117151
4803 0.117151
4804 0.117151
4805 0.117151
4806 0.117151
4807 0.117151
4808 0.117151
4809 0.117151
4810 0.117151
4811 0.117151
4812 0.117151
4813 0.117151
4814 0.117151
4815 0.117151
4816 0.117151
4817 0.117151
4818 0.117151
4819 0.117151
4820 0.117151
4821 0.117151
4822 0.117151
4823 0.117151
4824 0.117151
4825 0.117151
4826 0.117151
4827 0.117151
4828 0.117151
4829 0.117151
4830 0.117151
4831 0.117151
4832 0.117151
4833 0.117151
4834 0.117151
4835 0.117151
4836 0.117151
4837 0.117151
4838 0.117151
4839 0.117151
4840 0.117151
4841 0.117151
4842 0.117151
4843 0.117151
4844 0.117151
4845 0.117151
4846 0.117151
4847 0.117151
4848 0.117151
4849 0.117151
4850 0.117151
4851 0.117151
4852 0.117151
4853 0.117151
4854 0.117151
4855 0.117151
4856 0.117151
4857 0.117151
4858 0.117151
4859 0.117151
4860 0.117151
4861 0.117151
4862 0.117151
4863 0.117151
4864 0.117151
4865 0.117151
4866 0.117151
4867 0.117151
4868 0.117151
4869 0.117151
4870 0.117151
4871 0.117151
4872 0.117151
4873 0.117151
4874 0.117151
4875 0.117151
4876 0.117151
4877 0.117151
4878 0.117151
4879 0.117151
4880 0.117151
4881 0.117151
4882 0.117151
4883 0.11726
4884 0.11726
4885 0.11726
4886 0.11726
4887 0.11726
4888 0.11726
4889 0.11726
4890 0.11726
4891 0.11726
4892 0.11726
4893 0.11726
4894 0.11726
4895 0.11726
4896 0.11726
4897 0.11726
4898 0.11726
4899 0.11726
4900 0.11726
4901 0.11726
4902 0.11726
4903 0.11726
4904 0.11726
4905 0.11726
4906 0.11726
4907 0.11726
4908 0.11726
4909 0.11726
4910 0.11726
4911 0.11726
4912 0.11726
4913 0.11726
4914 0.11726
4915 0.11726
4916 0.11726
4917 0.11726
4918 0.11726
4919 0.11726
4920 0.11726
4921 0.11726
4922 0.11726
4923 0.11726
4924 0.11726
4925 0.11726
4926 0.11726
4927 0.11726
4928 0.11726
4929 0.11726
4930 0.11726
4931 0.11726
4932 0.11726
4933 0.11726
4934 0.11726
4935 0.11726
4936 0.11726
4937 0.11726
4938 0.11726
4939 0.11726
4940 0.11726
4941 0.11726
4942 0.11726
4943 0.11726
4944 0.11726
4945 0.11726
4946 0.11726
4947 0.11726
4948 0.11726
4949 0.11726
4950 0.11726
4951 0.11726
4952 0.11726
4953 0.11726
4954 0.11726
4955 0.11726
4956 0.11726
4957 0.11726
4958 0.11726
4959 0.11726
4960 0.11726
4961 0.11726
4962 0.11726
4963 0.11726
4964 0.11726
4965 0.11726
4966 0.11726
4967 0.11726
4968 0.11726
4969 0.11726
4970 0.11726
4971 0.11726
4972 0.11726
4973 0.11726
4974 0.11726
4975 0.11726
4976 0.11726
4977 0.11726
4978 0.11726
4979 0.11726
4980 0.11726
4981 0.11726
4982 0.11726
4983 0.11726
4984 0.11726
4985 0.11726
4986 0.11726
4987 0.11726
4988 0.11726
4989 0.11726
4990 0.11726
4991 0.11726
4992 0.11726
4993 0.11726
4994 0.11726
4995 0.11726
4996 0.11726
4997 0.11726
4998 0.11726
4999 0.11726
5000 0.11726
5001 0.11726
5002 0.11726
5003 0.11726
5004 0.11726
5005 0.11726
5006 0.11726
5007 0.11726
5008 0.11726
5009 0.11726
5010 0.11726
5011 0.11726
5012 0.11726
5013 0.11726
5014 0.11726
5015 0.11726
5016 0.11726
5017 0.11726
5018 0.11726
5019 0.11726
5020 0.11726
5021 0.11726
5022 0.11726
5023 0.11726
5024 0.11726
5025 0.11726
5026 0.11726
5027 0.11726
5028 0.11726
5029 0.11726
5030 0.11726
5031 0.11726
5032 0.11726
5033 0.11726
5034 0.11726
5035 0.11726
5036 0.11726
5037 0.11726
5038 0.11726
5039 0.11726
5040 0.11726
5041 0.11726
5042 0.11726
5043 0.11726
5044 0.11726
5045 0.11726
5046 0.11726
5047 0.11726
5048 0.11726
5049 0.11726
5050 0.11726
5051 0.11726
5052 0.11726
5053 0.11726
5054 0.11726
5055 0.11726
5056 0.11726
5057 0.11726
5058 0.11726
5059 0.11726
5060 0.11726
5061 0.11726
5062 0.11726
5063 0.11726
5064 0.11726
5065 0.11726
5066 0.11726
5067 0.11726
5068 0.11726
5069 0.11726
5070 0.11726
5071 0.11726
5072 0.11726
5073 0.11726
5074 0.11726
5075 0.11726
5076 0.11726
5077 0.11726
5078 0.11726
5079 0.11726
5080 0.11726
5081 0.11726
5082 0.11726
5083 0.11726
5084 0.11726
5085 0.11726
5086 0.11726
5087 0.11726
5088 0.11726
5089 0.11726
5090 0.11726
5091 0.11726
5092 0.11726
5093 0.11726
5094 0.11726
5095 0.11726
5096 0.11726
5097 0.11726
5098 0.11726
5099 0.11726
5100 0.11726
5101 0.11726
5102 0.11726
5103 0.11726
5104 0.11726
5105 0.11726
5106 0.11726
5107 0.11726
5108 0.11726
5109 0.11726
5110 0.11726
5111 0.11726
5112 0.11726
5113 0.11726
5114 0.11726
5115 0.11726
5116 0.11726
5117 0.11726
5118 0.11726
5119 0.11726
5120 0.11726
5121 0.11726
5122 0.11726
5123 0.11726
5124 0.11726
5125 0.11726
5126 0.11726
5127 0.11726
5128 0.11726
5129 0.11726
5130 0.11726
5131 0.11726
5132 0.11726
5133 0.11726
5134 0.11726
5135 0.11726
5136 0.11726
5137 0.11726
5138 0.11726
5139 0.11726
5140 0.11726
5141 0.11726
5142 0.11726
5143 0.11726
5144 0.11726
5145 0.11726
5146 0.11726
5147 0.11726
5148 0.11726
5149 0.11726
5150 0.11726
5151 0.11726
5152 0.11726
5153 0.11726
5154 0.11726
5155 0.11726
5156 0.11726
5157 0.11726
5158 0.11726
5159 0.11726
5160 0.11726
5161 0.11726
5162 0.11726
5163 0.11726
5164 0.11726
5165 0.11726
5166 0.11726
5167 0.11726
5168 0.11726
5169 0.11726
5170 0.11726
5171 0.11726
5172 0.11726
5173 0.11726
5174 0.11726
5175 0.11726
5176 0.11726
5177 0.11726
5178 0.11726
5179 0.11726
5180 0.11726
5181 0.11726
5182 0.11726
5183 0.11726
5184 0.11726
5185 0.11726
5186 0.11726
5187 0.11726
5188 0.11726
5189 0.11726
5190 0.11726
5191 0.11726
5192 0.11726
5193 0.11726
5194 0.11726
5195 0.11726
5196 0.11726
5197 0.11726
5198 0.11726
5199 0.11726
5200 0.11726
5201 0.11726
5202 0.11726
5203 0.11726
5204 0.11726
5205 0.11726
5206 0.11726
5207 0.11726
5208 0.11726
5209 0.11726
5210 0.11726
5211 0.11726
5212 0.11726
5213 0.11726
5214 0.11726
5215 0.11726
5216 0.11726
5217 0.11726
5218 0.11726
5219 0.11726
5220 0.11726
5221 0.11726
5222 0.11726
5223 0.11726
5224 0.11726
5225 0.11726
5226 0.11726
5227 0.11726
5228 0.11726
5229 0.11726
5230 0.11726
5231 0.11726
5232 0.11726
5233 0.11726
5234 0.11726
5235 0.11726
5236 0.11726
5237 0.11726
5238 0.11726
5239 0.11726
5240 0.11726
5241 0.11726
5242 0.11726
5243 0.11726
5244 0.11726
5245 0.11726
5246 0.11726
5247 0.11726
5248 0.11726
5249 0.11726
5250 0.11726
5251 0.11726
5252 0.11726
5253 0.11726
5254 0.11726
5255 0.11726
5256 0.11726
5257 0.11726
5258 0.11726
5259 0.11726
5260 0.11726
5261 0.11726
5262 0.11726
5263 0.11726
5264 0.11726
5265 0.11726
5266 0.11726
5267 0.11726
5268 0.11726
5269 0.11726
5270 0.11726
5271 0.11726
5272 0.11726
5273 0.11726
5274 0.11726
5275 0.11726
5276 0.11726
5277 0.11726
5278 0.11726
5279 0.11726
5280 0.11726
5281 0.11726
5282 0.11726
5283 0.11726
5284 0.11726
5285 0.11726
5286 0.11726
5287 0.11726
5288 0.11726
5289 0.11726
5290 0.11726
5291 0.11726
5292 0.11726
5293 0.11726
5294 0.11726
5295 0.11726
5296 0.11726
5297 0.11726
5298 0.11726
5299 0.11726
5300 0.11726
5301 0.11726
5302 0.11726
5303 0.11726
5304 0.11726
5305 0.11726
5306 0.11726
5307 0.11726
5308 0.11726
5309 0.11726
5310 0.11726
5311 0.11726
5312 0.11726
5313 0.11726
5314 0.11726
5315 0.11726
5316 0.11726
5317 0.11726
5318 0.11726
5319 0.11726
5320 0.11726
5321 0.11726
5322 0.11726
5323 0.11726
5324 0.11726
5325 0.11726
5326 0.11726
5327 0.11726
5328 0.11726
5329 0.11726
5330 0.11726
5331 0.11726
5332 0.11726
5333 0.11726
5334 0.11726
5335 0.11726
5336 0.11726
5337 0.11726
5338 0.11726
5339 0.11726
5340 0.11726
5341 0.11726
5342 0.11726
5343 0.11726
5344 0.11726
5345 0.11726
5346 0.11726
5347 0.11726
5348 0.11726
5349 0.11726
5350 0.11726
5351 0.11726
5352 0.11726
5353 0.11726
5354 0.11726
5355 0.11726
5356 0.11726
5357 0.11726
5358 0.11726
5359 0.11726
5360 0.11726
5361 0.11726
5362 0.11726
5363 0.11726
5364 0.11726
5365 0.11726
5366 0.11726
5367 0.11726
5368 0.11726
5369 0.11726
5370 0.11726
5371 0.11726
5372 0.11726
5373 0.11726
5374 0.11726
5375 0.11726
5376 0.11726
5377 0.11726
5378 0.11726
5379 0.11726
5380 0.11726
5381 0.11726
5382 0.11726
5383 0.11726
5384 0.11726
5385 0.11726
5386 0.11726
5387 0.11726
5388 0.11726
5389 0.11726
5390 0.11726
5391 0.11726
5392 0.11726
5393 0.11726
5394 0.11726
5395 0.11726
5396 0.11726
5397 0.11726
5398 0.11726
5399 0.11726
5400 0.11726
5401 0.11726
5402 0.11726
5403 0.11726
5404 0.11726
5405 0.11726
5406 0.11726
5407 0.11726
5408 0.11726
5409 0.11726
5410 0.11726
5411 0.11726
5412 0.11726
5413 0.11726
5414 0.11726
5415 0.11726
5416 0.11726
5417 0.11726
5418 0.11726
5419 0.11726
5420 0.11726
5421 0.11726
5422 0.11726
5423 0.11726
5424 0.11726
5425 0.11726
5426 0.11726
5427 0.11726
5428 0.11726
5429 0.11726
5430 0.11726
5431 0.11726
5432 0.11726
5433 0.11726
5434 0.11726
5435 0.11726
5436 0.11726
5437 0.11726
5438 0.11726
5439 0.11726
5440 0.11726
5441 0.11726
5442 0.11726
5443 0.11726
5444 0.11726
5445 0.11726
5446 0.11726
5447 0.11726
5448 0.11726
5449 0.11726
5450 0.11726
5451 0.11726
5452 0.11726
5453 0.11726
5454 0.11726
5455 0.11726
5456 0.11726
5457 0.11726
5458 0.11726
5459 0.11726
5460 0.11726
5461 0.11726
5462 0.11726
5463 0.11726
5464 0.11726
5465 0.11726
5466 0.11726
5467 0.11726
5468 0.11726
5469 0.11726
5470 0.11726
5471 0.11726
5472 0.11726
5473 0.11726
5474 0.11726
5475 0.11726
5476 0.11726
5477 0.11726
5478 0.11726
5479 0.11726
5480 0.11726
5481 0.11726
5482 0.11726
5483 0.11726
5484 0.11726
5485 0.11726
5486 0.11726
5487 0.11726
5488 0.11726
5489 0.11726
5490 0.11726
5491 0.11726
5492 0.11726
5493 0.11726
5494 0.11726
5495 0.11726
5496 0.11726
5497 0.11726
5498 0.11726
5499 0.11726
5500 0.11726
5501 0.11726
5502 0.11726
5503 0.11726
5504 0.11726
5505 0.11726
5506 0.11726
5507 0.11726
5508 0.11726
5509 0.11726
5510 0.11726
5511 0.11726
5512 0.11726
5513 0.11726
5514 0.11726
5515 0.11726
5516 0.11726
5517 0.11726
5518 0.11726
5519 0.11726
5520 0.11726
5521 0.11726
5522 0.11726
5523 0.11726
5524 0.11726
5525 0.11726
5526 0.11726
5527 0.11726
5528 0.11726
5529 0.11726
5530 0.11726
5531 0.11726
5532 0.11726
5533 0.11726
5534 0.11726
5535 0.11726
5536 0.11726
5537 0.11726
5538 0.11726
5539 0.11726
5540 0.11726
5541 0.11726
5542 0.117583
5543 0.117583
5544 0.117583
5545 0.117583
5546 0.117583
5547 0.117583
5548 0.117583
5549 0.117583
5550 0.117583
5551 0.117583
5552 0.118043
5553 0.118043
5554 0.118043
5555 0.118043
5556 0.118043
5557 0.118043
5558 0.118043
5559 0.118043
5560 0.118043
5561 0.118043
5562 0.118043
5563 0.118043
5564 0.118043
5565 0.118043
5566 0.118043
5567 0.118043
5568 0.118043
5569 0.118043
5570 0.118043
5571 0.118043
5572 0.118043
5573 0.118043
5574 0.118043
5575 0.118043
5576 0.118043
5577 0.118043
5578 0.118043
5579 0.118043
5580 0.118043
5581 0.118043
5582 0.118043
5583 0.118043
5584 0.118043
5585 0.118043
5586 0.118043
5587 0.118043
5588 0.118043
5589 0.118043
5590 0.118043
5591 0.118043
5592 0.118043
5593 0.118043
5594 0.118043
5595 0.118043
5596 0.118043
5597 0.118043
5598 0.118043
5599 0.118043
5600 0.118043
5601 0.118043
5602 0.118043
5603 0.118043
5604 0.118043
5605 0.118043
5606 0.118043
5607 0.118043
5608 0.118043
5609 0.118043
5610 0.118043
5611 0.118043
5612 0.118043
5613 0.118043
5614 0.118043
5615 0.118043
5616 0.118043
5617 0.118043
5618 0.118043
5619 0.118043
5620 0.118043
5621 0.118043
5622 0.118043
5623 0.118043
5624 0.118043
5625 0.118043
5626 0.118043
5627 0.118043
5628 0.118043
5629 0.118043
5630 0.118043
5631 0.118043
5632 0.118043
5633 0.118043
5634 0.118043
5635 0.118043
5636 0.118043
5637 0.118043
5638 0.118043
5639 0.118043
5640 0.118043
5641 0.118043
5642 0.118043
5643 0.118043
5644 0.118043
5645 0.118043
5646 0.118043
5647 0.118043
5648 0.118043
5649 0.118043
5650 0.118043
5651 0.118043
5652 0.118043
5653 0.118043
5654 0.118043
5655 0.118043
5656 0.118043
5657 0.118043
5658 0.118043
5659 0.118043
5660 0.118043
5661 0.118043
5662 0.118043
5663 0.118043
5664 0.118043
5665 0.118043
5666 0.118043
5667 0.118043
5668 0.118043
5669 0.118043
5670 0.118043
5671 0.118043
5672 0.118043
5673 0.118043
5674 0.118043
5675 0.118043
5676 0.118043
5677 0.118043
5678 0.118043
5679 0.118043
5680 0.118043
5681 0.118043
5682 0.118043
5683 0.118043
5684 0.118043
5685 0.118043
5686 0.118043
5687 0.118043
5688 0.118043
5689 0.118043
5690 0.118043
5691 0.118043
5692 0.118043
5693 0.118043
5694 0.118043
5695 0.118043
5696 0.118043
5697 0.118043
5698 0.118043
5699 0.118043
5700 0.118043
5701 0.118043
5702 0.118043
5703 0.118043
5704 0.118043
5705 0.118043
5706 0.118043
5707 0.118043
5708 0.118043
5709 0.118043
5710 0.118043
5711 0.118043
5712 0.118043
5713 0.118043
5714 0.118043
5715 0.118043
5716 0.118043
5717 0.118043
5718 0.118043
5719 0.118043
5720 0.118043
5721 0.118043
5722 0.118043
5723 0.118043
5724 0.118043
5725 0.118043
5726 0.118043
5727 0.118043
5728 0.118043
5729 0.118043
5730 0.118043
5731 0.118043
5732 0.118043
5733 0.118043
5734 0.118043
5735 0.118043
5736 0.118043
5737 0.118043
5738 0.118043
5739 0.118043
5740 0.118043
5741 0.118043
5742 0.118043
5743 0.118043
5744 0.118043
5745 0.118043
5746 0.118043
5747 0.118043
5748 0.118043
5749 0.118043
5750 0.118043
5751 0.118043
5752 0.118043
5753 0.118043
5754 0.118043
5755 0.118043
5756 0.118043
5757 0.118043
5758 0.118043
5759 0.118043
5760 0.118043
5761 0.118043
5762 0.118043
5763 0.118043
5764 0.118043
5765 0.118043
5766 0.118043
5767 0.118043
5768 0.118043
5769 0.118043
5770 0.118043
5771 0.118043
5772 0.118043
5773 0.118043
5774 0.118043
5775 0.118043
5776 0.118043
5777 0.118043
5778 0.118043
5779 0.118043
5780 0.118043
5781 0.118043
5782 0.118043
5783 0.118043
5784 0.118043
5785 0.118043
5786 0.118043
5787 0.118043
5788 0.118043
5789 0.118043
5790 0.118043
5791 0.118043
5792 0.118043
5793 0.118043
5794 0.118043
5795 0.118043
5796 0.118043
5797 0.118043
5798 0.118043
5799 0.118043
5800 0.118043
5801 0.118043
5802 0.118043
5803 0.118043
5804 0.118043
5805 0.118043
5806 0.118043
5807 0.118043
5808 0.118043
5809 0.118043
5810 0.118043
5811 0.118043
5812 0.118043
5813 0.118043
5814 0.118043
5815 0.118043
5816 0.118043
5817 0.118043
5818 0.118043
5819 0.118043
5820 0.118043
5821 0.118043
5822 0.118043
5823 0.118043
5824 0.118043
5825 0.118043
5826 0.118043
5827 0.118043
5828 0.118043
5829 0.118043
5830 0.118043
5831 0.118043
5832 0.118043
5833 0.118043
5834 0.118043
5835 0.118043
5836 0.118043
5837 0.118043
5838 0.118043
5839 0.118043
5840 0.118043
5841 0.118043
5842 0.118043
5843 0.118043
5844 0.118043
5845 0.118043
5846 0.118043
5847 0.118043
5848 0.118043
5849 0.118043
5850 0.118043
5851 0.118043
5852 0.118043
5853 0.118043
5854 0.118043
5855 0.118043
5856 0.118043
5857 0.118043
5858 0.118043
5859 0.118043
5860 0.118043
5861 0.118043
5862 0.118043
5863 0.118043
5864 0.118043
5865 0.118043
5866 0.118043
5867 0.118043
5868 0.118043
5869 0.118043
5870 0.118043
5871 0.118043
5872 0.118043
5873 0.118043
5874 0.118043
5875 0.118043
5876 0.118043
5877 0.118043
5878 0.118043
5879 0.118043
5880 0.118043
5881 0.118043
5882 0.118043
5883 0.118043
5884 0.118043
5885 0.118043
5886 0.118043
5887 0.118043
5888 0.118043
5889 0.118043
5890 0.118043
5891 0.118043
5892 0.118043
5893 0.118043
5894 0.118043
5895 0.118043
5896 0.118043
5897 0.118043
5898 0.118043
5899 0.118043
5900 0.118043
5901 0.118043
5902 0.118043
5903 0.118043
5904 0.118043
5905 0.118043
5906 0.118043
5907 0.118043
5908 0.118043
5909 0.118043
5910 0.118043
5911 0.118043
5912 0.118043
5913 0.118043
5914 0.118043
5915 0.118043
5916 0.118043
5917 0.118043
5918 0.118043
5919 0.118043
5920 0.118043
5921 0.118043
5922 0.118043
5923 0.118043
5924 0.118043
5925 0.118043
5926 0.118043
5927 0.118043
5928 0.118043
5929 0.118043
5930 0.118043
5931 0.118043
5932 0.118043
5933 0.118043
5934 0.118043
5935 0.118043
5936 0.118043
5937 0.118043
5938 0.118043
5939 0.118043
5940 0.118043
5941 0.118043
5942 0.118043
5943 0.118043
5944 0.118043
5945 0.118043
5946 0.118043
5947 0.118043
5948 0.118043
5949 0.118043
5950 0.118043
5951 0.118043
5952 0.118043
5953 0.118043
5954 0.118043
5955 0.118043
5956 0.118043
5957 0.118043
5958 0.118043
5959 0.118043
5960 0.118043
5961 0.118043
5962 0.118043
5963 0.118043
5964 0.118043
5965 0.118043
5966 0.118043
5967 0.118043
5968 0.118043
5969 0.118043
5970 0.118043
5971 0.118043
5972 0.118043
5973 0.118043
5974 0.118043
5975 0.118043
5976 0.118043
5977 0.118043
5978 0.118043
5979 0.118043
5980 0.118043
5981 0.118043
5982 0.118043
5983 0.118043
5984 0.118043
5985 0.118043
5986 0.118043
5987 0.118043
5988 0.118043
5989 0.118043
5990 0.118043
5991 0.118043
5992 0.118043
5993 0.118043
5994 0.118043
5995 0.118043
5996 0.118043
5997 0.118043
5998 0.118043
5999 0.118043
6000 0.118043
6001 0.118043
6002 0.118043
6003 0.118043
6004 0.118043
6005 0.118043
6006 0.118043
6007 0.118043
6008 0.118043
6009 0.118043
6010 0.118043
6011 0.118043
6012 0.118043
6013 0.118043
6014 0.118043
6015 0.118043
6016 0.118043
6017 0.118043
6018 0.118043
6019 0.118043
6020 0.118043
6021 0.118043
6022 0.118043
6023 0.118043
6024 0.118043
6025 0.118043
6026 0.118043
6027 0.118043
6028 0.118043
6029 0.118043
6030 0.118043
6031 0.118043
6032 0.118043
6033 0.118043
6034 0.118043
6035 0.118043
6036 0.118043
6037 0.118043
6038 0.118043
6039 0.118043
6040 0.118043
6041 0.118043
6042 0.118043
6043 0.118043
6044 0.118043
6045 0.118043
6046 0.118043
6047 0.118043
6048 0.118043
6049 0.118043
6050 0.118043
6051 0.118043
6052 0.118043
6053 0.118043
6054 0.118043
6055 0.118043
6056 0.118043
6057 0.118043
6058 0.118043
6059 0.118043
6060 0.118043
6061 0.118043
6062 0.118043
6063 0.118043
6064 0.118043
6065 0.118043
6066 0.118043
6067 0.118043
6068 0.118043
6069 0.118043
6070 0.118043
6071 0.118043
6072 0.118043
6073 0.118043
6074 0.118043
6075 0.118043
6076 0.118043
6077 0.118043
6078 0.118043
6079 0.118043
6080 0.118043
6081 0.118043
6082 0.118043
6083 0.118043
6084 0.118043
6085 0.118043
6086 0.118043
6087 0.118043
6088 0.118043
6089 0.118043
6090 0.118043
6091 0.118043
6092 0.118043
6093 0.118043
6094 0.118043
6095 0.118043
6096 0.118043
6097 0.118043
6098 0.118043
6099 0.118043
6100 0.118043
6101 0.118043
6102 0.118043
6103 0.118043
6104 0.118043
6105 0.118043
6106 0.118043
6107 0.118043
6108 0.118043
6109 0.118043
6110 0.118043
6111 0.118043
6112 0.118043
6113 0.118043
6114 0.118043
6115 0.118043
6116 0.118043
6117 0.118043
6118 0.118043
6119 0.118043
6120 0.118043
6121 0.118043
6122 0.118043
6123 0.118043
6124 0.118043
6125 0.118043
6126 0.118043
6127 0.118043
6128 0.118043
6129 0.118043
6130 0.118043
6131 0.118043
6132 0.118043
6133 0.118043
6134 0.118043
6135 0.118043
6136 0.118043
6137 0.118043
6138 0.118043
6139 0.118043
6140 0.118043
6141 0.118043
6142 0.118043
6143 0.118043
6144 0.118043
6145 0.118043
6146 0.118043
6147 0.118043
6148 0.118043
6149 0.118043
6150 0.118043
6151 0.118043
6152 0.118043
6153 0.118043
6154 0.118043
6155 0.118043
6156 0.118043
6157 0.118043
6158 0.118043
6159 0.118043
6160 0.118043
6161 0.118043
6162 0.118043
6163 0.118043
6164 0.118043
6165 0.118043
6166 0.118043
6167 0.118043
6168 0.118043
6169 0.118043
6170 0.118043
6171 0.118043
6172 0.118043
6173 0.118043
6174 0.118043
6175 0.118043
6176 0.118043
6177 0.118043
6178 0.118043
6179 0.118043
6180 0.118043
6181 0.118043
6182 0.118043
6183 0.118043
6184 0.118043
6185 0.118043
6186 0.118043
6187 0.118043
6188 0.118043
6189 0.118043
6190 0.118043
6191 0.118043
6192 0.118043
6193 0.118043
6194 0.118043
6195 0.118043
6196 0.118043
6197 0.118043
6198 0.118043
6199 0.118043
6200 0.118043
6201 0.118043
6202 0.118043
6203 0.118043
6204 0.118043
6205 0.118043
6206 0.118043
6207 0.118043
6208 0.118043
6209 0.118043
6210 0.118043
6211 0.118043
6212 0.118043
6213 0.118043
6214 0.118043
6215 0.118043
6216 0.118043
6217 0.118043
6218 0.118043
6219 0.118043
6220 0.118043
6221 0.118043
6222 0.118043
6223 0.118043
6224 0.118043
6225 0.118043
6226 0.118043
6227 0.118043
6228 0.118043
6229 0.118043
6230 0.118043
6231 0.118043
6232 0.118043
6233 0.118043
6234 0.118043
6235 0.118043
6236 0.118043
6237 0.118043
6238 0.118043
6239 0.118043
6240 0.118043
6241 0.118043
6242 0.118043
6243 0.118043
6244 0.118043
6245 0.118043
6246 0.118043
6247 0.118043
6248 0.118043
6249 0.118043
6250 0.118043
6251 0.118043
6252 0.118043
6253 0.118043
6254 0.118043
6255 0.118043
6256 0.118043
6257 0.118043
6258 0.118043
6259 0.118043
6260 0.118043
6261 0.118043
6262 0.118043
6263 0.118043
6264 0.118043
6265 0.118043
6266 0.118043
6267 0.118043
6268 0.118043
6269 0.118043
6270 0.118043
6271 0.118043
6272 0.118043
6273 0.118043
6274 0.118043
