0 0.00230422
1 0.00299106
2 0.0036694
3 0.00604683
4 0.00752182
5 0.0100283
6 0.0100552
7 0.0108148
8 0.0113178
9 0.0116309
10 0.012132
11 0.0130576
12 0.0153052
13 0.0174259
14 0.0185636
15 0.0217205
16 0.0219273
17 0.0226655
18 0.0238161
19 0.0238161
20 0.0238368
21 0.0243496
22 0.0243496
23 0.0247634
24 0.0257608
25 0.0265697
26 0.0278829
27 0.0279468
28 0.0279468
29 0.0279468
30 0.0285544
31 0.0285544
32 0.0285544
33 0.0285544
34 0.0285544
35 0.0285544
36 0.0285544
37 0.0285544
38 0.0285544
39 0.0285544
40 0.0285544
41 0.0285544
42 0.0285544
43 0.0285544
44 0.0285544
45 0.0285544
46 0.0285544
47 0.0287741
48 0.0287741
49 0.0293163
50 0.0296948
51 0.0296948
52 0.0296948
53 0.0296948
54 0.0296948
55 0.0296948
56 0.0296948
57 0.0297538
58 0.0297538
59 0.0297538
60 0.0300218
61 0.0300218
62 0.0306987
63 0.0306987
64 0.0306987
65 0.0313701
66 0.0318533
67 0.0318533
68 0.0318533
69 0.0318533
70 0.0318533
71 0.0318533
72 0.0318533
73 0.0318533
74 0.0318533
75 0.0318533
76 0.0318533
77 0.0318533
78 0.0318533
79 0.0318533
80 0.0318533
81 0.0318533
82 0.0318533
83 0.0318533
84 0.0320497
85 0.0320497
86 0.0321096
87 0.0321096
88 0.0322147
89 0.0322147
90 0.0322147
91 0.0322147
92 0.0322147
93 0.0322147
94 0.0322147
95 0.0322192
96 0.0322192
97 0.03237
98 0.03237
99 0.03237
100 0.03237
101 0.03237
102 0.03237
103 0.03237
104 0.03237
105 0.0327147
106 0.0327147
107 0.0327147
108 0.0327147
109 0.033567
110 0.033567
111 0.033567
112 0.033567
113 0.033567
114 0.034173
115 0.034173
116 0.034173
117 0.034173
118 0.034173
119 0.034173
120 0.0349473
121 0.0359173
122 0.0361614
123 0.0361614
124 0.0361614
125 0.0361614
126 0.0363911
127 0.0363911
128 0.0363911
129 0.0363911
130 0.0363911
131 0.0363911
132 0.0363911
133 0.0363911
134 0.0363911
135 0.0363911
136 0.0363911
137 0.0363911
138 0.0363911
139 0.0363911
140 0.0363911
141 0.0363911
142 0.0363911
143 0.0363911
144 0.0363911
145 0.0363911
146 0.0363911
147 0.0363911
148 0.0363911
149 0.0363911
150 0.0363911
151 0.0363911
152 0.0363911
153 0.0363911
154 0.0363911
155 0.0363911
156 0.0363911
157 0.0363911
158 0.0363911
159 0.0363911
160 0.0364149
161 0.0364149
162 0.0364149
163 0.0364149
164 0.0364149
165 0.0364149
166 0.0364149
167 0.0364149
168 0.0364149
169 0.0364149
170 0.0364149
171 0.0364149
172 0.0364149
173 0.0364149
174 0.0364149
175 0.0364149
176 0.0364149
177 0.0364149
178 0.0364149
179 0.0364149
180 0.0364149
181 0.0364149
182 0.0364149
183 0.0364149
184 0.0364149
185 0.0364149
186 0.0364149
187 0.0364149
188 0.0364149
189 0.0364149
190 0.0364149
191 0.0364149
192 0.0364149
193 0.0364149
194 0.0364149
195 0.0364149
196 0.0364149
197 0.0365249
198 0.0373892
199 0.0373892
200 0.0373892
201 0.0373892
202 0.0373892
203 0.0373892
204 0.0373892
205 0.0373892
206 0.0373892
207 0.0373892
208 0.0373892
209 0.0373892
210 0.0373892
211 0.0373892
212 0.0373892
213 0.0373892
214 0.0373892
215 0.0373892
216 0.0388101
217 0.0388101
218 0.0388101
219 0.0388101
220 0.0388101
221 0.0388101
222 0.0388101
223 0.0388101
224 0.0388101
225 0.0388101
226 0.0388101
227 0.0388101
228 0.0388101
229 0.0388101
230 0.0388101
231 0.0388101
232 0.0388101
233 0.0388101
234 0.0388101
235 0.0388101
236 0.0388101
237 0.0388101
238 0.0388101
239 0.0388101
240 0.0388101
241 0.0388101
242 0.0388101
243 0.0388101
244 0.0388101
245 0.0388101
246 0.0388101
247 0.0388101
248 0.0388101
249 0.0388101
250 0.0388101
251 0.0388101
252 0.0388101
253 0.0388101
254 0.0388101
255 0.0388101
256 0.0388101
257 0.0388101
258 0.0388101
259 0.0388101
260 0.0388101
261 0.0388101
262 0.0388101
263 0.0388101
264 0.0388101
265 0.0388101
266 0.0388101
267 0.0388101
268 0.0388101
269 0.0388101
270 0.0388101
271 0.0388101
272 0.0388101
273 0.0388101
274 0.0388101
275 0.0388101
276 0.0388101
277 0.0388101
278 0.0388101
279 0.0388101
280 0.0388101
281 0.0388101
282 0.0388101
283 0.0388101
284 0.0388101
285 0.0388101
286 0.0388101
287 0.0388101
288 0.0388101
289 0.0388101
290 0.0388101
291 0.0388101
292 0.0388101
293 0.0388101
294 0.0388101
295 0.0388101
296 0.0388101
297 0.0388101
298 0.0388101
299 0.0388101
300 0.0388101
301 0.0388101
302 0.0388101
303 0.0388101
304 0.0388101
305 0.0388101
306 0.0388101
307 0.0388101
308 0.0388101
309 0.0388101
310 0.0388101
311 0.0388101
312 0.0388101
313 0.0388101
314 0.0388101
315 0.0388101
316 0.0388101
317 0.0388101
318 0.0388101
319 0.0388101
320 0.0388101
321 0.0388101
322 0.0388101
323 0.0388101
324 0.0388101
325 0.0388101
326 0.0388101
327 0.0388101
328 0.0388101
329 0.0388101
330 0.0388101
331 0.0388101
332 0.0388101
333 0.0388101
334 0.0388101
335 0.0388101
336 0.0388101
337 0.0388101
338 0.0388101
339 0.0388101
340 0.0388101
341 0.0388101
342 0.0388101
343 0.0388101
344 0.0388101
345 0.0388101
346 0.0388101
347 0.0388101
348 0.0388101
349 0.0391302
350 0.0391302
351 0.0391302
352 0.0391302
353 0.0391302
354 0.0391302
355 0.0391302
356 0.0391302
357 0.0391302
358 0.0391302
359 0.0391302
360 0.0391302
361 0.0391302
362 0.0391302
363 0.0391302
364 0.0391302
365 0.0391302
366 0.0391302
367 0.0391302
368 0.0391302
369 0.0391302
370 0.0391302
371 0.0391302
372 0.0391302
373 0.0391302
374 0.0391302
375 0.0391302
376 0.0391302
377 0.0391302
378 0.0391302
379 0.0391302
380 0.0391302
381 0.0391302
382 0.0391302
383 0.0391302
384 0.0391302
385 0.0391302
386 0.0391302
387 0.0391302
388 0.0391302
389 0.0391302
390 0.0391302
391 0.0391302
392 0.0391302
393 0.0391302
394 0.0391302
395 0.0391302
396 0.0391302
397 0.0391302
398 0.0391302
399 0.0391302
400 0.0391302
401 0.0391302
402 0.0391302
403 0.0391302
404 0.0391302
405 0.0391302
406 0.0391302
407 0.0391302
408 0.0391302
409 0.0391302
410 0.0391302
411 0.0391302
412 0.0391302
413 0.0391302
414 0.0391302
415 0.0391302
416 0.0391302
417 0.0391302
418 0.0391302
419 0.0391302
420 0.0391302
421 0.0391302
422 0.0391302
423 0.0391302
424 0.0391302
425 0.0391302
426 0.0391302
427 0.0391302
428 0.0391302
429 0.0391302
430 0.0391302
431 0.0391302
432 0.0391302
433 0.0391302
434 0.0391302
435 0.0391302
436 0.0391302
437 0.0391302
438 0.0391302
439 0.0391302
440 0.0391302
441 0.0391302
442 0.0391302
443 0.0391302
444 0.0391302
445 0.0391302
446 0.0391302
447 0.0391302
448 0.0391302
449 0.0391302
450 0.0391302
451 0.0391302
452 0.0391302
453 0.0391302
454 0.0391302
455 0.0391302
456 0.0391302
457 0.0391302
458 0.0391302
459 0.0391302
460 0.0391302
461 0.0391302
462 0.0391302
463 0.0391302
464 0.0391302
465 0.0391302
466 0.0391302
467 0.0391302
468 0.0391302
469 0.0391302
470 0.0391302
471 0.0391302
472 0.0391302
473 0.0391302
474 0.0391302
475 0.0391302
476 0.0391302
477 0.0391302
478 0.0391302
479 0.0391302
480 0.0391302
481 0.0391652
482 0.0391652
483 0.0391652
484 0.0391652
485 0.0391652
486 0.0391652
487 0.0391652
488 0.0391652
489 0.0391652
490 0.0391652
491 0.0391652
492 0.0391652
493 0.0391652
494 0.0391652
495 0.0391652
496 0.0391652
497 0.0391652
498 0.0391652
499 0.0391652
500 0.0391652
501 0.0391652
502 0.0391652
503 0.0391652
504 0.0391652
505 0.0391652
506 0.0391652
507 0.0391652
508 0.0391652
509 0.0392984
510 0.0392984
511 0.0392984
512 0.0392984
513 0.0392984
514 0.0392984
515 0.0392984
516 0.0392984
517 0.0392984
518 0.0392984
519 0.0392984
520 0.0392984
521 0.0392984
522 0.0392984
523 0.0392984
524 0.0392984
525 0.0392984
526 0.0392984
527 0.0392984
528 0.0392984
529 0.0392984
530 0.0392984
531 0.0392984
532 0.0393311
533 0.0393311
534 0.0393311
535 0.0393311
536 0.0393311
537 0.0393311
538 0.0393311
539 0.0393311
540 0.0393311
541 0.0393311
542 0.0393311
543 0.0393311
544 0.0393311
545 0.0393311
546 0.0393311
547 0.0393311
548 0.0393311
549 0.0393311
550 0.0393311
551 0.0393311
552 0.0393311
553 0.0393311
554 0.0393311
555 0.0393311
556 0.0393311
557 0.0393311
558 0.0393311
559 0.0393311
560 0.0393311
561 0.0393311
562 0.0393311
563 0.0393311
564 0.0393311
565 0.0393311
566 0.0393311
567 0.0393311
568 0.0393311
569 0.0393311
570 0.0393311
571 0.0393311
572 0.0393311
573 0.0393311
574 0.0393311
575 0.0393311
576 0.0393311
577 0.0393311
578 0.0393311
579 0.0393311
580 0.0393311
581 0.0393311
582 0.0393311
583 0.0393311
584 0.0393311
585 0.0393311
586 0.0393311
587 0.0393311
588 0.0393311
589 0.0393311
590 0.0393311
591 0.0393311
592 0.0393311
593 0.0393311
594 0.0393311
595 0.0393311
596 0.0393311
597 0.0393311
598 0.0393311
599 0.0393311
600 0.0393311
601 0.0393311
602 0.0393311
603 0.0393311
604 0.0393311
605 0.0393311
606 0.0393311
607 0.0393311
608 0.0393311
609 0.0393311
610 0.0393311
611 0.0393311
612 0.0393311
613 0.0393311
614 0.0393311
615 0.0393311
616 0.0393311
617 0.0393311
618 0.0393311
619 0.0393311
620 0.0393311
621 0.0393311
622 0.0393311
623 0.0393311
624 0.0393311
625 0.0393311
626 0.0393311
627 0.0393311
628 0.0393311
629 0.0393311
630 0.0393311
631 0.0393311
632 0.0393311
633 0.0393311
634 0.0393311
635 0.0393311
636 0.0393311
637 0.0393311
638 0.0393311
639 0.0393311
640 0.0393311
641 0.0393311
642 0.0393311
643 0.0393311
644 0.0393311
645 0.0393311
646 0.0393311
647 0.0393311
648 0.0393311
649 0.0393311
650 0.0393311
651 0.0393311
652 0.0393311
653 0.0393311
654 0.0393311
655 0.0393311
656 0.0393311
657 0.0393311
658 0.0393311
659 0.0393311
660 0.0393311
661 0.0393311
662 0.0393311
663 0.0393311
664 0.0393311
665 0.0393311
666 0.0393311
667 0.0393311
668 0.0393311
669 0.0393311
670 0.0393311
671 0.0393311
672 0.0393311
673 0.0393311
674 0.0393311
675 0.0393311
676 0.0393311
677 0.0393311
678 0.0393311
679 0.0393311
680 0.0393311
681 0.0393311
682 0.0393311
683 0.0393311
684 0.0393311
685 0.0393311
686 0.0393311
687 0.0393311
688 0.0393311
689 0.0393311
690 0.0393311
691 0.0393311
692 0.0393311
693 0.0393311
694 0.0393311
695 0.0393311
696 0.0393311
697 0.0393311
698 0.0393311
699 0.0393311
700 0.0393311
701 0.0393311
702 0.0393311
703 0.0393311
704 0.0393311
705 0.0393311
706 0.0393311
707 0.0393311
708 0.0393311
709 0.0393311
710 0.0393311
711 0.0393311
712 0.0393311
713 0.0393311
714 0.0393311
715 0.0393311
716 0.0393311
717 0.0393311
718 0.0393311
719 0.0393311
720 0.0393311
721 0.0393311
722 0.0393311
723 0.0393311
724 0.0393311
725 0.0393311
726 0.0393311
727 0.0393311
728 0.0393311
729 0.0393311
730 0.0393311
731 0.0393311
732 0.0393311
733 0.0393311
734 0.0393311
735 0.0393311
736 0.0393311
737 0.0393311
738 0.0393311
739 0.0393311
740 0.0393311
741 0.0393311
742 0.0393311
743 0.0393311
744 0.0393311
745 0.0393311
746 0.0393311
747 0.0393311
748 0.0393311
749 0.0393311
750 0.0393311
751 0.0393311
752 0.0393311
753 0.0393311
754 0.0393311
755 0.0393311
756 0.0393311
757 0.0393311
758 0.0393311
759 0.0393311
760 0.0393311
761 0.0393311
762 0.0393311
763 0.0393311
764 0.0393311
765 0.0393311
766 0.0393311
767 0.0395492
768 0.0395492
769 0.0395492
770 0.0395492
771 0.0395492
772 0.0395492
773 0.0395492
774 0.0395492
775 0.0395492
776 0.0395492
777 0.0395492
778 0.0395492
779 0.0395492
780 0.0395492
781 0.0395492
782 0.0395492
783 0.0395492
784 0.0395492
785 0.0395492
786 0.0395492
787 0.0395492
788 0.0395492
789 0.0395492
790 0.0395492
791 0.0395492
792 0.0395492
793 0.0395492
794 0.0395492
795 0.0395492
796 0.0395492
797 0.0395492
798 0.0395492
799 0.0395492
800 0.0395492
