0 0.00474981
1 0.0162769
2 0.0245871
3 0.0346268
4 0.0362756
5 0.0408631
6 0.042015
7 0.0471684
8 0.0552694
9 0.0569082
10 0.0569082
11 0.058511
12 0.0586085
13 0.0594023
14 0.0616818
15 0.0619943
16 0.0652979
17 0.0652979
18 0.0653597
19 0.068471
20 0.068471
21 0.068471
22 0.068471
23 0.070639
24 0.070639
25 0.070639
26 0.0716404
27 0.0716404
28 0.0716404
29 0.0716404
30 0.07225
31 0.07225
32 0.0722916
33 0.0741135
34 0.0754255
35 0.0754255
36 0.0754255
37 0.0754255
38 0.0754255
39 0.0754255
40 0.0754255
41 0.0754255
42 0.0754255
43 0.0754255
44 0.0754255
45 0.0754255
46 0.0754255
47 0.0754255
48 0.0754255
49 0.0802324
50 0.0802324
51 0.0818682
52 0.0832467
53 0.0832467
54 0.0832467
55 0.0832467
56 0.0832467
57 0.0841165
58 0.0841165
59 0.0841165
60 0.0841165
61 0.0841165
62 0.0841165
63 0.0841165
64 0.0841165
65 0.0855135
66 0.0855135
67 0.0855135
68 0.0860669
69 0.0860669
70 0.0860669
71 0.0860669
72 0.0868188
73 0.0868188
74 0.0868188
75 0.0868188
76 0.0868188
77 0.0868188
78 0.0868188
79 0.0868188
80 0.0868188
81 0.0868188
82 0.0868188
83 0.0868188
84 0.0868188
85 0.0868188
86 0.0868188
87 0.0868188
88 0.0868188
89 0.0868188
90 0.0868188
91 0.0868188
92 0.0868188
93 0.0868188
94 0.0873529
95 0.0877073
96 0.0877073
97 0.0877073
98 0.0877073
99 0.0877073
100 0.0877073
101 0.0877073
102 0.0880057
103 0.0880057
104 0.0880057
105 0.0880113
106 0.0880113
107 0.0889225
108 0.0889225
109 0.0889225
110 0.0899226
111 0.0899226
112 0.0899226
113 0.0899226
114 0.0899226
115 0.0899226
116 0.0907707
117 0.0907707
118 0.0907707
119 0.0907707
120 0.0907707
121 0.0907707
122 0.0907707
123 0.0922891
124 0.0922891
125 0.0922891
126 0.0922891
127 0.0922891
128 0.0922891
129 0.0922891
130 0.0922891
131 0.0922891
132 0.0922891
133 0.0922891
134 0.0922891
135 0.0922891
136 0.0922891
137 0.0922891
138 0.0922891
139 0.0922891
140 0.0922891
141 0.0922891
142 0.0922891
143 0.0922891
144 0.0922891
145 0.0922891
146 0.0922891
147 0.0922891
148 0.0922891
149 0.0922891
150 0.0922891
151 0.0922891
152 0.0922891
153 0.0922891
154 0.0922891
155 0.0922891
156 0.0922891
157 0.0922891
158 0.0922891
159 0.0925466
160 0.0925466
161 0.0925466
162 0.0925466
163 0.0925466
164 0.0925466
165 0.0925466
166 0.0925466
167 0.0925466
168 0.0925466
169 0.0925466
170 0.0925466
171 0.0925466
172 0.0925466
173 0.0925466
174 0.0925466
175 0.0925466
176 0.0925466
177 0.0928288
178 0.0928288
179 0.0936717
180 0.0936717
181 0.0936717
182 0.0939528
183 0.0939528
184 0.0939528
185 0.0939528
186 0.0939528
187 0.0939528
188 0.0939528
189 0.0939528
190 0.0939528
191 0.0939528
192 0.0939528
193 0.0939528
194 0.0939528
195 0.0939528
196 0.0939528
197 0.0959496
198 0.0959496
199 0.0959496
200 0.0959496
201 0.0959496
202 0.0959496
203 0.0959496
204 0.0959496
205 0.0959496
206 0.0959496
207 0.0959496
208 0.0959496
209 0.0959496
210 0.0959496
211 0.0959496
212 0.0959496
213 0.0959496
214 0.0959496
215 0.0959496
216 0.0959496
217 0.0959496
218 0.0959496
219 0.0959496
220 0.0959496
221 0.0959496
222 0.0959496
223 0.0959496
224 0.0959496
225 0.0959496
226 0.0959496
227 0.0959496
228 0.0959496
229 0.0959496
230 0.0959496
231 0.0959496
232 0.0959496
233 0.0959496
234 0.0959496
235 0.0959496
236 0.0959496
237 0.0959496
238 0.0959496
239 0.0959496
240 0.0959496
241 0.0959496
242 0.0959496
243 0.0959496
244 0.0959496
245 0.0959496
246 0.0959496
247 0.0959496
248 0.0959496
249 0.0959496
250 0.0959496
251 0.0959496
252 0.0959496
253 0.0959496
254 0.0959496
255 0.0959496
256 0.0959496
257 0.0959496
258 0.0959496
259 0.0959496
260 0.0959496
261 0.0959496
262 0.0959496
263 0.0959496
264 0.0959496
265 0.0959496
266 0.0959496
267 0.0959496
268 0.0959496
269 0.0959496
270 0.0959496
271 0.0959496
272 0.0959496
273 0.0959496
274 0.0959496
275 0.0959496
276 0.0959496
277 0.0959496
278 0.0959496
279 0.0959496
280 0.0959496
281 0.0959496
282 0.0959496
283 0.0959496
284 0.0959496
285 0.0959496
286 0.0959496
287 0.0959496
288 0.0959496
289 0.0959496
290 0.0959496
291 0.0959496
292 0.0959496
293 0.0959496
294 0.0959496
295 0.0959496
296 0.0959496
297 0.0959496
298 0.0959496
299 0.0959496
300 0.0959496
301 0.0959496
302 0.0959496
303 0.0959496
304 0.0959496
305 0.0959496
306 0.0959496
307 0.0959496
308 0.0959496
309 0.0959496
310 0.0959496
311 0.0959496
312 0.0959496
313 0.0959496
314 0.0959496
315 0.0959496
316 0.0959496
317 0.0959496
318 0.0959496
319 0.0959496
320 0.0959496
321 0.0959496
322 0.0959496
323 0.0959496
324 0.0959496
325 0.0959496
326 0.0959496
327 0.0959496
328 0.0959496
329 0.0959496
330 0.0959496
331 0.0959496
332 0.0959496
333 0.0959496
334 0.0959496
335 0.0959496
336 0.0959496
337 0.0959496
338 0.0959496
339 0.0959496
340 0.0959496
341 0.0959496
342 0.0959496
343 0.0959496
344 0.0959496
345 0.0959496
346 0.0959496
347 0.0959496
348 0.0959496
349 0.0959496
350 0.0959496
351 0.0959496
352 0.0959496
353 0.0959496
354 0.0959496
355 0.0959496
356 0.0959496
357 0.0959496
358 0.0959496
359 0.0959496
360 0.0959496
361 0.0959496
362 0.0959496
363 0.0959496
364 0.0959496
365 0.0959496
366 0.0959496
367 0.0959496
368 0.0959496
369 0.0959496
370 0.0959496
371 0.0959496
372 0.0959496
373 0.0959496
374 0.0959496
375 0.0959496
376 0.0959496
377 0.0959496
378 0.0959496
379 0.0959496
380 0.0959496
381 0.0959496
382 0.0959496
383 0.0959496
384 0.0959496
385 0.0959496
386 0.0959496
387 0.0959496
388 0.0959496
389 0.0959496
390 0.0959496
391 0.0959496
392 0.0959496
393 0.0959496
394 0.0959496
395 0.0959496
396 0.0959496
397 0.0959496
398 0.0959496
399 0.0959496
400 0.0959496
401 0.0959496
402 0.0959496
403 0.0959496
404 0.0959496
405 0.0959496
406 0.0959496
407 0.0959496
408 0.0959496
409 0.0959496
410 0.0959496
411 0.0959496
412 0.0959496
413 0.0959496
414 0.0959496
415 0.0959496
416 0.0959496
417 0.0959496
418 0.0959496
419 0.0959496
420 0.0959496
421 0.0959496
422 0.0959496
423 0.0959496
424 0.0959496
425 0.0959496
426 0.0959496
427 0.0959496
428 0.0959496
429 0.0959496
430 0.0959496
431 0.0959496
432 0.0959496
433 0.0959496
434 0.0959496
435 0.0959496
436 0.0959496
437 0.0959496
438 0.0959496
439 0.0959496
440 0.0959496
441 0.0959496
442 0.0959496
443 0.0959496
444 0.0959496
445 0.0959496
446 0.0959496
447 0.0959496
448 0.0959496
449 0.0959496
450 0.0959496
451 0.0959496
452 0.0959496
453 0.0959496
454 0.0959496
455 0.0959496
456 0.0959496
457 0.0959496
458 0.0959496
459 0.0959496
460 0.0959496
461 0.0959496
462 0.0959496
463 0.0959496
464 0.0959496
465 0.0959496
466 0.0959496
467 0.0959496
468 0.0959496
469 0.0959496
470 0.0959496
471 0.0959496
472 0.0959496
473 0.0959496
474 0.0959496
475 0.0959496
476 0.0959496
477 0.0959496
478 0.0959496
479 0.0959496
480 0.0959496
481 0.0959496
482 0.0959496
483 0.0959496
484 0.0959496
485 0.0959496
486 0.0959496
487 0.0959496
488 0.0959496
489 0.0959496
490 0.0961244
491 0.0961244
492 0.0961244
493 0.0961244
494 0.0961244
495 0.0961244
496 0.0961244
497 0.0961244
498 0.0961244
499 0.0961244
500 0.0961244
501 0.0961244
502 0.0961244
503 0.0961244
504 0.0961244
505 0.0961244
506 0.0961244
507 0.0961244
508 0.0961244
509 0.0961244
510 0.0961244
511 0.0961244
512 0.0961244
513 0.0961244
514 0.0961244
515 0.0961244
516 0.0961244
517 0.0961244
518 0.0961244
519 0.0961244
520 0.0961244
521 0.0961244
522 0.0961244
523 0.0961244
524 0.0961244
525 0.0961244
526 0.0961244
527 0.0961244
528 0.0961244
529 0.0961244
530 0.0961244
531 0.0961244
532 0.0961244
533 0.0961244
534 0.0961244
535 0.0961244
536 0.0961244
537 0.0961244
538 0.0961244
539 0.0961244
540 0.0961244
541 0.0961244
542 0.0961244
543 0.0961244
544 0.0961244
545 0.0961244
546 0.0961244
547 0.0961244
548 0.0961244
549 0.0961244
550 0.0961244
551 0.0961244
552 0.0961244
553 0.0961244
554 0.0961244
555 0.0961244
556 0.0961244
557 0.0961244
558 0.0961244
559 0.0961244
560 0.0961244
561 0.0961244
562 0.0961244
563 0.0961244
564 0.0961244
565 0.0961244
566 0.0961244
567 0.0961244
568 0.0961244
569 0.0961244
570 0.0961244
571 0.0961244
572 0.0961244
573 0.0961244
574 0.0961244
575 0.0961244
576 0.0961244
577 0.0961244
578 0.0961244
579 0.0961244
580 0.0961244
581 0.0961244
582 0.0961244
583 0.0961244
584 0.0961244
585 0.0961244
586 0.0961244
587 0.0961244
588 0.0961244
589 0.0961244
590 0.0961244
591 0.0961244
592 0.0961244
593 0.0961244
594 0.0961244
595 0.0961244
596 0.0961244
597 0.0961244
598 0.0961244
599 0.0961244
600 0.0961244
601 0.0961244
602 0.0961244
603 0.0961244
604 0.0961244
605 0.0961244
606 0.0961244
607 0.0961244
608 0.0961244
609 0.0961244
610 0.0961244
611 0.0961244
612 0.0961244
613 0.0961244
614 0.0961244
615 0.0961244
616 0.0961244
617 0.0961244
618 0.0961244
619 0.0961244
620 0.0961244
621 0.0961244
622 0.0961244
623 0.0961244
624 0.0961244
625 0.0961244
626 0.0961244
627 0.0961244
628 0.0961244
629 0.0961244
630 0.0961244
631 0.0961244
632 0.0961244
633 0.0961244
634 0.0961244
635 0.0961244
636 0.0961244
637 0.0961244
638 0.0961244
639 0.0961244
640 0.0961244
641 0.0961244
642 0.0961244
643 0.0961244
644 0.0961244
645 0.0961244
646 0.0961244
647 0.0961244
648 0.0961244
649 0.0961244
650 0.0961244
651 0.0961244
652 0.0961244
653 0.0961244
654 0.0961244
655 0.0961244
656 0.0961244
657 0.0961244
658 0.0961244
659 0.0961244
660 0.0961244
661 0.0961244
662 0.0961244
663 0.0961244
664 0.0961244
665 0.0961244
666 0.0961244
667 0.0961244
668 0.0961244
669 0.0961244
670 0.0961244
671 0.0961244
672 0.0961244
673 0.0961244
674 0.0961244
675 0.0961244
676 0.0961244
677 0.0961244
678 0.0961244
679 0.0961244
680 0.0961244
681 0.0961244
682 0.0961244
683 0.0961244
684 0.0961244
685 0.0961244
686 0.0961244
687 0.0961244
688 0.0961244
689 0.0961244
690 0.0961244
691 0.0961244
692 0.0961244
693 0.0961244
694 0.0961244
695 0.0961244
696 0.0961244
697 0.0961244
698 0.0961244
699 0.0961244
700 0.0961244
701 0.0961244
702 0.0961244
703 0.0961244
704 0.0961244
705 0.0961244
706 0.0961244
707 0.0961244
708 0.0961244
709 0.0961244
710 0.0961244
711 0.0961244
712 0.0961244
713 0.0961244
714 0.0961244
715 0.0961244
716 0.0961244
717 0.0961244
718 0.0962356
719 0.0962356
720 0.0962356
721 0.0962356
722 0.0962356
723 0.0962356
724 0.0962356
725 0.0962356
726 0.0962356
727 0.0962356
728 0.0962356
729 0.0962356
730 0.0962356
731 0.0962356
732 0.0962356
733 0.0962356
734 0.0962356
735 0.0962356
736 0.0962356
737 0.0962356
738 0.0962356
739 0.0962356
740 0.0962356
741 0.0962356
742 0.0962754
743 0.0962754
744 0.0962754
745 0.0962754
746 0.0962754
747 0.0962754
748 0.0962754
749 0.0962754
750 0.0962754
751 0.0962754
752 0.0962754
753 0.0962754
754 0.0962754
755 0.0962754
756 0.0962754
757 0.0962754
758 0.0962754
759 0.0962754
760 0.0962754
761 0.0962754
762 0.0962754
763 0.0962754
764 0.0962754
765 0.0962754
766 0.0962754
767 0.0962754
768 0.0962754
769 0.0962754
770 0.0962754
771 0.0962754
772 0.0962754
773 0.0962754
774 0.0962754
775 0.0962754
776 0.0962754
777 0.0962754
778 0.0962754
779 0.0962754
780 0.0962754
781 0.0962754
782 0.0962754
783 0.0962754
784 0.0962754
785 0.0962754
786 0.0962754
787 0.0962754
788 0.0962754
789 0.0962754
790 0.0962754
791 0.0962754
792 0.0962754
793 0.0962754
794 0.0962754
795 0.0962754
796 0.0962754
797 0.0962754
798 0.0962754
799 0.0962754
800 0.0962754
801 0.0962754
802 0.0962754
803 0.0962754
804 0.0962754
805 0.0962754
806 0.0962754
807 0.0962754
808 0.0962754
809 0.0962754
810 0.0962754
811 0.0962754
812 0.0962754
813 0.0962754
814 0.0962754
815 0.0962754
816 0.0962754
817 0.0962754
818 0.0962754
819 0.0962754
820 0.0962754
821 0.0962754
822 0.0962754
823 0.0962754
824 0.0962754
825 0.0962754
826 0.0962754
827 0.0962754
828 0.0962754
829 0.0962754
830 0.0962754
831 0.0962754
832 0.0962754
833 0.0962754
834 0.0962754
835 0.0962754
836 0.0962754
837 0.0962754
838 0.0962754
839 0.0962754
840 0.0962754
841 0.0962754
842 0.0962754
843 0.0962754
844 0.0962754
845 0.0962754
846 0.0962754
847 0.0962754
848 0.0962754
849 0.0962754
850 0.0967787
851 0.0967787
852 0.0967787
853 0.0967787
854 0.0967787
855 0.0967787
856 0.0967787
857 0.0967787
858 0.0967787
859 0.0967787
860 0.0967787
861 0.0967787
862 0.0967787
863 0.0967787
864 0.0967787
865 0.0967787
866 0.0967787
867 0.0967787
868 0.0967787
869 0.0967787
870 0.0967787
871 0.0967787
872 0.0967787
873 0.0967787
874 0.0967787
875 0.0967787
876 0.0967787
877 0.0967787
878 0.0967787
879 0.0967787
880 0.0967787
881 0.0967787
882 0.0967787
883 0.0967787
884 0.0967787
885 0.0967787
886 0.0967787
887 0.0967787
888 0.0969959
889 0.0969959
890 0.0969959
891 0.0969959
892 0.0969959
893 0.0969959
894 0.0969959
895 0.0969959
896 0.0969959
897 0.0969959
898 0.0969959
899 0.0969959
900 0.0969959
901 0.0969959
902 0.0969959
903 0.0969959
904 0.0969959
905 0.0969959
906 0.0969959
907 0.0969959
908 0.0969959
909 0.0969959
910 0.0969959
911 0.0969959
912 0.0969959
913 0.0969959
914 0.0969959
915 0.0969959
916 0.0969959
917 0.0969959
918 0.0969959
919 0.0969959
920 0.0969959
921 0.0969959
922 0.0969959
923 0.0969959
924 0.0969959
925 0.0969959
926 0.0969959
927 0.0969959
928 0.0969959
929 0.0969959
930 0.0969959
931 0.0969959
932 0.0969959
933 0.0969959
934 0.0969959
935 0.0969959
936 0.0969959
937 0.0969959
938 0.0969959
939 0.0969959
940 0.0969959
941 0.0969959
942 0.0969959
943 0.0969959
944 0.0969959
945 0.0969959
946 0.0969959
947 0.0969959
948 0.0969959
949 0.0969959
950 0.0969959
951 0.0969959
952 0.0969959
953 0.0969959
954 0.0969959
955 0.0969959
956 0.0969959
957 0.0969959
958 0.0969959
959 0.0969959
960 0.0969959
961 0.0969959
962 0.0969959
963 0.0969959
964 0.0969959
965 0.0969959
966 0.0969959
967 0.0969959
968 0.0969959
969 0.0969959
970 0.0969959
971 0.0969959
972 0.0969959
973 0.0969959
974 0.0969959
975 0.0969959
976 0.0969959
977 0.0969959
978 0.0969959
979 0.0969959
980 0.0969959
981 0.0969959
982 0.0969959
983 0.0969959
984 0.0969959
985 0.0969959
986 0.0969959
987 0.0969959
988 0.0969959
989 0.0969959
990 0.0969959
991 0.0969959
992 0.0969959
993 0.0969959
994 0.0969959
995 0.0969959
996 0.0969959
997 0.0969959
998 0.0969959
999 0.0969959
1000 0.0969959
1001 0.0969959
1002 0.0969959
1003 0.0969959
1004 0.0969959
1005 0.0969959
1006 0.0969959
1007 0.0969959
1008 0.0969959
1009 0.0969959
1010 0.0969959
1011 0.0969959
1012 0.0969959
1013 0.0969959
1014 0.0969959
1015 0.0969959
1016 0.0969959
1017 0.0969959
1018 0.0969959
1019 0.0969959
1020 0.0969959
1021 0.0969959
1022 0.0969959
1023 0.0969959
1024 0.0969959
1025 0.0969959
1026 0.0969959
1027 0.0969959
1028 0.0969959
1029 0.0969959
1030 0.0969959
1031 0.0969959
1032 0.0969959
1033 0.0969959
1034 0.0969959
1035 0.0969959
1036 0.0969959
1037 0.0969959
1038 0.0969959
1039 0.0969959
1040 0.0969959
1041 0.0969959
1042 0.0969959
1043 0.0969959
1044 0.0969959
1045 0.0969959
1046 0.0969959
1047 0.0969959
1048 0.0969959
1049 0.0969959
1050 0.0969959
1051 0.0969959
1052 0.0969959
1053 0.0969959
1054 0.0969959
1055 0.0969959
1056 0.0969959
1057 0.0969959
1058 0.0969959
1059 0.0969959
1060 0.0969959
1061 0.0969959
1062 0.0969959
1063 0.0969959
1064 0.0969959
1065 0.0969959
1066 0.0969959
1067 0.0969959
1068 0.0969959
1069 0.0969959
1070 0.0969959
1071 0.0969959
1072 0.0969959
1073 0.0969959
1074 0.0969959
1075 0.0969959
1076 0.0969959
1077 0.0969959
1078 0.0969959
1079 0.0969959
1080 0.0969959
1081 0.0969959
1082 0.0969959
1083 0.0969959
1084 0.0969959
1085 0.0969959
1086 0.0969959
1087 0.0969959
1088 0.0969959
1089 0.0969959
1090 0.0969959
1091 0.0969959
1092 0.0969959
1093 0.0969959
1094 0.0969959
1095 0.0969959
1096 0.0969959
1097 0.0969959
1098 0.0969959
1099 0.0969959
1100 0.0969959
1101 0.0969959
1102 0.0969959
1103 0.0969959
1104 0.0969959
1105 0.0969959
1106 0.0969959
1107 0.0969959
1108 0.0969959
1109 0.0969959
1110 0.0969959
1111 0.0969959
1112 0.0969959
1113 0.0969959
1114 0.0969959
1115 0.0969959
1116 0.0969959
1117 0.0969959
1118 0.0969959
1119 0.0969959
1120 0.0969959
1121 0.0969959
1122 0.0969959
1123 0.0969959
1124 0.0969959
1125 0.0969959
1126 0.0969959
1127 0.0969959
1128 0.0969959
1129 0.0969959
1130 0.0969959
1131 0.0969959
1132 0.0969959
1133 0.0969959
1134 0.0969959
1135 0.0969959
1136 0.0969959
1137 0.0969959
1138 0.0969959
1139 0.0969959
1140 0.0969959
1141 0.0969959
1142 0.0969959
1143 0.0969959
1144 0.0969959
1145 0.0969959
1146 0.0969959
1147 0.0969959
1148 0.0969959
1149 0.0969959
1150 0.0969959
1151 0.0969959
1152 0.0969959
1153 0.0969959
1154 0.0969959
1155 0.0969959
1156 0.0969959
1157 0.0969959
1158 0.0969959
1159 0.0969959
1160 0.0969959
1161 0.0969959
1162 0.0969959
1163 0.0969959
1164 0.0969959
1165 0.0969959
1166 0.0969959
1167 0.0969959
1168 0.0969959
1169 0.0969959
1170 0.0969959
1171 0.0969959
1172 0.0969959
1173 0.0969959
1174 0.0969959
1175 0.0969959
1176 0.0969959
1177 0.0969959
1178 0.0969959
1179 0.0969959
1180 0.0969959
1181 0.0969959
1182 0.0969959
1183 0.0969959
1184 0.0969959
1185 0.0969959
1186 0.0969959
1187 0.0969959
1188 0.0969959
1189 0.0969959
1190 0.0969959
1191 0.0969959
1192 0.0969959
1193 0.0969959
1194 0.0969959
1195 0.0969959
1196 0.0969959
1197 0.0969959
1198 0.0969959
1199 0.0969959
1200 0.0969959
1201 0.0969959
1202 0.0969959
1203 0.0969959
1204 0.0969959
1205 0.0969959
1206 0.0969959
1207 0.0969959
1208 0.0969959
1209 0.0969959
1210 0.0969959
1211 0.0969959
1212 0.0969959
1213 0.0969959
1214 0.0969959
1215 0.0969959
1216 0.0969959
1217 0.0969959
1218 0.0969959
1219 0.0969959
1220 0.0969959
1221 0.0969959
1222 0.0969959
1223 0.0969959
1224 0.0969959
1225 0.0969959
1226 0.0969959
1227 0.0969959
1228 0.0969959
1229 0.0969959
1230 0.0969959
1231 0.0969959
1232 0.0969959
1233 0.0969959
1234 0.0969959
1235 0.0969959
1236 0.0969959
1237 0.0969959
1238 0.0969959
1239 0.0969959
1240 0.0969959
1241 0.0969959
1242 0.0969959
1243 0.0969959
1244 0.0969959
1245 0.0969959
1246 0.0969959
1247 0.0969959
1248 0.0969959
1249 0.0969959
1250 0.0969959
1251 0.0969959
1252 0.0969959
1253 0.0972673
1254 0.0972673
1255 0.0972673
1256 0.0972673
1257 0.0972673
1258 0.0972673
1259 0.0972673
1260 0.0972673
1261 0.0972673
1262 0.0972673
1263 0.0972673
1264 0.0972673
1265 0.0972673
1266 0.0972673
1267 0.0972673
1268 0.0972673
1269 0.0972673
1270 0.0972673
1271 0.0972673
1272 0.0972673
1273 0.0972673
1274 0.0972673
1275 0.0972673
1276 0.0972673
1277 0.0972673
1278 0.0972673
1279 0.0972673
1280 0.0972673
1281 0.0972673
1282 0.0972673
1283 0.0972673
1284 0.0972673
1285 0.0972673
1286 0.0972673
1287 0.0972673
1288 0.0972673
1289 0.0972673
1290 0.0972673
1291 0.0972673
1292 0.0972673
1293 0.0972673
1294 0.0972673
1295 0.0972673
1296 0.0972673
1297 0.0972673
1298 0.0972673
1299 0.0972673
1300 0.0972673
1301 0.0972673
1302 0.0972673
1303 0.0972673
1304 0.0972673
1305 0.0972673
1306 0.0972673
1307 0.0972673
1308 0.0972673
1309 0.0972673
1310 0.0972673
1311 0.0972673
1312 0.0972673
1313 0.0972673
1314 0.0972673
1315 0.0972673
1316 0.0972673
1317 0.0972673
1318 0.0972687
1319 0.0972687
1320 0.0972687
1321 0.0972687
1322 0.0972687
1323 0.0972687
1324 0.0972687
1325 0.0972687
1326 0.0972687
1327 0.0972687
1328 0.0972687
1329 0.0972687
1330 0.0972687
1331 0.0972687
1332 0.0972687
1333 0.0972687
1334 0.0972687
1335 0.0972687
1336 0.0972687
1337 0.0972687
1338 0.0972687
1339 0.0972687
1340 0.0972687
1341 0.0972687
1342 0.0972687
1343 0.0972687
1344 0.0972687
1345 0.0972687
1346 0.0972687
1347 0.0972687
1348 0.0972687
1349 0.0972687
1350 0.0972687
1351 0.0972687
1352 0.0972687
1353 0.0972687
1354 0.0972687
1355 0.0972687
1356 0.0972687
1357 0.0972687
1358 0.0972687
1359 0.0972687
1360 0.0972687
1361 0.0972687
1362 0.0972687
1363 0.0972687
1364 0.0972687
1365 0.0972687
1366 0.0972687
1367 0.0972687
1368 0.0972687
1369 0.0972687
1370 0.0972687
1371 0.0972687
1372 0.0972687
1373 0.0972687
1374 0.0972687
1375 0.0972687
1376 0.0972687
1377 0.0972687
1378 0.0972687
1379 0.0972687
1380 0.0972687
1381 0.0972687
1382 0.0972687
1383 0.0972687
1384 0.0972687
1385 0.0972687
1386 0.0972687
1387 0.0972687
1388 0.0972687
1389 0.0972687
1390 0.0972687
1391 0.0972687
1392 0.0972687
1393 0.0972687
1394 0.0972687
1395 0.0972687
1396 0.0972687
1397 0.0972687
1398 0.0972687
1399 0.0972687
1400 0.0972687
1401 0.0972687
1402 0.0972687
1403 0.0972687
1404 0.0972687
1405 0.0972687
1406 0.0972687
1407 0.0972687
1408 0.0972687
1409 0.0972687
1410 0.0972687
1411 0.0972687
1412 0.0972687
1413 0.0972687
1414 0.0972687
1415 0.0972687
1416 0.0972687
1417 0.0972687
1418 0.0972687
1419 0.0972687
1420 0.0972687
1421 0.0972687
1422 0.0972687
1423 0.0972687
1424 0.0972687
1425 0.0972687
1426 0.0972687
1427 0.0972687
1428 0.0972687
1429 0.0972687
1430 0.0972687
1431 0.0972687
1432 0.0972687
1433 0.0972687
1434 0.0972687
1435 0.0972687
1436 0.0972687
1437 0.0972687
1438 0.0972687
1439 0.0972687
1440 0.0972687
1441 0.0972687
1442 0.0972687
1443 0.0972687
1444 0.0972687
1445 0.0972687
1446 0.0972687
1447 0.0972687
1448 0.0972687
1449 0.0972687
1450 0.0972687
1451 0.0972687
1452 0.0972687
1453 0.0972687
1454 0.0972687
1455 0.0972687
1456 0.0972687
1457 0.0972687
1458 0.0972687
1459 0.0972687
1460 0.0972687
1461 0.0972687
1462 0.0972687
1463 0.0972687
1464 0.0972687
1465 0.0972687
1466 0.0972687
1467 0.0972687
1468 0.0972687
1469 0.0972687
1470 0.0972687
1471 0.0972687
1472 0.0972687
1473 0.0972687
1474 0.0972687
1475 0.0972687
1476 0.0972687
1477 0.0972687
1478 0.0972687
1479 0.0972687
1480 0.0972687
1481 0.0972687
1482 0.0972687
1483 0.0972687
1484 0.0972687
1485 0.0972687
1486 0.0972687
1487 0.0972687
1488 0.0974154
1489 0.0974154
1490 0.0974154
1491 0.0974154
1492 0.0974154
1493 0.0974154
1494 0.0974154
1495 0.0974154
1496 0.0974154
1497 0.0974154
1498 0.0974154
1499 0.0974154
1500 0.0974154
1501 0.0974154
1502 0.0974154
1503 0.0974154
1504 0.0974154
1505 0.0974154
1506 0.0974154
1507 0.0974154
1508 0.0974154
1509 0.0974154
1510 0.0974154
1511 0.0974154
1512 0.0974154
1513 0.0974154
1514 0.0974154
1515 0.0974154
1516 0.0974154
1517 0.0974154
1518 0.0974154
1519 0.0974154
1520 0.0974154
1521 0.0974154
1522 0.0974154
1523 0.0974154
1524 0.0974154
1525 0.0974154
1526 0.0974154
1527 0.0974154
1528 0.0974154
1529 0.0974154
1530 0.0974154
1531 0.0974154
1532 0.0974154
1533 0.0974154
1534 0.0974154
1535 0.0974154
1536 0.0974154
1537 0.0974154
1538 0.0974154
1539 0.0974154
1540 0.0974154
1541 0.0974154
1542 0.0974154
1543 0.0974154
1544 0.0974154
1545 0.0974154
1546 0.0974154
1547 0.0974154
1548 0.0974154
1549 0.0974154
1550 0.0974154
1551 0.0974154
1552 0.0974154
1553 0.0974154
1554 0.0974154
1555 0.0974154
1556 0.0974154
1557 0.0974154
1558 0.0974154
1559 0.0974154
1560 0.0974154
1561 0.0974154
1562 0.0974154
1563 0.0974154
1564 0.0974154
1565 0.0974154
1566 0.0974154
1567 0.0974154
1568 0.0974154
1569 0.0974154
1570 0.0974154
1571 0.0974154
1572 0.0974154
1573 0.0974154
1574 0.0974154
1575 0.0974154
1576 0.0974154
1577 0.0974154
1578 0.0974154
1579 0.0974154
1580 0.0974154
1581 0.0974154
1582 0.0974154
1583 0.0974154
1584 0.0974154
1585 0.0974154
1586 0.0974154
1587 0.0974154
1588 0.0974154
1589 0.0974154
1590 0.0974154
1591 0.0974154
1592 0.0974154
1593 0.0974154
1594 0.0974154
1595 0.0974154
1596 0.0974154
1597 0.0974154
1598 0.0974154
1599 0.0974154
1600 0.0974154
1601 0.0974154
1602 0.0974154
1603 0.0974154
1604 0.0974154
1605 0.0974154
1606 0.0974154
1607 0.0974154
1608 0.0974154
1609 0.0974154
1610 0.0974154
1611 0.0974154
1612 0.0974154
1613 0.0974154
1614 0.0974154
1615 0.0974154
1616 0.0974154
1617 0.0974154
1618 0.0974154
1619 0.0974154
1620 0.0974154
1621 0.0974154
1622 0.0974154
1623 0.0974154
1624 0.0974154
1625 0.0974154
1626 0.0974154
1627 0.0974154
1628 0.0974154
1629 0.0974154
1630 0.0974154
1631 0.0974154
1632 0.0974154
1633 0.0974154
1634 0.0974154
1635 0.0974154
1636 0.0974154
1637 0.0974154
1638 0.0974154
1639 0.0974154
1640 0.0974154
1641 0.0974154
1642 0.0974154
1643 0.0974154
1644 0.0974154
1645 0.0974154
1646 0.0974154
1647 0.0974154
1648 0.0974154
1649 0.0974154
1650 0.0974154
1651 0.0974284
1652 0.0974284
1653 0.0974284
1654 0.0974284
1655 0.0974284
1656 0.0974284
1657 0.0974284
1658 0.0974284
1659 0.0974284
1660 0.0974284
1661 0.0974284
1662 0.0974831
1663 0.0974831
1664 0.0974831
1665 0.0974831
1666 0.0974831
1667 0.0974831
1668 0.0974831
1669 0.0974831
1670 0.0974831
1671 0.0974831
1672 0.0974831
1673 0.0974831
1674 0.0974831
1675 0.0974831
1676 0.0974831
1677 0.0974831
1678 0.0974831
1679 0.0974831
1680 0.0974831
1681 0.0974831
1682 0.0974831
1683 0.0974831
1684 0.0974831
1685 0.0974831
1686 0.0974831
1687 0.0974831
1688 0.0974831
1689 0.0974831
1690 0.0974831
1691 0.0974831
1692 0.0974831
1693 0.0974831
1694 0.097602
1695 0.097602
1696 0.097602
1697 0.097602
1698 0.097602
1699 0.097602
1700 0.097602
1701 0.097602
1702 0.097602
1703 0.097602
1704 0.097602
1705 0.097602
1706 0.097602
1707 0.097602
1708 0.097602
1709 0.097602
1710 0.097602
1711 0.097602
1712 0.097602
1713 0.097602
1714 0.097602
1715 0.097602
1716 0.097602
1717 0.097602
1718 0.097602
1719 0.097602
1720 0.097602
1721 0.097602
1722 0.097602
1723 0.097602
1724 0.097602
1725 0.097602
1726 0.097602
1727 0.097602
1728 0.097602
1729 0.097602
1730 0.097602
1731 0.097602
1732 0.097602
1733 0.097602
1734 0.097602
1735 0.097602
1736 0.097602
1737 0.097602
1738 0.097602
1739 0.097602
1740 0.097602
1741 0.097602
1742 0.097602
1743 0.097602
1744 0.097602
1745 0.097602
1746 0.097602
1747 0.097602
1748 0.097602
1749 0.097602
1750 0.097602
1751 0.097602
1752 0.097602
1753 0.097602
1754 0.097602
1755 0.097602
1756 0.097602
1757 0.097602
1758 0.097602
1759 0.097602
1760 0.097602
1761 0.097602
1762 0.097602
1763 0.097602
1764 0.097602
1765 0.097602
1766 0.097602
1767 0.097602
1768 0.097602
1769 0.097602
1770 0.097602
1771 0.097602
1772 0.097602
1773 0.097602
1774 0.097602
1775 0.097602
1776 0.097602
1777 0.097602
1778 0.097602
1779 0.097602
1780 0.097602
1781 0.097602
1782 0.097602
1783 0.097602
1784 0.097602
1785 0.097602
1786 0.097602
1787 0.097602
1788 0.097602
1789 0.097602
1790 0.097602
1791 0.097602
1792 0.097602
1793 0.097602
1794 0.097602
1795 0.097602
1796 0.097602
1797 0.097602
1798 0.097602
1799 0.097602
1800 0.097602
1801 0.097602
1802 0.097602
1803 0.097602
1804 0.097602
1805 0.097602
1806 0.097602
1807 0.097602
1808 0.097602
1809 0.097602
1810 0.097602
1811 0.097602
1812 0.097602
1813 0.097602
1814 0.097602
1815 0.097602
1816 0.097602
1817 0.097602
1818 0.097602
1819 0.097602
1820 0.097602
1821 0.097602
1822 0.097602
1823 0.097602
1824 0.097602
1825 0.097602
1826 0.097602
1827 0.097602
1828 0.097602
1829 0.097602
1830 0.097602
1831 0.097602
1832 0.097602
1833 0.097602
1834 0.097602
1835 0.097602
1836 0.097602
1837 0.097602
1838 0.097602
1839 0.097602
1840 0.097602
1841 0.097602
1842 0.097602
1843 0.097602
1844 0.097602
1845 0.097602
1846 0.097602
1847 0.097602
1848 0.097602
1849 0.097602
1850 0.097602
1851 0.097602
1852 0.097602
1853 0.097602
1854 0.097602
1855 0.097602
1856 0.097602
1857 0.097602
1858 0.097602
1859 0.097602
1860 0.097602
1861 0.097602
1862 0.097602
1863 0.097602
1864 0.097602
1865 0.097602
1866 0.097602
1867 0.097602
1868 0.097602
1869 0.097602
1870 0.097602
1871 0.097602
1872 0.097602
1873 0.097602
1874 0.097602
1875 0.097602
1876 0.097602
1877 0.097602
1878 0.097602
1879 0.097602
1880 0.097602
1881 0.097602
1882 0.097602
1883 0.097602
1884 0.097602
1885 0.097602
1886 0.097602
1887 0.097602
1888 0.097602
1889 0.097602
1890 0.097602
1891 0.097602
1892 0.097602
1893 0.097602
1894 0.097602
1895 0.097602
1896 0.097602
1897 0.097602
1898 0.097602
1899 0.097602
1900 0.097602
1901 0.097602
1902 0.097602
1903 0.097602
1904 0.097602
1905 0.097602
1906 0.097602
1907 0.097602
1908 0.097602
1909 0.097602
1910 0.097602
1911 0.097602
1912 0.0976087
1913 0.0976087
1914 0.0976087
1915 0.0976087
1916 0.0976087
1917 0.0976087
1918 0.0976087
1919 0.0976087
1920 0.0976087
1921 0.0976087
1922 0.0976087
1923 0.0976087
1924 0.0976087
1925 0.0976087
1926 0.0976087
1927 0.0976087
1928 0.0976087
1929 0.0976087
1930 0.0976087
1931 0.0976087
1932 0.0976087
1933 0.0976087
1934 0.0976087
1935 0.0976087
1936 0.0976087
1937 0.0976087
1938 0.0976087
1939 0.0976087
1940 0.0976087
1941 0.0976087
1942 0.0976087
1943 0.0976087
1944 0.0976087
1945 0.0976087
1946 0.0976087
1947 0.0976087
1948 0.0976087
1949 0.0976087
1950 0.0976087
1951 0.0976087
1952 0.0976087
1953 0.0976087
1954 0.0976087
1955 0.0976087
1956 0.0976087
1957 0.0976087
1958 0.0976087
1959 0.0976087
1960 0.0976087
1961 0.0976087
1962 0.0976087
1963 0.0976087
1964 0.0976087
1965 0.0976087
1966 0.0976087
1967 0.0976087
1968 0.0976087
1969 0.0976087
1970 0.0976087
1971 0.0976087
1972 0.0976087
1973 0.0976087
1974 0.0976087
1975 0.0976087
1976 0.0976087
1977 0.0976087
1978 0.0976087
1979 0.0976087
1980 0.0976087
1981 0.0976087
1982 0.0976087
1983 0.0976087
1984 0.0976087
1985 0.0976087
1986 0.0976087
1987 0.0976087
1988 0.0976087
1989 0.0976087
1990 0.0976087
1991 0.0976087
1992 0.0976087
1993 0.0976087
1994 0.0976087
1995 0.0976087
1996 0.0976087
1997 0.0976087
1998 0.0976087
1999 0.0976087
2000 0.0976087
2001 0.0976087
2002 0.0976087
2003 0.0976087
2004 0.0976087
2005 0.0976087
2006 0.0976087
2007 0.0976087
2008 0.0976087
2009 0.0976087
2010 0.0976087
2011 0.0976087
2012 0.0976087
2013 0.0976087
2014 0.0976087
2015 0.0976087
2016 0.0976087
2017 0.0976087
2018 0.0976087
2019 0.0976087
2020 0.0976087
2021 0.0976087
2022 0.0976087
2023 0.0976087
2024 0.0976087
2025 0.0976087
2026 0.0976087
2027 0.0976087
2028 0.0976087
2029 0.0976087
2030 0.0976087
2031 0.0976087
2032 0.0976087
2033 0.0976087
2034 0.0976087
2035 0.0976087
2036 0.0976087
2037 0.0976087
2038 0.0976087
2039 0.0976087
2040 0.0976087
2041 0.0976087
2042 0.0976087
2043 0.0976087
2044 0.0976087
2045 0.0976087
2046 0.0976087
2047 0.0976087
2048 0.0976087
2049 0.0976087
2050 0.0976087
2051 0.0976087
2052 0.0976087
2053 0.0976087
2054 0.0976087
2055 0.0976087
2056 0.0976087
2057 0.0976087
2058 0.0976087
2059 0.0976087
2060 0.0976087
2061 0.0976087
2062 0.0976087
2063 0.0976087
2064 0.0976087
2065 0.0976087
2066 0.0976087
2067 0.0976087
2068 0.0976087
2069 0.0976087
2070 0.0976087
2071 0.0976087
2072 0.0976087
2073 0.0976087
2074 0.0976087
2075 0.0976087
2076 0.0976087
2077 0.0976087
2078 0.0976087
2079 0.0976087
2080 0.0976087
2081 0.0976087
2082 0.0976087
2083 0.0976087
2084 0.0976087
2085 0.0976087
2086 0.0976087
2087 0.0976087
2088 0.0976087
2089 0.0976087
2090 0.0976087
2091 0.0976087
2092 0.0976087
2093 0.0976087
2094 0.0976087
2095 0.0976087
2096 0.0976087
2097 0.0976087
2098 0.0976087
2099 0.0976087
2100 0.0976087
2101 0.0976087
2102 0.0976087
2103 0.0976087
2104 0.0976087
2105 0.0976087
2106 0.0976087
2107 0.0976087
2108 0.0976087
2109 0.0976087
2110 0.0976087
2111 0.0976087
2112 0.0976087
2113 0.0976087
2114 0.0976087
2115 0.0976087
2116 0.0976087
2117 0.0976087
2118 0.0976087
2119 0.0976087
2120 0.0976087
2121 0.0976087
2122 0.0976087
2123 0.0976087
2124 0.0976087
2125 0.0976087
2126 0.0976087
2127 0.0976087
2128 0.0976087
2129 0.0976087
2130 0.0976087
2131 0.0976087
2132 0.0976087
2133 0.0976087
2134 0.0976087
2135 0.0976087
2136 0.0976087
2137 0.0976087
2138 0.0976087
2139 0.0976087
2140 0.0976087
2141 0.0976087
2142 0.0976087
2143 0.0976087
2144 0.0976087
2145 0.0976087
2146 0.0976087
2147 0.0976087
2148 0.0976087
2149 0.0976087
2150 0.0976087
2151 0.0976087
2152 0.0976087
2153 0.0976087
2154 0.0976087
2155 0.0976087
2156 0.0976087
2157 0.0976087
2158 0.0976087
2159 0.0976087
2160 0.0976087
2161 0.0976087
2162 0.0976087
2163 0.0976087
2164 0.0976087
2165 0.0976087
2166 0.0976087
2167 0.0976087
2168 0.0976087
2169 0.0976087
2170 0.0976087
2171 0.0976087
2172 0.0976087
2173 0.0976087
2174 0.0976087
2175 0.0976087
2176 0.0976087
2177 0.0976087
2178 0.0976087
2179 0.0976087
2180 0.0976087
2181 0.0976087
2182 0.0976087
2183 0.0976087
2184 0.0976087
2185 0.0976087
2186 0.0976087
2187 0.0976087
2188 0.0976087
2189 0.0976087
2190 0.0976087
2191 0.0976087
2192 0.0976087
2193 0.0976087
2194 0.0976087
2195 0.0976087
2196 0.0976087
2197 0.0976087
2198 0.0976087
2199 0.0976087
2200 0.0976087
2201 0.0976087
2202 0.0976087
2203 0.0976087
2204 0.0976087
2205 0.0976087
2206 0.0976087
2207 0.0976087
2208 0.0976087
2209 0.0976087
2210 0.0976087
2211 0.0976087
2212 0.0976087
2213 0.0976087
2214 0.0976087
2215 0.0976087
2216 0.0976087
2217 0.0976087
2218 0.0976087
2219 0.0976087
2220 0.0976087
2221 0.0976087
2222 0.0976087
2223 0.0976087
2224 0.0976087
2225 0.0976087
2226 0.0976087
2227 0.0976087
2228 0.0976087
2229 0.0976087
2230 0.0976087
2231 0.0976087
2232 0.0976087
2233 0.0976087
2234 0.0976087
2235 0.0976087
2236 0.0976087
2237 0.0976087
2238 0.0976087
2239 0.0976087
2240 0.0976087
2241 0.0976087
2242 0.0976087
2243 0.0976087
2244 0.0976087
2245 0.0976087
2246 0.0976087
2247 0.0976087
2248 0.0976087
2249 0.0976087
2250 0.0976087
2251 0.0976087
2252 0.0976087
2253 0.0976087
2254 0.0976087
2255 0.0976087
2256 0.0976087
2257 0.0976087
2258 0.0976087
2259 0.0976087
2260 0.0976087
2261 0.0976087
2262 0.0976087
2263 0.0976087
2264 0.0976087
2265 0.0976087
2266 0.0976087
2267 0.0976087
2268 0.0976087
2269 0.0976087
2270 0.0976087
2271 0.0976087
2272 0.0976087
2273 0.0976087
2274 0.0976087
2275 0.0976087
2276 0.0976087
2277 0.0976087
2278 0.0976087
2279 0.0976087
2280 0.0976087
2281 0.0976087
2282 0.0976087
2283 0.0976087
2284 0.0976087
2285 0.0976087
2286 0.0976087
2287 0.0976087
2288 0.0976087
2289 0.0976087
2290 0.0976087
2291 0.0976087
2292 0.0976087
2293 0.0976087
2294 0.0976087
2295 0.0976087
2296 0.0976087
2297 0.0976087
2298 0.0976087
2299 0.0976087
2300 0.0976087
2301 0.0976087
2302 0.0976087
2303 0.0976087
2304 0.0976087
2305 0.0976087
2306 0.0976087
2307 0.0976087
2308 0.0976087
2309 0.0976087
2310 0.0976087
2311 0.0976087
2312 0.0976087
2313 0.0976087
2314 0.0976087
2315 0.0976087
2316 0.0976087
2317 0.0976087
2318 0.0976087
2319 0.0976087
2320 0.0976087
2321 0.0976087
2322 0.0976087
2323 0.0976087
2324 0.0976087
2325 0.0976087
2326 0.0976087
2327 0.0976087
2328 0.0976087
2329 0.0976087
2330 0.0976087
2331 0.0976087
2332 0.0976087
2333 0.0976087
2334 0.0976087
2335 0.0976087
2336 0.0976087
2337 0.0976087
2338 0.0976087
2339 0.0976087
2340 0.0976087
2341 0.0976087
2342 0.0976087
2343 0.0976087
2344 0.0976087
2345 0.0976087
2346 0.0976087
2347 0.0976087
2348 0.0976087
2349 0.0976087
2350 0.0976087
2351 0.0976087
2352 0.0976087
2353 0.0976087
2354 0.0976087
2355 0.0976087
2356 0.0976087
2357 0.0976087
2358 0.0976087
2359 0.0976087
2360 0.0976087
2361 0.0976087
2362 0.0976087
2363 0.0976087
2364 0.0976087
2365 0.0976087
2366 0.0976087
2367 0.0976087
2368 0.0976087
2369 0.0976087
2370 0.0976087
2371 0.0976087
2372 0.0976087
2373 0.0976087
2374 0.0976087
2375 0.0976087
2376 0.0976087
2377 0.0976087
2378 0.0976087
2379 0.0976087
2380 0.0976087
2381 0.0976087
2382 0.0976087
2383 0.0976087
2384 0.0976087
2385 0.0976087
2386 0.0976087
2387 0.0976087
2388 0.0976087
2389 0.0976087
2390 0.0976087
2391 0.0976087
2392 0.0976087
2393 0.0976087
2394 0.0976087
2395 0.0976087
2396 0.0976087
2397 0.0976087
2398 0.0976087
2399 0.0976087
2400 0.0976087
2401 0.0976087
2402 0.0976087
2403 0.0976087
2404 0.0976087
2405 0.0976087
2406 0.0976087
2407 0.0976087
2408 0.0976087
2409 0.0976087
2410 0.0976087
2411 0.0976087
2412 0.0976087
2413 0.0976087
2414 0.0976087
2415 0.0976087
2416 0.0976087
2417 0.0976087
2418 0.0976087
2419 0.0976087
2420 0.0976087
2421 0.0976087
2422 0.0976087
2423 0.0976087
2424 0.0976087
2425 0.0976087
2426 0.0976087
2427 0.0976087
2428 0.0976087
2429 0.0976087
2430 0.0976087
2431 0.0976087
2432 0.0976087
2433 0.0976087
2434 0.0976087
2435 0.0976087
2436 0.0976087
2437 0.0976087
2438 0.0976087
2439 0.0976087
2440 0.0976087
2441 0.0976087
2442 0.0976087
2443 0.0976087
2444 0.0976087
2445 0.0976087
2446 0.0976087
2447 0.0976087
2448 0.0976087
2449 0.0976087
2450 0.0976087
2451 0.0976087
2452 0.0976087
2453 0.0976087
2454 0.0976087
2455 0.0976087
2456 0.0976087
2457 0.0976087
2458 0.0976087
2459 0.0976087
2460 0.0976087
2461 0.0976087
2462 0.0976087
2463 0.0976087
2464 0.0976087
2465 0.0976087
2466 0.0976087
2467 0.0976087
2468 0.0976087
2469 0.0976087
2470 0.0976087
2471 0.0976087
2472 0.0976087
2473 0.0976087
2474 0.0976087
2475 0.0976087
2476 0.0976087
2477 0.0976087
2478 0.0976087
2479 0.0976087
2480 0.0976087
2481 0.0976087
2482 0.0976087
2483 0.0976087
2484 0.0976087
2485 0.0976087
2486 0.0976087
2487 0.0976087
2488 0.0976087
2489 0.0976087
2490 0.0976087
2491 0.0976087
2492 0.0976087
2493 0.0976087
2494 0.0976087
2495 0.0976087
2496 0.0976087
2497 0.0976087
2498 0.0976087
2499 0.0976087
2500 0.0976087
2501 0.0976087
2502 0.0976087
2503 0.0976087
2504 0.0976087
2505 0.0976087
2506 0.0976087
2507 0.0976087
2508 0.0976087
2509 0.0976087
2510 0.0976087
2511 0.0976087
2512 0.0976087
2513 0.0976087
2514 0.0976087
2515 0.0976087
2516 0.0976087
2517 0.0976087
2518 0.0976087
2519 0.0976087
2520 0.0976087
2521 0.0976087
2522 0.0976087
2523 0.0976087
2524 0.0976087
2525 0.0976087
2526 0.0976087
2527 0.0976087
2528 0.0976087
2529 0.0976087
2530 0.0976087
2531 0.0976087
2532 0.0976087
2533 0.0976087
2534 0.0976087
2535 0.0976087
2536 0.0976087
2537 0.0976087
2538 0.0976087
2539 0.0976087
2540 0.0976087
2541 0.0976087
2542 0.0976087
2543 0.0976087
2544 0.0976087
2545 0.0976087
2546 0.0976087
2547 0.0976087
2548 0.0976087
2549 0.0976087
2550 0.0976087
2551 0.0976087
2552 0.0976087
2553 0.0976087
2554 0.0976087
2555 0.0976087
2556 0.0976087
2557 0.0976087
2558 0.0976087
2559 0.0976087
2560 0.0976087
2561 0.0976087
2562 0.0976087
2563 0.0976087
2564 0.0976087
2565 0.0976087
2566 0.0976087
2567 0.0976087
2568 0.0976087
2569 0.0976087
2570 0.0976087
2571 0.0976087
2572 0.0976087
2573 0.0976087
2574 0.0976087
2575 0.0976087
2576 0.0976087
2577 0.0976087
2578 0.0976087
2579 0.0976087
2580 0.0976087
2581 0.0976087
2582 0.0976087
2583 0.0976087
2584 0.0976087
2585 0.0976087
2586 0.0976087
2587 0.0976087
2588 0.0976087
2589 0.0976087
2590 0.0976087
2591 0.0976087
2592 0.0976087
2593 0.0976087
2594 0.0976087
2595 0.0976087
2596 0.0976087
2597 0.0976087
2598 0.0976087
2599 0.0976087
2600 0.0976087
2601 0.0976087
2602 0.0976087
2603 0.0976087
2604 0.0976087
2605 0.0976087
2606 0.0976087
2607 0.0976087
2608 0.0976087
2609 0.0976087
2610 0.0976087
2611 0.0976087
2612 0.0976087
2613 0.0976087
2614 0.0976087
2615 0.0976087
2616 0.0976087
2617 0.0976087
2618 0.0976087
2619 0.0976087
2620 0.0976087
2621 0.0976087
2622 0.0976087
2623 0.0976087
2624 0.0976087
2625 0.0976087
2626 0.0976087
2627 0.0976087
2628 0.0976087
2629 0.0976087
2630 0.0976087
2631 0.0976087
2632 0.0976087
2633 0.0976087
2634 0.0976087
2635 0.0976087
2636 0.0976087
2637 0.0976087
2638 0.0976087
2639 0.0976087
2640 0.0976087
2641 0.0976087
2642 0.0976087
2643 0.0976087
2644 0.0976087
2645 0.0976087
2646 0.0976087
2647 0.0976087
2648 0.0976087
2649 0.0976087
2650 0.0976087
2651 0.0976087
2652 0.0976087
2653 0.0976087
2654 0.0976087
2655 0.0976087
2656 0.0976087
2657 0.0976087
2658 0.0976087
2659 0.0976087
2660 0.0976087
2661 0.0976087
2662 0.0976087
2663 0.0976087
2664 0.0976087
2665 0.0976087
2666 0.0976087
2667 0.0976087
2668 0.0976087
2669 0.0976087
2670 0.0976087
2671 0.0976087
2672 0.0976087
2673 0.0976087
2674 0.0976087
2675 0.0976087
2676 0.0976087
2677 0.0976087
2678 0.0976087
2679 0.0976087
2680 0.0976087
2681 0.0976087
2682 0.0976087
2683 0.0976087
2684 0.0976087
2685 0.0976087
2686 0.0976087
2687 0.0976087
2688 0.0976087
2689 0.0976087
2690 0.0976087
2691 0.0976087
2692 0.0976087
2693 0.0976087
2694 0.0976087
2695 0.0976087
2696 0.0976087
2697 0.0976087
2698 0.0976087
2699 0.0976087
2700 0.0976087
2701 0.0976087
2702 0.0976087
2703 0.0976087
2704 0.0976087
2705 0.0976087
2706 0.0976087
2707 0.0976087
2708 0.0976087
2709 0.0976087
2710 0.0976087
2711 0.0976087
2712 0.0976087
2713 0.0976087
2714 0.0976087
2715 0.0976087
2716 0.0976087
2717 0.0976087
2718 0.0976087
2719 0.0976087
2720 0.0976087
2721 0.0976087
2722 0.0976087
2723 0.0976087
2724 0.0976087
2725 0.0976087
2726 0.0976087
2727 0.0976087
2728 0.0976087
2729 0.0976087
2730 0.0976087
2731 0.0976087
2732 0.0976087
2733 0.0976087
2734 0.0976087
2735 0.0976087
2736 0.0976087
2737 0.0976087
2738 0.0976087
2739 0.0976087
2740 0.0976087
2741 0.0976087
2742 0.0976087
2743 0.0976087
2744 0.0976087
2745 0.0976087
2746 0.0976087
2747 0.0976087
2748 0.0976087
2749 0.0976087
2750 0.0976087
2751 0.0976087
2752 0.0976087
2753 0.0976087
2754 0.0976087
2755 0.0976087
2756 0.0976087
2757 0.0976087
2758 0.0976087
2759 0.0976087
2760 0.0976087
2761 0.0976087
2762 0.0976087
2763 0.0976087
2764 0.0976087
2765 0.0976087
2766 0.0976087
2767 0.0976087
2768 0.0976087
2769 0.0976087
2770 0.0976087
2771 0.0976087
2772 0.0976087
2773 0.0976087
2774 0.0976087
2775 0.0976087
2776 0.0976087
2777 0.0976087
2778 0.0976087
2779 0.0976087
2780 0.0976755
2781 0.0976755
2782 0.0976755
2783 0.0976755
2784 0.0976755
2785 0.0976755
2786 0.0976755
2787 0.0976755
2788 0.0976755
2789 0.0976755
2790 0.0976755
2791 0.0976755
2792 0.0976755
2793 0.0976755
2794 0.0976755
2795 0.0976755
2796 0.0976755
2797 0.0976755
2798 0.0976755
2799 0.0976755
2800 0.0976755
2801 0.0976755
2802 0.0976755
2803 0.0976755
2804 0.0976755
2805 0.0976755
2806 0.0976755
2807 0.0976755
2808 0.0976755
2809 0.0976755
2810 0.0976755
2811 0.0976755
2812 0.0976755
2813 0.0976755
2814 0.0976755
2815 0.0976755
2816 0.0976755
2817 0.0976755
2818 0.0976755
2819 0.0976755
2820 0.0976755
2821 0.0976755
2822 0.0976755
2823 0.0976755
2824 0.0976755
2825 0.0976755
2826 0.0976755
2827 0.0976755
2828 0.0976755
2829 0.0976755
2830 0.0976755
2831 0.0976755
2832 0.0976755
2833 0.0976755
2834 0.0976755
2835 0.0976755
2836 0.0976755
2837 0.0976755
2838 0.0976755
2839 0.0976755
2840 0.0976755
2841 0.0976755
2842 0.0976755
2843 0.0976755
2844 0.0976755
2845 0.0976755
2846 0.0976755
2847 0.0976755
2848 0.0976755
2849 0.0976755
2850 0.0976755
2851 0.0976755
2852 0.0976755
2853 0.0976755
2854 0.0976755
2855 0.0976755
2856 0.0976755
2857 0.0976755
2858 0.0976755
2859 0.0976755
2860 0.0976755
2861 0.0976755
2862 0.0976755
2863 0.0976755
2864 0.0976755
2865 0.0976755
2866 0.0976755
2867 0.0976755
2868 0.0976755
2869 0.0976755
2870 0.0976755
2871 0.0976755
2872 0.0976755
2873 0.0976755
2874 0.0976755
2875 0.0976755
2876 0.0976755
2877 0.0976755
2878 0.097802
2879 0.097802
2880 0.097802
2881 0.097802
2882 0.097802
2883 0.097802
2884 0.097802
2885 0.097802
2886 0.097802
2887 0.097802
2888 0.097802
2889 0.097802
2890 0.097802
2891 0.097802
2892 0.097802
2893 0.097802
2894 0.097802
2895 0.097802
2896 0.097802
2897 0.097802
2898 0.097802
2899 0.097802
2900 0.097802
2901 0.097802
2902 0.097802
2903 0.097802
2904 0.097802
2905 0.097802
2906 0.097802
2907 0.097802
2908 0.097802
2909 0.097802
2910 0.097802
2911 0.097802
2912 0.097802
2913 0.097802
2914 0.097802
2915 0.097802
2916 0.097802
2917 0.097802
2918 0.097802
2919 0.097802
2920 0.097802
2921 0.097802
2922 0.097802
2923 0.097802
2924 0.097802
2925 0.097802
2926 0.097802
2927 0.097802
2928 0.097802
2929 0.097802
2930 0.097802
2931 0.097802
2932 0.097802
2933 0.097802
2934 0.097802
2935 0.097802
2936 0.097802
2937 0.097802
2938 0.097802
2939 0.097802
2940 0.097802
2941 0.097802
2942 0.097802
2943 0.097802
2944 0.097802
2945 0.097802
2946 0.097802
2947 0.097802
2948 0.097802
2949 0.097802
2950 0.097802
2951 0.097802
2952 0.097802
2953 0.097802
2954 0.097802
2955 0.097802
2956 0.097802
2957 0.097802
2958 0.097802
2959 0.097802
2960 0.097802
2961 0.097802
2962 0.097802
2963 0.097802
2964 0.097802
2965 0.0979486
2966 0.0979486
2967 0.0979486
2968 0.0979486
2969 0.0979486
2970 0.0979486
2971 0.0979486
2972 0.0979486
2973 0.0979486
2974 0.0979486
2975 0.0979486
2976 0.0979486
2977 0.0979486
2978 0.0979486
2979 0.0979486
2980 0.0979486
2981 0.0979486
2982 0.0979486
2983 0.0979486
2984 0.0979486
2985 0.0979486
2986 0.0979486
2987 0.0979486
2988 0.0979486
2989 0.0979486
2990 0.0979486
2991 0.0979486
2992 0.0979486
2993 0.0979486
2994 0.0979486
2995 0.0979486
2996 0.0979486
2997 0.0979486
2998 0.0979486
2999 0.0979486
3000 0.0979486
3001 0.0979486
3002 0.0979486
3003 0.0983637
3004 0.0983637
3005 0.0983637
3006 0.0983637
3007 0.0983637
3008 0.0983637
3009 0.0983637
3010 0.0983637
3011 0.0983637
3012 0.0983637
3013 0.0983637
3014 0.0983637
3015 0.0983637
3016 0.0983637
3017 0.0983637
3018 0.0983637
3019 0.0983637
3020 0.0983637
3021 0.0983637
3022 0.0983637
3023 0.0983637
3024 0.0983637
3025 0.0983637
3026 0.0983637
3027 0.0983637
3028 0.0983637
3029 0.0983637
3030 0.0983637
3031 0.0983637
3032 0.0983637
3033 0.0983637
3034 0.0983637
3035 0.0983637
3036 0.0983637
3037 0.0983637
3038 0.0983637
3039 0.0983637
3040 0.0983637
3041 0.0983637
3042 0.0983637
3043 0.0983637
3044 0.0983637
3045 0.0983637
3046 0.0983637
3047 0.0983637
3048 0.0983637
3049 0.0983637
3050 0.0983637
3051 0.0983637
3052 0.0983637
3053 0.0983637
3054 0.0983637
3055 0.0983637
3056 0.0983637
3057 0.0983637
3058 0.0983637
3059 0.0983637
3060 0.0983637
3061 0.0983637
3062 0.0983637
3063 0.0983637
3064 0.0983637
3065 0.0983637
3066 0.0983637
3067 0.0983637
3068 0.0983637
3069 0.0983637
3070 0.0983637
3071 0.0983637
3072 0.0983637
3073 0.0983637
3074 0.0983637
3075 0.0983637
3076 0.0983637
3077 0.0983637
3078 0.0983637
3079 0.0983637
3080 0.0983637
3081 0.0983637
3082 0.0983637
3083 0.0983637
3084 0.0983637
3085 0.0983637
3086 0.0983637
3087 0.0983637
3088 0.0983637
3089 0.0983637
3090 0.0983637
3091 0.0983637
3092 0.0983637
3093 0.0983637
3094 0.0983637
3095 0.0983637
3096 0.0983637
3097 0.0983637
3098 0.0983637
3099 0.0983637
3100 0.0983637
3101 0.0983637
3102 0.0983637
3103 0.0985103
3104 0.0985103
3105 0.0985103
3106 0.0985103
3107 0.0985103
3108 0.0985103
3109 0.0985103
3110 0.0985103
3111 0.0985103
3112 0.0985103
3113 0.0985103
3114 0.0985103
3115 0.0985103
3116 0.0985103
3117 0.0985103
3118 0.0985103
3119 0.0985103
3120 0.0985103
3121 0.0985103
3122 0.0985103
3123 0.0985103
3124 0.0985103
3125 0.0985103
3126 0.0985103
3127 0.0985103
3128 0.0985103
3129 0.0985103
3130 0.0985103
3131 0.0985103
3132 0.0985103
3133 0.0985103
3134 0.0985103
3135 0.0985103
3136 0.0985103
3137 0.0985103
3138 0.0985103
3139 0.0985103
3140 0.0985103
3141 0.0985103
3142 0.0985103
3143 0.0985103
3144 0.0985103
3145 0.0985103
3146 0.0985103
3147 0.0985103
3148 0.0985103
3149 0.0985103
3150 0.0985103
3151 0.0985103
3152 0.0985103
3153 0.0985103
3154 0.0985103
3155 0.0985103
3156 0.0985103
3157 0.0985103
3158 0.0985103
3159 0.0985103
3160 0.0985103
3161 0.0985103
3162 0.0985103
3163 0.0985103
3164 0.0985103
3165 0.0985103
3166 0.0985103
3167 0.0985103
3168 0.0985103
3169 0.0985103
3170 0.0985103
3171 0.0985103
3172 0.0985103
3173 0.0985103
3174 0.0985103
3175 0.0985103
3176 0.0985103
3177 0.0985103
3178 0.0985103
3179 0.0985103
3180 0.0985103
3181 0.0985103
3182 0.0985103
3183 0.0985103
3184 0.0986448
3185 0.0986448
3186 0.0986448
3187 0.0986448
3188 0.0986448
3189 0.0986448
3190 0.0986448
3191 0.0986448
3192 0.0986448
3193 0.0986448
3194 0.0986448
3195 0.0986448
3196 0.0986448
3197 0.0986448
3198 0.0986448
3199 0.0986448
3200 0.0986448
3201 0.0986448
3202 0.0986448
3203 0.0986448
3204 0.0986448
3205 0.0986448
3206 0.0986448
3207 0.0986448
3208 0.0986448
3209 0.0986448
3210 0.0986448
3211 0.0986448
3212 0.0986448
3213 0.0986448
3214 0.0986448
3215 0.0986448
3216 0.0986448
3217 0.0986448
3218 0.0986448
3219 0.0986448
3220 0.0986448
3221 0.0986448
3222 0.0986448
3223 0.0986448
3224 0.0986448
3225 0.0986448
3226 0.0986448
3227 0.0986448
3228 0.0986448
3229 0.0986448
3230 0.0986448
3231 0.0986448
3232 0.0986448
3233 0.0986448
3234 0.0986448
3235 0.0986448
3236 0.0986448
3237 0.0986448
3238 0.0986448
3239 0.0986448
3240 0.0986448
3241 0.0986448
3242 0.0986448
3243 0.0986448
3244 0.0986448
3245 0.0986448
3246 0.0986448
3247 0.0986448
3248 0.0986448
3249 0.0986448
3250 0.0986448
3251 0.0986448
3252 0.0986448
3253 0.0986448
3254 0.0986448
3255 0.0986448
3256 0.0986448
3257 0.0986448
3258 0.0986448
3259 0.0986448
3260 0.0986448
3261 0.0986448
3262 0.0986448
3263 0.0986448
3264 0.0986448
3265 0.0986448
3266 0.0986448
3267 0.0986448
3268 0.0986448
3269 0.0986448
3270 0.0986448
3271 0.0986448
3272 0.0986448
3273 0.0986448
3274 0.0986448
3275 0.0986448
3276 0.0986448
3277 0.0986448
3278 0.0986448
3279 0.0986448
3280 0.0986448
3281 0.0986448
3282 0.0986448
3283 0.0986448
3284 0.0986448
3285 0.0986448
3286 0.0986448
3287 0.0986448
3288 0.0986448
3289 0.0986448
3290 0.0986448
3291 0.0986448
3292 0.0986448
3293 0.0986448
3294 0.0986448
3295 0.0986448
3296 0.0986448
3297 0.0986448
3298 0.0986448
3299 0.0986448
3300 0.0986448
3301 0.0986448
3302 0.0986448
3303 0.0986448
3304 0.0986448
3305 0.0986448
3306 0.0986448
3307 0.0986448
3308 0.0986448
3309 0.0986448
3310 0.0986448
3311 0.0986448
3312 0.0986448
3313 0.0986448
3314 0.0986448
3315 0.0986448
3316 0.0986448
3317 0.0986448
3318 0.0986448
3319 0.0986448
3320 0.0986448
3321 0.0986448
3322 0.0986448
3323 0.0986448
3324 0.0986448
3325 0.0986448
3326 0.0986448
3327 0.0986448
3328 0.0986448
3329 0.0986448
3330 0.0986448
3331 0.0986448
3332 0.0986448
3333 0.0986448
3334 0.0986448
3335 0.0986448
3336 0.0986448
3337 0.0986448
3338 0.0986448
3339 0.0986448
3340 0.0986448
3341 0.0986448
3342 0.0986448
3343 0.0986448
3344 0.0986448
3345 0.0986448
3346 0.0986448
3347 0.0986448
3348 0.0986448
3349 0.0986448
3350 0.0986448
3351 0.0986448
3352 0.0986448
3353 0.0986448
3354 0.0986448
3355 0.0986448
3356 0.0986448
3357 0.0986448
3358 0.0986448
3359 0.0986448
3360 0.0986448
3361 0.0986448
3362 0.0986448
3363 0.0986448
3364 0.0986448
3365 0.0986448
3366 0.0986448
3367 0.0986448
3368 0.0986448
3369 0.0986448
3370 0.0986448
3371 0.0986448
3372 0.0986448
3373 0.0986448
3374 0.0986448
3375 0.0986448
3376 0.0986448
3377 0.0986448
3378 0.0986448
3379 0.0986448
3380 0.0986448
3381 0.0986448
3382 0.0986448
3383 0.0986448
3384 0.0986448
3385 0.0986448
3386 0.0986448
3387 0.0986448
3388 0.0986448
3389 0.0986448
3390 0.0986448
3391 0.0986448
3392 0.0986448
3393 0.0986448
3394 0.0986448
3395 0.0986448
3396 0.0986448
3397 0.0986448
3398 0.0986448
3399 0.0986448
3400 0.0986448
3401 0.0986448
3402 0.0986448
3403 0.0986448
3404 0.0986448
3405 0.0986448
3406 0.0986448
3407 0.0986448
3408 0.0986448
3409 0.0986448
3410 0.0986448
3411 0.0986448
3412 0.0986448
3413 0.0986448
3414 0.0986448
3415 0.0986448
3416 0.0986448
3417 0.0986448
3418 0.0986448
3419 0.0986448
3420 0.0986448
3421 0.0986448
3422 0.0986448
3423 0.0986448
3424 0.0986448
3425 0.0986448
3426 0.0986448
3427 0.0986448
3428 0.0986448
3429 0.0986448
3430 0.0986448
3431 0.0986448
3432 0.0986448
3433 0.0986448
3434 0.0986448
3435 0.0986448
3436 0.0986448
3437 0.0986448
3438 0.0986448
3439 0.0986448
3440 0.0986448
3441 0.0986448
3442 0.0986448
3443 0.0986448
3444 0.0986448
3445 0.0986448
3446 0.0986448
3447 0.0986448
3448 0.0986448
3449 0.0986448
3450 0.0986448
3451 0.0986448
3452 0.0986448
3453 0.0986448
3454 0.0986448
3455 0.0986448
3456 0.0986448
3457 0.0986448
3458 0.0986448
3459 0.0986448
3460 0.0986448
3461 0.0986448
3462 0.0986448
3463 0.0986448
3464 0.0986448
3465 0.0986448
3466 0.0986448
3467 0.0986448
3468 0.0986448
3469 0.0986448
3470 0.0986448
3471 0.0986448
3472 0.0986448
3473 0.0986448
3474 0.0986448
3475 0.0986448
3476 0.0986448
3477 0.0986448
3478 0.0986448
3479 0.0986448
3480 0.0986448
3481 0.0986448
3482 0.0986448
3483 0.0986448
3484 0.0986448
3485 0.0986448
3486 0.0986448
3487 0.0986448
3488 0.0986448
3489 0.0986448
3490 0.0986448
3491 0.0986448
3492 0.0986448
3493 0.0986448
3494 0.0986448
3495 0.0986448
3496 0.0986448
3497 0.0986448
3498 0.0986448
3499 0.0986448
3500 0.0986448
3501 0.0986448
3502 0.0986448
3503 0.0986448
3504 0.0986448
3505 0.0986448
3506 0.0986448
3507 0.0986448
3508 0.0986448
3509 0.0986448
3510 0.0986448
3511 0.0986448
3512 0.0986448
3513 0.0986448
3514 0.0986448
3515 0.0986448
3516 0.0986448
3517 0.0986448
3518 0.0986448
3519 0.0986448
3520 0.0986448
3521 0.0986448
3522 0.0986448
3523 0.0986448
3524 0.0986448
3525 0.0986448
3526 0.0986448
3527 0.0986448
3528 0.0986448
3529 0.0986448
3530 0.0986448
3531 0.0986448
3532 0.0986448
3533 0.0986448
3534 0.0986448
3535 0.0986448
3536 0.0986448
3537 0.0986448
3538 0.0986448
3539 0.0986448
3540 0.0986448
3541 0.0986448
3542 0.0986448
3543 0.0986448
3544 0.0986448
3545 0.0986448
3546 0.0986448
3547 0.0986448
3548 0.0986448
3549 0.0986448
3550 0.0986448
3551 0.0986448
3552 0.0986448
3553 0.0986448
3554 0.0986448
3555 0.0986448
3556 0.0986448
3557 0.0986448
3558 0.0986448
3559 0.0986448
3560 0.0986448
3561 0.0986448
3562 0.0986448
3563 0.0986448
3564 0.0986448
3565 0.0986448
3566 0.0986448
3567 0.0986448
3568 0.0986448
3569 0.0986448
3570 0.0986448
3571 0.0986448
3572 0.0986448
3573 0.0986448
3574 0.0986448
3575 0.0986448
3576 0.0986448
3577 0.0986448
3578 0.0986448
3579 0.0986448
3580 0.0986448
3581 0.0986448
3582 0.0986448
3583 0.0986448
3584 0.0986448
3585 0.0986448
3586 0.0986448
3587 0.0986448
3588 0.0986448
3589 0.0986448
3590 0.0986448
3591 0.0986448
3592 0.0986448
3593 0.0986448
3594 0.0986448
3595 0.0986448
3596 0.0986448
3597 0.0986448
3598 0.0986448
3599 0.0986448
3600 0.0986448
3601 0.0986448
3602 0.0986448
3603 0.0986448
3604 0.0986448
3605 0.0986448
3606 0.0986448
3607 0.0986448
3608 0.0986448
3609 0.0986448
3610 0.0986448
3611 0.0986448
3612 0.0986448
3613 0.0986448
3614 0.0986448
3615 0.0986448
3616 0.0986448
3617 0.0986448
3618 0.0986448
3619 0.0986448
3620 0.0986448
3621 0.0986448
3622 0.0986448
3623 0.0986448
3624 0.0986448
3625 0.0986448
3626 0.0986448
3627 0.0986448
3628 0.0986448
3629 0.0986448
3630 0.0986448
3631 0.0986448
3632 0.0986448
3633 0.0986448
3634 0.0986448
3635 0.0986448
3636 0.0986448
3637 0.0986448
3638 0.0986448
3639 0.0986448
3640 0.0986448
3641 0.0986448
3642 0.0986448
3643 0.0986448
3644 0.0986448
3645 0.0986448
3646 0.0986448
3647 0.0986448
3648 0.0986448
3649 0.0986448
3650 0.0986448
3651 0.0986448
3652 0.0986448
3653 0.0986448
3654 0.0986448
3655 0.0986448
3656 0.0986448
3657 0.0986448
3658 0.0986448
3659 0.0986448
3660 0.0986448
3661 0.0986448
3662 0.0986448
3663 0.0986448
3664 0.0986448
3665 0.0986448
3666 0.0986448
3667 0.0986448
3668 0.0986448
3669 0.0986448
3670 0.0986448
3671 0.0986448
3672 0.0986448
3673 0.0986448
3674 0.0986448
3675 0.0986448
3676 0.0986448
3677 0.0986448
3678 0.0986448
3679 0.0986448
3680 0.0986448
3681 0.0986448
3682 0.0986448
3683 0.0986448
3684 0.0986448
3685 0.0986448
3686 0.0986448
3687 0.0986448
3688 0.0986448
3689 0.0986448
3690 0.0986448
3691 0.0986448
3692 0.0986448
3693 0.0986448
3694 0.0986448
3695 0.0986448
3696 0.0986448
3697 0.0986448
3698 0.0986448
3699 0.0986448
3700 0.0986448
3701 0.0986448
3702 0.0986448
3703 0.0986448
3704 0.0986448
3705 0.0986448
3706 0.0986448
3707 0.0986448
3708 0.0986448
3709 0.0986448
3710 0.0986448
3711 0.0986448
3712 0.0986448
3713 0.0986448
3714 0.0986448
3715 0.0986448
3716 0.0986448
3717 0.0986448
3718 0.0986448
3719 0.0986448
3720 0.0986448
3721 0.0986448
3722 0.0986448
3723 0.0986448
3724 0.0986448
3725 0.0986448
3726 0.0986448
3727 0.0986448
3728 0.0986448
3729 0.0986448
3730 0.0986448
3731 0.0986448
3732 0.0986448
3733 0.0986448
3734 0.0986448
3735 0.0986448
3736 0.0986448
3737 0.0986448
3738 0.0986448
3739 0.0986448
3740 0.0986448
3741 0.0986448
3742 0.0986448
3743 0.0986448
3744 0.0986448
3745 0.0986448
3746 0.0986448
3747 0.0986448
3748 0.0986448
3749 0.0986448
3750 0.0986448
3751 0.0986448
3752 0.0986448
3753 0.0986448
3754 0.0986448
3755 0.0986448
3756 0.0986448
3757 0.0986448
3758 0.0986448
3759 0.0986448
3760 0.0986448
3761 0.0986448
3762 0.0986448
3763 0.0986448
3764 0.0986448
3765 0.0986448
3766 0.0986448
3767 0.0986448
3768 0.0986448
3769 0.0986448
3770 0.0986448
3771 0.0986448
3772 0.0986448
3773 0.0986448
3774 0.0986448
3775 0.0986448
3776 0.0986448
3777 0.0986448
3778 0.0986448
3779 0.0986448
3780 0.0986448
3781 0.0986448
3782 0.0986448
3783 0.0986448
3784 0.0986448
3785 0.0986448
3786 0.0986448
3787 0.0986448
3788 0.0986448
3789 0.0986448
3790 0.0986448
3791 0.0986448
3792 0.0986448
3793 0.0986448
3794 0.0986448
3795 0.0986448
3796 0.0986448
3797 0.0986448
3798 0.0986448
3799 0.0986448
3800 0.0986448
3801 0.0986448
3802 0.0986448
3803 0.0986448
3804 0.0986448
3805 0.0986448
3806 0.0986448
3807 0.0986448
3808 0.0986448
3809 0.0986448
3810 0.0986448
3811 0.0986448
3812 0.0986448
3813 0.0986448
3814 0.0986448
3815 0.0986448
3816 0.0986448
3817 0.0986448
3818 0.0986448
3819 0.0986448
3820 0.0986448
3821 0.0986448
3822 0.0986448
3823 0.0986448
3824 0.0986448
3825 0.0986448
3826 0.0986448
3827 0.0986448
3828 0.0986448
3829 0.0986448
3830 0.0986448
3831 0.0986448
3832 0.0986448
3833 0.0986448
3834 0.0986448
3835 0.0986448
3836 0.0986448
3837 0.0986448
3838 0.0986448
3839 0.0986448
3840 0.0986448
3841 0.0986448
3842 0.0986448
3843 0.0986448
3844 0.0986448
3845 0.0986448
3846 0.0986448
3847 0.0986448
3848 0.0986448
3849 0.0986448
3850 0.0986448
3851 0.0986448
3852 0.0986448
3853 0.0986448
3854 0.0986448
3855 0.0986448
3856 0.0986448
3857 0.0986448
3858 0.0986448
3859 0.0986448
3860 0.0986448
3861 0.0986448
3862 0.0986448
3863 0.0986448
3864 0.0986448
3865 0.0986448
3866 0.0986448
3867 0.0986448
3868 0.0986448
3869 0.0986448
3870 0.0986448
3871 0.0986448
3872 0.0986448
3873 0.0986448
3874 0.0986448
3875 0.0986448
3876 0.0986448
3877 0.0986448
3878 0.0986448
3879 0.0986448
3880 0.0986448
3881 0.0986448
3882 0.0986448
3883 0.0986448
3884 0.0986448
3885 0.0986448
3886 0.0986448
3887 0.0986448
3888 0.0986448
3889 0.0986448
3890 0.0986448
3891 0.0986448
3892 0.0986448
3893 0.0986448
3894 0.0986448
3895 0.0986448
3896 0.0986448
3897 0.0986448
3898 0.0986448
3899 0.0986448
3900 0.0986448
3901 0.0986448
3902 0.0986448
3903 0.0986448
3904 0.0986448
3905 0.0986448
3906 0.0986448
3907 0.0986448
3908 0.0986448
3909 0.0986448
3910 0.0986448
3911 0.0986448
3912 0.0986448
3913 0.0986448
3914 0.0986448
3915 0.0986448
3916 0.0986448
3917 0.0986448
3918 0.0986448
3919 0.0986448
3920 0.0986448
3921 0.0986448
3922 0.0986448
3923 0.0986448
3924 0.0986448
3925 0.0986448
3926 0.0986448
3927 0.0986448
3928 0.0986448
3929 0.0986448
3930 0.0986448
3931 0.0986448
3932 0.0986448
3933 0.0986448
3934 0.0986448
3935 0.0986448
3936 0.0986448
3937 0.0986448
3938 0.0986448
3939 0.0986448
3940 0.0986448
3941 0.0986448
3942 0.0986448
3943 0.0986448
3944 0.0986448
3945 0.0986448
3946 0.0986448
3947 0.0986448
3948 0.0986448
3949 0.0986448
3950 0.0986448
3951 0.0986448
3952 0.0986448
3953 0.0986448
3954 0.0986448
3955 0.0986448
3956 0.0986448
3957 0.0986448
3958 0.0986448
3959 0.0986448
3960 0.0986448
3961 0.0986448
3962 0.0986448
3963 0.0986448
3964 0.0986448
3965 0.0986448
3966 0.0986448
3967 0.0986448
3968 0.0986448
3969 0.0986448
3970 0.0986448
3971 0.0986448
3972 0.0986448
3973 0.0986448
3974 0.0986448
3975 0.0986448
3976 0.0986448
3977 0.0986448
3978 0.0986448
3979 0.0986448
3980 0.0986448
3981 0.0986448
3982 0.0986448
3983 0.0986448
3984 0.0986448
3985 0.0986448
3986 0.0986448
3987 0.0986448
3988 0.0986448
3989 0.0986448
3990 0.0986448
3991 0.0986448
3992 0.0986448
3993 0.0986448
3994 0.0986448
3995 0.0986448
3996 0.0986448
3997 0.0986448
3998 0.0986448
3999 0.0986448
4000 0.0986448
4001 0.0986448
4002 0.0986448
4003 0.0986448
4004 0.0986448
4005 0.0986448
4006 0.0986448
4007 0.0986448
4008 0.0986448
4009 0.0986448
4010 0.0986448
4011 0.0986448
4012 0.0986448
4013 0.0986448
4014 0.0986448
4015 0.0986448
4016 0.0986448
4017 0.0986448
4018 0.0986448
4019 0.0986448
4020 0.0986448
4021 0.0986448
4022 0.0986448
4023 0.0986448
4024 0.0986448
4025 0.0986448
4026 0.0986448
4027 0.0986448
4028 0.0986448
4029 0.0986448
4030 0.0986448
4031 0.0986448
4032 0.0986448
4033 0.0986448
4034 0.0986448
4035 0.0986448
4036 0.0986448
4037 0.0986448
4038 0.0986448
4039 0.0986448
4040 0.0986448
4041 0.0986448
4042 0.0986448
4043 0.0986448
4044 0.0986448
4045 0.0986448
4046 0.0986448
4047 0.0986448
4048 0.0986448
4049 0.0986448
4050 0.0986448
4051 0.0986448
4052 0.0986448
4053 0.0986448
4054 0.0986448
4055 0.0986448
4056 0.0986448
4057 0.0986448
4058 0.0986448
4059 0.0986448
4060 0.0986448
4061 0.0986448
4062 0.0986448
4063 0.0986448
4064 0.0986448
4065 0.0986448
4066 0.0986448
4067 0.0986448
4068 0.0986448
4069 0.0986448
4070 0.0986448
4071 0.0986448
4072 0.0986448
4073 0.0986448
4074 0.0986448
4075 0.0986448
4076 0.0986448
4077 0.0986448
4078 0.0986448
4079 0.0986448
4080 0.0986448
4081 0.0986448
4082 0.0986448
4083 0.0986448
4084 0.0986448
4085 0.0986448
4086 0.0986448
4087 0.0986448
4088 0.0986448
4089 0.0986448
4090 0.0986448
4091 0.0986448
4092 0.0986448
4093 0.0986448
4094 0.0986448
4095 0.0986448
4096 0.0986448
4097 0.0986448
4098 0.0986448
4099 0.0986448
4100 0.0986448
4101 0.0986448
4102 0.0986448
4103 0.0986448
4104 0.0986448
4105 0.0986448
4106 0.0986448
4107 0.0986448
4108 0.0986448
4109 0.0986448
4110 0.0986448
4111 0.0986448
4112 0.0986448
4113 0.0986448
4114 0.0986448
4115 0.0986448
4116 0.0986448
4117 0.0986448
4118 0.0986448
4119 0.0986448
4120 0.0986448
4121 0.0986448
4122 0.0986448
4123 0.0986448
4124 0.0986448
4125 0.0986448
4126 0.0986448
4127 0.0986448
4128 0.0986448
4129 0.0986448
4130 0.0986448
4131 0.0986448
4132 0.0986448
4133 0.0986448
4134 0.0986448
4135 0.0986448
4136 0.0986448
4137 0.0986448
4138 0.0986448
4139 0.0986448
4140 0.0986448
4141 0.0986448
4142 0.0986448
4143 0.0986448
4144 0.0986448
4145 0.0986448
4146 0.0986448
4147 0.0986448
4148 0.0986448
4149 0.0986448
4150 0.0986448
4151 0.0986448
4152 0.0986448
4153 0.0986448
4154 0.0986448
4155 0.0986448
4156 0.0986448
4157 0.0986448
4158 0.0986448
4159 0.0986448
4160 0.0986448
4161 0.0986448
4162 0.0986448
4163 0.0986448
4164 0.0986448
4165 0.0986448
4166 0.0986448
4167 0.0986448
4168 0.0986448
4169 0.0986448
4170 0.0986448
4171 0.0986448
4172 0.0986448
4173 0.0986448
4174 0.0986448
4175 0.0986448
4176 0.0986448
4177 0.0986448
4178 0.0986448
4179 0.0986448
4180 0.0986448
4181 0.0986448
4182 0.0986448
4183 0.0986448
4184 0.0986448
4185 0.0986448
4186 0.0986448
4187 0.0986448
4188 0.0986448
4189 0.0986448
4190 0.0986448
4191 0.0986448
4192 0.0986448
4193 0.0986448
4194 0.0986448
4195 0.0986448
4196 0.0986448
4197 0.0986448
4198 0.0986448
4199 0.0986448
4200 0.0986448
4201 0.0986448
4202 0.0986448
4203 0.0986448
4204 0.0986448
4205 0.0986448
4206 0.0986448
4207 0.0986448
4208 0.0986448
4209 0.0986448
4210 0.0986448
4211 0.0986448
4212 0.0986448
4213 0.0986448
4214 0.0986448
4215 0.0986448
4216 0.0986448
4217 0.0986448
4218 0.0986448
4219 0.0986448
4220 0.0986448
4221 0.0986448
4222 0.0986448
4223 0.0986448
4224 0.0986448
4225 0.0986448
4226 0.0986448
4227 0.0986448
4228 0.0986448
4229 0.0986448
4230 0.0986448
4231 0.0986448
4232 0.0986448
4233 0.0986448
4234 0.0986448
4235 0.0986448
4236 0.0986448
4237 0.0986448
4238 0.0986448
4239 0.0986448
4240 0.0986448
4241 0.0986448
4242 0.0986448
4243 0.0986448
4244 0.0986448
4245 0.0986448
4246 0.0986448
4247 0.0986448
4248 0.0986448
4249 0.0986448
4250 0.0986448
4251 0.0986448
4252 0.0986448
4253 0.0986448
4254 0.0986448
4255 0.0986448
4256 0.0986448
4257 0.0986448
4258 0.0986448
4259 0.0986448
4260 0.0986448
4261 0.0986448
4262 0.0986448
4263 0.0986448
4264 0.0986448
4265 0.0986448
4266 0.0986448
4267 0.0986448
4268 0.0986448
4269 0.0986448
4270 0.0986448
4271 0.0986448
4272 0.0986448
4273 0.0986448
4274 0.0986448
4275 0.0986448
4276 0.0986448
4277 0.0986448
4278 0.0986448
4279 0.0986448
4280 0.0986448
4281 0.0986448
4282 0.0986448
4283 0.0986448
4284 0.0986448
4285 0.0986448
4286 0.0986448
4287 0.0986448
4288 0.0986448
4289 0.0986448
4290 0.0986448
4291 0.0986448
4292 0.0986448
4293 0.0986448
4294 0.0986448
4295 0.0986448
4296 0.0986448
4297 0.0986448
4298 0.0986448
4299 0.0986448
4300 0.0986448
4301 0.0986448
4302 0.0986448
4303 0.0986448
4304 0.0986448
4305 0.0986448
4306 0.0986448
4307 0.0986448
4308 0.0986448
4309 0.0986448
4310 0.0986448
4311 0.0986448
4312 0.0986448
4313 0.0986448
4314 0.0986448
4315 0.0986448
4316 0.0986448
4317 0.0986448
4318 0.0986448
4319 0.0986448
4320 0.0986448
4321 0.0986448
4322 0.0986448
4323 0.0986448
4324 0.0986448
4325 0.0986448
4326 0.0986448
4327 0.0986448
4328 0.0986448
4329 0.0986448
4330 0.0986448
4331 0.0986448
4332 0.0986448
4333 0.0986448
4334 0.0986448
4335 0.0986448
4336 0.0986448
4337 0.0986448
4338 0.0986448
4339 0.0986448
4340 0.0986448
4341 0.0986448
4342 0.0986448
4343 0.0986448
4344 0.0986448
4345 0.0986448
4346 0.0986448
4347 0.0986448
4348 0.0986448
4349 0.0986448
4350 0.0986448
4351 0.0986448
4352 0.0986448
4353 0.0986448
4354 0.0986448
4355 0.0986448
4356 0.0986448
4357 0.0986448
4358 0.0986448
