0 0.00103445
1 0.00190479
2 0.00245733
3 0.00319023
4 0.00412274
5 0.00466754
6 0.00529788
7 0.0056643
8 0.00617294
9 0.00667457
10 0.00812441
11 0.00884911
12 0.00949255
13 0.00997471
14 0.0120375
15 0.0125206
16 0.0125394
17 0.0125477
18 0.0137779
19 0.0142477
20 0.0151684
21 0.0154493
22 0.0155106
23 0.0160381
24 0.0174066
25 0.0174066
26 0.0182396
27 0.0184255
28 0.0184255
29 0.0186239
30 0.0197403
31 0.0197921
32 0.0199361
33 0.0199361
34 0.0200016
35 0.0202979
36 0.0202979
37 0.0211897
38 0.0211897
39 0.0211897
40 0.0217558
41 0.021934
42 0.0222194
43 0.0222194
44 0.0222194
45 0.0224372
46 0.0224372
47 0.0224372
48 0.0224372
49 0.0229765
50 0.0229765
51 0.0229765
52 0.0229765
53 0.0229765
54 0.0229765
55 0.0229765
56 0.0234685
57 0.0234685
58 0.0234685
59 0.0234685
60 0.0236076
61 0.0236076
62 0.0242698
63 0.0242698
64 0.0242698
65 0.0242698
66 0.0242698
67 0.0257872
68 0.0257872
69 0.0257872
70 0.0257872
71 0.0260135
72 0.0260135
73 0.0260135
74 0.0260135
75 0.0260135
76 0.0260135
77 0.0260135
78 0.0260135
79 0.0260135
80 0.0260135
81 0.0260135
82 0.0260135
83 0.0260135
84 0.0260135
85 0.0260135
86 0.0267489
87 0.0267489
88 0.0267489
89 0.0267489
90 0.0267489
91 0.0270111
92 0.0270111
93 0.0270111
94 0.0270111
95 0.0270111
96 0.0270111
97 0.0270111
98 0.0270111
99 0.0270111
100 0.0270111
101 0.0272085
102 0.0272085
103 0.0273975
104 0.0273975
105 0.0273975
106 0.0273975
107 0.0275684
108 0.0275684
109 0.0275684
110 0.0275684
111 0.0275684
112 0.0275684
113 0.0275684
114 0.0275684
115 0.0275684
116 0.0275684
117 0.0275684
118 0.0279022
119 0.0279022
120 0.0279022
121 0.0279022
122 0.0281382
123 0.0281382
124 0.0281382
125 0.0281382
126 0.0281382
127 0.0281382
128 0.0281382
129 0.0281382
130 0.0281382
131 0.0281382
132 0.0281382
133 0.0281382
134 0.0281382
135 0.0281382
136 0.0281382
137 0.0294545
138 0.0294545
139 0.0294545
140 0.0294545
141 0.0294545
142 0.0294545
143 0.0294545
144 0.0294545
145 0.0294545
146 0.0294545
147 0.0296559
148 0.0296559
149 0.0296559
150 0.0296559
151 0.0296559
152 0.0296559
153 0.0296559
154 0.0296559
155 0.0296559
156 0.0296559
157 0.0296559
158 0.0296559
159 0.0296559
160 0.0296559
161 0.0296559
162 0.0296559
163 0.0296559
164 0.0296559
165 0.0296559
166 0.0296559
167 0.0296559
168 0.0296559
169 0.0296559
170 0.0296559
171 0.0296559
172 0.0296559
173 0.0300016
174 0.0300016
175 0.0300016
176 0.0300016
177 0.0300016
178 0.0300016
179 0.0300016
180 0.0300016
181 0.0300016
182 0.0300016
183 0.0300016
184 0.0300016
185 0.0300016
186 0.0300016
187 0.0300016
188 0.0300016
189 0.0300016
190 0.0300016
191 0.0300016
192 0.0300016
193 0.0300016
194 0.0300016
195 0.0300016
196 0.0300016
197 0.0300016
198 0.0300016
199 0.0300016
200 0.0300016
201 0.0300016
202 0.0300016
203 0.0300016
204 0.0300016
205 0.0300016
206 0.0300016
207 0.0300016
208 0.0300016
209 0.0300016
210 0.0300016
211 0.0300016
212 0.0300016
213 0.0300016
214 0.0300016
215 0.0300016
216 0.0300016
217 0.0300016
218 0.0300016
219 0.0300016
220 0.0300016
221 0.0300016
222 0.0300016
223 0.0300016
224 0.0300016
225 0.0300016
226 0.0300016
227 0.0300016
228 0.0300016
229 0.0300016
230 0.0300016
231 0.0300016
232 0.0300016
233 0.0300016
234 0.0300016
235 0.0300016
236 0.0300016
237 0.0300016
238 0.0300016
239 0.0300016
240 0.0300016
241 0.0300016
242 0.0300016
243 0.0300016
244 0.0300016
245 0.0300016
246 0.0300016
247 0.0300016
248 0.0300016
249 0.0300016
250 0.0300016
251 0.0300016
252 0.0300016
253 0.0300016
254 0.0300016
255 0.0300016
256 0.0300016
257 0.0300016
258 0.0300016
259 0.0300016
260 0.0300016
261 0.0300016
262 0.0300016
263 0.0300016
264 0.0300016
265 0.0300016
266 0.0300016
267 0.0300016
268 0.0300016
269 0.0300016
270 0.0300016
271 0.0300016
272 0.0300016
273 0.0300016
274 0.0300016
275 0.0300016
276 0.0300016
277 0.0300016
278 0.0300016
279 0.0300016
280 0.0300016
281 0.0300016
282 0.0300016
283 0.0300016
284 0.0300016
285 0.0300016
286 0.0300016
287 0.0300016
288 0.0300016
289 0.0300016
290 0.0300016
291 0.0300016
292 0.0300016
293 0.0300016
294 0.0300016
295 0.0300016
296 0.0300016
297 0.0300016
298 0.0300016
299 0.0300016
300 0.0300016
301 0.0300016
302 0.0300016
303 0.0300016
304 0.0300016
305 0.0300016
306 0.0300016
307 0.0300016
308 0.0300016
309 0.0300016
310 0.0300016
311 0.0300016
312 0.0300016
313 0.0300016
314 0.0300016
315 0.0300016
316 0.0300016
317 0.0300016
318 0.0300016
319 0.0300016
320 0.0300016
321 0.0300016
322 0.0300016
323 0.0300016
324 0.0300016
325 0.0300016
326 0.0300016
327 0.0300016
328 0.0300016
329 0.0300016
330 0.0300016
331 0.0300016
332 0.0300016
333 0.0300016
334 0.0300016
335 0.0300016
336 0.0300016
337 0.0300016
338 0.0300016
339 0.0300016
340 0.0300016
341 0.0300016
342 0.0300016
343 0.0300016
344 0.0300016
345 0.0300016
346 0.0300016
347 0.0300016
348 0.0300016
349 0.0300016
350 0.0300016
351 0.0300016
352 0.0300016
353 0.0300016
354 0.0300016
355 0.0300016
356 0.0300016
357 0.0300016
358 0.0300016
359 0.0300016
360 0.0300016
361 0.0300016
362 0.0300016
363 0.0300016
364 0.0300016
365 0.0300016
366 0.0300016
367 0.0300016
368 0.0300016
369 0.0300016
370 0.0300016
371 0.0300016
372 0.0300016
373 0.0300016
374 0.0300016
375 0.0300016
376 0.0300016
377 0.0300016
378 0.0300016
379 0.0300016
380 0.0300016
381 0.0300016
382 0.0300016
383 0.0300016
384 0.0300016
385 0.0300016
386 0.0300016
387 0.0300016
388 0.0300016
389 0.0300016
390 0.0300016
391 0.0300016
392 0.0300016
393 0.0300016
394 0.0300016
395 0.0300016
396 0.0300016
397 0.0300016
398 0.0300016
399 0.0300016
400 0.0300016
401 0.0300016
402 0.0300016
403 0.0300016
404 0.0300016
405 0.0300016
406 0.0300016
407 0.0300016
408 0.0300016
409 0.0300016
410 0.0300016
411 0.0300016
412 0.0300016
413 0.0300016
414 0.0300016
415 0.0300016
416 0.0300016
417 0.0300016
418 0.0300016
419 0.0300016
420 0.0300016
421 0.0300016
422 0.0300016
423 0.0300016
