1
3000
187 821 542
237 -350 537
306 206 467
898 -452 592
-318 -529 -41
827 837 -160
-112 -384 818
344 -338 -295
243 -259 -553
-264 -310 -235
471 635 908
-785 -590 -782
-640 392 886
109 437 -499
248 233 615
99 409 -779
925 616 -564
-862 823 -155
723 -790 616
872 502 -822
439 -294 -186
-46 -561 -100
245 313 953
-126 -690 78
-900 378 372
353 354 92
-790 919 16
243 -752 -99
699 -164 232
-831 905 -202
-575 269 -384
618 31 554
161 226 985
-661 -7 662
-740 618 -145
-364 997 699
-667 -322 -595
-893 -297 849
660 -436 710
769 321 436
-476 663 543
-596 -479 496
514 799 813
-610 595 -104
859 -377 -945
982 837 959
-462 861 -280
402 -814 795
82 -970 -586
-679 627 -857
845 665 -494
640 473 305
902 327 -261
41 -376 214
581 -609 527
311 -931 -944
-717 -824 -904
-234 -219 -916
944 502 -452
-612 633 -413
-869 391 691
-697 -369 -110
-22 592 795
-86 -211 184
12 336 937
502 585 -903
-982 -56 -490
342 607 -809
-60 -860 -215
815 388 -806
-994 -812 -508
771 -365 -773
300 580 -973
-886 38 -813
465 -985 487
416 -801 126
373 -28 -383
846 -613 950
659 -379 129
839 802 -522
12 464 849
-957 399 74
499 -944 -12
715 94 -215
-622 247 422
-847 714 479
618 889 -864
-174 476 -683
741 129 -740
-456 -293 150
555 829 646
-322 647 -683
-827 708 35
829 -792 -24
-726 631 -152
-704 -547 109
-647 171 591
-442 708 191
719 -948 972
510 -518 -654
975 -38 -470
-270 507 371
967 193 102
-771 -909 -125
519 -642 -756
464 735 -189
-836 740 -356
-406 -793 443
421 -974 -128
-900 720 582
-420 204 -261
490 319 32
-239 -62 -935
92 210 554
288 -926 855
-943 -686 -568
266 156 -151
-507 97 -356
513 -262 -777
190 -705 925
656 -296 -950
539 -33 634
403 961 314
-293 813 410
-512 -110 -107
-657 289 -854
290 -673 512
-715 -151 849
-6 783 -539
551 151 -342
-328 435 -59
4 37 68
-566 -918 -672
-976 -430 379
-675 -547 378
231 75 -219
-822 -71 -414
794 -161 993
-324 -975 36
92 121 -151
920 -371 -993
-768 -878 -175
-89 621 739
63 847 -962
-291 937 -760
498 986 646
447 -111 213
703 448 -947
-49 552 422
128 -464 -388
-812 51 -615
-157 -909 -797
-69 -567 -492
338 -149 -439
-584 -502 -754
969 110 -494
82 -934 -331
964 -750 998
749 730 492
684 -9 -112
-696 476 -269
-641 -717 867
-567 -466 -506
-539 653 801
-940 -476 564
908 -757 866
577 490 -632
538 -610 828
369 -317 211
-36 127 -53
-674 -504 53
658 768 445
805 -358 -848
-891 839 445
246 -219 137
-398 -890 -347
-190 421 182
-398 130 959
770 826 317
767 161 71
-965 360 -744
744 -116 -23
-748 756 435
710 668 -156
678 -126 962
-833 -704 -532
28 -16 -947
-87 -729 639
-704 593 -565
-849 -435 215
-88 -272 867
925 220 36
-755 648 -926
208 499 -996
-444 -408 922
467 -648 -139
776 -564 911
-183 -822 626
123 558 -472
285 804 -522
769 52 915
448 -969 836
863 -22 647
571 78 825
-433 876 651
932 -345 24
94 497 84
363 348 521
-438 709 -111
76 815 996
610 -551 624
-190 -659 742
267 618 799
324 -379 -784
253 -598 904
91 544 560
722 -821 247
-299 -309 -874
-447 46 789
-365 391 -911
801 -537 -513
-739 -713 890
593 361 651
356 426 -721
-832 -948 589
646 420 -889
-487 687 615
140 44 -1
572 -781 -580
-439 391 -208
301 382 -269
550 432 194
-771 -78 -628
-247 -3 31
-777 161 -212
655 -302 -535
549 -516 -804
779 748 752
-964 802 -50
-822 914 -311
-975 338 -937
-61 -585 -436
815 -188 -829
-205 898 282
768 368 -761
924 -277 -309
-918 0 -370
419 109 650
531 -920 447
-749 586 -867
-691 204 516
742 497 -480
140 -78 385
118 622 199
-206 864 -97
839 31 -779
-533 221 -503
-797 504 467
940 -833 998
666 519 951
-126 861 124
-466 148 437
348 -666 607
-10 -657 -740
138 218 980
-929 -191 -498
693 267 492
86 582 148
684 -522 486
-760 743 163
388 -53 179
-293 -840 -897
-375 -444 101
562 -542 -605
-90 567 249
391 -279 -555
-541 311 -868
-44 -27 -144
-418 827 629
68 -979 408
775 973 939
676 -864 37
274 166 540
-634 -404 21
-771 -360 195
34 -923 74
101 -118 -722
-272 424 264
20 -523 471
735 -521 504
-747 347 357
455 50 -424
270 -536 -372
-322 -752 -108
-183 -954 989
-956 888 -524
-791 -58 -296
181 -710 4
830 964 581
390 -953 553
-122 -498 69
-939 -799 288
-220 152 -675
-296 133 331
701 -602 624
206 -963 379
441 608 -464
982 612 180
-202 -236 339
-821 -718 546
673 933 995
707 -281 -501
-227 745 3
223 171 538
-233 131 252
-816 124 -441
-860 308 576
-593 -734 -690
-694 775 -80
619 677 -132
410 641 916
952 -315 1
-38 862 17
-785 -854 208
50 -560 -876
-678 -354 -117
-587 472 -288
-561 259 824
613 -445 846
-313 207 921
-94 -556 -664
-271 899 442
284 652 841
566 220 330
483 295 -319
-826 209 -262
331 -647 504
525 933 -374
-498 -632 80
372 98 779
40 70 214
213 -468 -473
-737 -418 -124
769 -854 -964
-78 224 457
19 156 -112
509 750 -19
-939 806 264
870 -556 -359
339 -941 -105
619 113 497
-608 -969 -504
-129 -809 -883
289 -618 -194
51 -377 -510
-650 701 -488
755 405 -415
196 -692 -545
722 -572 -42
-666 -590 -829
998 414 55
-740 657 452
582 -936 9
280 285 -615
-259 780 988
738 774 392
208 -314 969
-464 500 389
619 -709 379
835 581 308
284 -622 -361
679 414 -550
-523 -211 773
-195 448 -595
793 824 906
775 427 37
507 -508 -159
961 -820 554
843 -427 804
-96 842 310
621 476 332
-753 855 952
-511 -807 -124
-574 115 30
249 11 -244
823 135 -126
-817 379 -55
-685 -575 -458
-736 802 933
-982 46 -434
90 584 724
-912 927 365
-276 476 893
523 196 -272
763 365 930
975 84 993
85 741 -603
-104 -861 251
568 541 429
-113 -873 644
150 -785 60
-940 352 261
410 -694 -204
-956 432 593
779 127 -688
-834 76 -37
712 88 779
-438 775 139
-100 342 139
95 -254 93
92 669 55
996 480 -45
927 722 -494
-566 472 889
854 930 -688
85 935 -51
349 373 216
-307 -472 -384
692 47 -438
-425 236 726
-543 -505 -843
-634 -904 545
-302 865 -365
67 124 -309
510 508 -36
778 265 -347
-249 478 612
732 -107 371
-792 590 909
-665 734 503
-61 610 -912
-239 -303 -37
-57 -250 -385
-705 -747 918
185 25 -446
-762 450 -374
-547 62 595
639 155 435
-826 620 -211
884 -877 -887
-853 -52 -45
-215 405 -353
787 -224 99
486 927 66
-778 -166 -770
356 -480 -76
-518 -130 288
-768 158 -315
600 -708 -89
-520 494 553
573 -159 328
732 97 39
-283 98 -549
29 -93 -879
-156 17 592
725 -285 470
-493 15 975
335 -27 -392
569 118 38
-435 -302 -541
-385 -432 666
-217 -889 969
-21 -659 237
-106 846 -414
394 -909 -471
-889 117 30
-594 649 -994
968 -788 214
-377 225 -285
648 736 163
758 953 393
-362 -220 237
-299 482 327
-258 -906 -584
534 -761 -673
-554 -297 586
-303 294 452
-315 406 36
-585 205 -772
694 -29 958
-655 938 -753
-474 786 887
-339 772 -409
-310 448 -463
259 -30 -912
-384 245 -185
641 827 -967
558 -11 648
190 411 -294
-687 -941 -20
87 283 -192
-593 563 -522
23 184 -270
827 847 -424
660 23 -68
-375 -477 -108
-11 254 -186
237 357 541
-630 67 -511
-467 -637 634
24 -811 962
-429 -886 -222
364 270 -687
-819 -355 -547
268 576 -280
211 -419 690
279 -754 -223
695 -408 518
544 519 -686
642 -313 531
810 -471 958
-477 447 114
671 -352 602
460 259 691
-666 -458 290
-43 160 32
-339 596 -479
381 -437 540
-283 -885 -991
907 818 980
346 494 189
717 642 -893
-932 -186 405
976 -296 -231
-348 896 851
-289 566 507
-952 -720 326
464 523 -460
-246 656 831
-253 -355 865
-676 107 -137
160 678 -201
-383 104 -983
453 581 921
-470 388 294
-895 755 -773
-554 323 825
-776 785 988
-198 866 37
-255 -574 822
366 -301 -187
-589 655 -846
117 681 808
-161 202 502
858 844 -643
-462 -286 733
-413 705 -985
916 -562 -334
-323 109 902
-358 -237 -380
-275 -123 -503
568 -525 -372
80 -777 147
443 356 265
-100 421 -201
-792 -322 -567
426 -621 -586
-203 -777 -319
-969 -443 850
899 -3 85
584 486 630
200 33 85
-266 299 -382
695 41 -366
-573 23 656
-223 -334 -972
933 -370 989
-530 -576 -779
-992 88 -516
-309 705 543
861 829 808
-191 743 64
-213 -346 706
533 -101 676
-683 -722 -158
85 658 814
147 19 379
117 -54 -147
135 27 -295
970 94 -940
4 -939 -754
513 324 601
-521 635 465
647 -903 -816
-776 47 -963
-852 185 385
-917 -81 759
-627 -140 -557
-350 31 803
-742 -942 360
-347 -951 826
336 188 -505
-390 833 -446
456 486 -110
675 953 0
466 937 653
325 876 543
-379 163 -511
268 521 260
-448 870 -26
-965 524 82
299 255 739
-96 216 687
-379 -427 843
558 767 -516
973 807 83
687 -185 -97
246 309 691
509 510 11
245 35 -477
586 -961 106
-945 791 -770
852 -372 267
5 -47 898
903 -826 193
-950 -68 -280
-611 -695 -807
817 870 30
-728 312 -431
-105 725 -26
-809 -405 69
915 345 202
310 -317 445
-948 136 -111
-474 212 -898
-999 -772 -489
-138 427 -27
-29 -494 606
-342 -199 258
218 -250 632
-949 -253 -660
-964 948 -281
885 -16 565
368 637 255
-943 -167 -494
-13 304 -601
122 586 -181
669 590 728
-984 147 807
-160 621 -481
621 870 -883
-914 281 985
-235 -938 223
674 -370 986
-406 -690 456
701 486 133
-545 -784 -633
452 -276 968
807 866 990
-563 228 -199
-580 305 103
631 -56 117
7 -139 104
-216 223 617
472 829 309
-662 25 429
-633 -230 902
-447 -292 128
256 -277 715
142 671 -849
514 43 -802
807 457 984
-487 -689 -421
884 964 -287
-653 -42 977
-180 140 -358
-641 451 908
109 -460 -455
498 729 510
-493 825 24
415 847 982
-791 70 -178
-22 267 492
-651 316 799
-209 -267 -186
25 -540 521
-362 -640 -717
405 543 11
-431 144 -663
90 458 -425
582 683 782
418 761 104
-755 364 -93
111 139 -826
-188 -610 180
591 614 86
303 334 334
66 -22 -932
500 684 432
409 -130 908
-887 -730 140
832 234 393
696 156 31
303 -268 -207
62 371 20
-781 -247 750
982 628 188
-796 -422 -413
-256 -919 823
567 -173 749
275 531 -667
-736 761 755
-270 -363 489
178 -691 -771
-576 172 -49
888 65 435
-651 527 99
-445 67 -377
353 -982 997
901 -139 -559
-201 893 -626
-398 -49 -33
710 152 -470
58 -728 937
-479 -907 -257
-658 815 734
-321 877 -595
-60 -105 -752
496 328 713
-286 333 -255
263 -55 193
-579 -339 -656
-295 -488 -289
556 -741 832
708 322 -517
-128 433 -620
910 -742 -361
84 522 493
-481 -57 -563
-731 -152 -955
726 548 -688
-897 -744 -375
393 -313 27
-759 934 -337
-708 -450 -503
-300 -581 698
-45 -549 -513
-753 572 -593
846 804 628
465 -272 507
-726 -199 837
565 660 -110
-880 883 554
722 708 387
557 -261 -887
160 646 -708
340 -217 982
-840 -299 -137
-536 -652 22
-108 -860 875
-439 614 -801
727 -163 395
-951 231 710
-249 675 -921
-721 -342 -654
-942 -3 440
696 -863 486
-185 870 579
465 -523 287
-838 686 -645
228 -348 -490
21 -809 939
-207 -280 -449
673 750 228
-410 987 -529
917 534 947
406 780 -477
-793 391 452
-594 651 511
978 937 263
275 880 -139
332 -662 -601
-682 -897 -708
-256 -291 258
249 -132 922
701 -202 577
297 141 -254
601 -394 187
869 -654 -191
-4 -822 855
529 893 -321
-456 -31 915
-483 612 987
-515 960 201
-948 -990 359
564 -914 158
-274 444 -985
780 -917 -177
494 413 -836
538 -115 482
488 -910 155
-958 407 -307
831 559 814
-520 767 29
-87 -953 371
-179 -933 149
-66 998 800
-674 -426 734
83 221 695
-285 -148 949
-253 662 -337
318 782 548
120 650 887
221 -493 -966
-358 309 -42
243 519 60
827 -180 5
770 694 850
915 636 -24
-302 -868 793
-670 -156 288
303 -945 -782
-571 -275 709
122 -694 -546
211 -226 416
-51 808 604
816 927 791
-75 -251 463
-539 280 214
884 -231 606
946 -499 726
-317 111 538
569 779 -239
772 -922 -344
159 -213 -307
-781 -386 -881
887 -281 658
-21 -735 818
864 -36 -910
155 807 -516
246 605 221
-719 733 351
-257 987 383
-883 588 -625
-986 -474 -321
-380 999 -803
912 816 206
715 870 221
-802 -100 678
631 268 946
-122 -524 -191
-756 -762 -553
-749 -804 157
762 -435 206
253 -444 75
-291 -702 -97
558 -725 963
-950 898 -371
569 -31 996
-763 716 -576
691 -845 507
-918 167 22
-862 742 -142
685 -613 -724
-963 463 7
-975 -386 84
-400 33 426
825 382 -152
103 634 -474
-626 -691 -528
802 -797 -10
-50 597 688
13 -595 -788
330 652 -728
-954 -939 10
-477 351 -123
16 315 140
-705 -707 7
-584 529 496
-641 -791 448
-676 -800 -878
-2 19 943
506 -780 411
462 775 -67
421 874 39
-307 553 -109
-939 -404 333
759 -467 702
-334 927 -616
-834 -767 -680
-657 934 13
-919 -18 192
-755 599 -119
125 631 -230
586 -482 -175
396 -806 411
-218 -950 -512
-517 37 -664
-300 550 795
916 396 -77
-66 -91 391
591 -178 593
-893 675 509
546 972 -493
968 543 -774
805 -624 22
462 -234 491
-596 259 -894
993 195 85
706 587 342
283 287 -980
-772 957 -576
-464 532 329
-511 322 -121
-374 -803 106
153 -560 51
-755 -752 752
705 668 61
-465 291 -104
-113 -332 -794
544 -939 -20
474 418 583
769 799 -962
-232 90 -113
980 736 -240
555 -271 19
-378 -366 418
665 -614 243
-69 -590 -327
184 -796 -214
177 -116 363
-599 622 142
5 79 740
698 -754 -254
780 -24 -281
-722 -111 -452
-373 443 764
-391 -489 570
364 602 -213
838 379 -860
-126 419 819
559 -907 148
-87 -484 954
803 -755 -242
454 -90 -874
-443 819 711
281 857 711
974 -66 -189
424 16 183
-851 -167 859
669 387 607
-558 248 -400
956 819 525
812 92 129
-635 -766 -917
469 904 647
-750 834 -322
-955 13 -792
359 167 -447
-359 -134 565
789 -893 654
966 626 -88
-363 779 908
347 404 671
795 623 904
-379 15 -459
-332 203 3
713 663 736
-304 667 597
-628 -105 557
-354 -853 687
222 -78 38
-300 -858 -763
730 860 409
-903 339 213
-940 231 249
768 -390 899
-244 -980 -345
642 389 -286
-890 -239 95
994 -147 -708
791 -254 -169
332 -331 410
718 -417 -147
199 -908 704
97 -938 76
1000 -216 535
-984 -634 -87
816 -498 622
-492 -119 914
-541 211 424
95 87 -969
-768 659 -949
-439 136 196
999 818 -332
-323 181 -440
137 -66 -430
-297 -856 825
-312 -553 931
121 -631 46
117 -74 -395
-637 799 -669
929 95 392
613 -709 415
-549 174 773
673 -906 550
-859 -179 849
904 140 731
915 -958 -281
676 -91 289
831 -437 577
-818 119 -534
664 -301 -110
-877 862 -197
323 92 377
883 238 -679
270 514 27
780 -900 724
-598 49 -334
586 -250 56
-146 -601 958
-597 349 986
558 -572 214
606 -907 384
-983 228 -79
686 -84 890
131 459 180
-935 -419 -588
-16 902 411
670 -251 -149
858 -547 -455
-586 406 -966
-607 -771 53
-1 600 636
-727 238 -615
-849 -536 729
-273 823 918
272 -869 -322
398 -216 -881
-844 476 511
-774 343 492
-489 -615 -787
932 -721 767
-315 503 159
-839 -893 682
862 585 -223
698 55 -402
-648 -567 406
226 6 651
366 705 -539
553 662 -876
349 342 -505
-351 719 -842
151 -353 -491
948 -830 -947
727 327 -62
-746 352 -208
-276 779 494
-595 -479 -224
149 -25 125
-294 426 808
-327 584 117
176 789 254
707 852 15
349 454 -992
-356 -77 528
-743 641 -111
236 -214 -326
860 693 -810
-634 200 -693
875 -793 -80
-505 -228 -451
835 403 529
-513 431 439
957 84 -981
-347 247 240
-885 165 -574
-496 938 -867
-977 -339 217
197 997 229
816 585 999
-555 357 -749
431 -165 -726
193 291 -608
629 464 485
-94 757 285
901 630 -255
-927 544 550
-430 -202 -231
524 -744 834
-253 -782 -590
-738 -926 832
-207 980 -252
639 211 681
-411 -887 244
-984 546 -398
-157 -848 332
732 -34 -106
686 362 -638
-444 -510 -229
-361 -674 615
-51 108 660
-125 172 -273
-349 894 515
570 228 451
-755 643 -308
-809 -738 -321
929 -667 645
-287 -229 -173
-3 693 -932
-881 -695 -955
-273 254 676
906 -524 420
171 326 133
149 846 -455
459 -784 -593
-541 -667 -795
-727 -724 950
824 -866 935
-709 -754 124
42 -109 710
121 329 378
395 64 -635
-302 480 -639
-18 -151 842
767 804 232
272 -938 762
-209 -566 -787
-359 -250 -815
-824 -194 -149
-766 -734 -981
791 9 -920
-666 102 557
-691 774 -683
-950 -112 474
807 837 315
585 133 -943
135 84 985
910 267 903
509 306 281
259 -614 -141
454 -686 551
-893 29 -739
-957 -138 -221
-750 -501 719
16 -537 -189
324 -723 -892
534 66 -494
-271 -963 -243
-985 -656 -24
-831 -758 247
-764 -798 -312
-466 -348 -399
-913 400 -9
-423 -770 516
918 814 -178
917 138 112
-724 -576 902
-244 -244 692
356 161 54
-253 68 95
861 588 -209
229 753 -929
-988 -321 697
539 -547 -511
946 -217 -30
-914 739 936
512 822 -649
-915 -883 745
509 -371 -540
-149 28 -145
932 208 889
-979 -363 -53
-728 -886 888
-887 254 963
-406 -650 -608
70 -697 -357
448 848 -799
-123 -83 -382
198 545 619
-71 -481 702
-157 -348 692
-779 696 -444
382 -433 -412
340 768 -426
836 -108 426
118 277 -405
643 -447 -223
-604 -842 -521
421 -29 -464
480 -526 -528
932 -563 -716
49 486 -811
84 -560 780
-953 -675 -845
-506 115 929
998 715 941
-51 464 655
206 -301 -604
-788 179 393
-480 -103 116
674 -147 24
587 -429 814
191 654 595
-905 437 -829
289 -637 306
-387 429 101
35 -33 504
364 552 -735
-244 652 -74
476 915 -217
-149 -989 85
996 -92 831
-397 -941 -206
-286 809 -463
-914 995 -660
-647 -804 -16
-132 -224 -547
-500 854 -157
-62 -679 659
-976 588 -605
-930 -547 -712
206 -554 -785
620 126 681
651 890 -566
-119 -464 470
-59 -797 -115
636 -734 591
155 -736 -370
669 156 -522
-601 -810 816
-276 884 467
-181 -730 693
-710 -292 -816
-876 863 112
-703 -849 -615
289 -712 -538
383 219 -631
115 48 -608
826 -285 546
-922 -281 -442
-590 -698 153
-865 -911 -221
-355 -216 1
494 -324 282
121 -497 -511
190 -328 490
726 980 166
903 211 -735
-334 143 173
751 520 812
792 526 -514
-679 -427 -295
660 746 107
102 -690 774
-873 -660 -701
888 -317 -435
555 -319 -330
874 755 639
846 385 758
-391 789 -301
898 339 965
-720 100 -880
376 -171 -120
-820 -458 -272
-887 578 -411
500 -534 -600
-206 -715 498
-677 -386 -590
963 744 217
906 899 -559
-584 -380 -914
563 -594 -969
435 219 609
-558 -856 -261
212 -215 389
-973 -475 -953
-869 -614 -501
-350 955 14
-211 -903 619
-731 -128 528
511 172 -256
560 -383 745
530 662 589
780 -687 -330
-901 -865 -613
-297 -277 -447
634 314 312
569 -512 525
-247 8 -536
444 -912 -818
-176 -747 -821
422 447 217
-123 309 -302
-711 909 -196
-38 87 546
424 859 -926
527 -167 782
519 758 698
-272 9 -480
-931 994 464
847 851 528
-944 -941 -442
-924 369 716
-534 -73 816
287 -782 -886
939 -199 -117
-924 79 547
68 -556 210
-996 132 -299
609 -875 -79
-153 -792 -570
800 971 -497
-458 480 724
-264 521 251
-6 -270 861
-298 -5 867
-193 992 979
404 -569 -228
975 67 518
68 686 296
989 64 -94
-594 -519 624
637 887 45
812 742 379
833 94 521
-257 -120 -217
783 110 197
789 -26 -306
-726 467 189
-722 -561 870
-519 -435 674
-142 39 -110
-407 -525 -18
-525 -776 -262
776 486 512
417 32 -471
150 -507 906
-372 685 -720
-658 -872 -560
-965 -627 -362
-531 -107 -183
420 -67 786
911 -719 -83
628 489 -495
-122 -110 -761
247 -9 -835
934 275 50
63 -151 480
186 -330 -212
-677 -687 419
-589 -580 -864
622 383 -976
707 -803 -798
-989 370 -193
208 773 -275
-759 3 513
123 780 -709
480 -966 -338
329 777 819
-79 694 217
-85 -228 -560
-626 -978 -916
-893 -713 944
507 871 491
-933 -741 -697
443 176 -767
-760 -975 802
529 -489 -324
-584 -307 274
378 50 -190
-778 939 -62
-514 808 759
762 475 570
-697 666 -766
244 -207 954
886 -45 -938
-904 -144 429
-94 460 -297
715 536 -880
44 -390 141
-335 513 -876
-239 -661 -272
-638 -590 -958
-89 -773 -167
-535 804 135
68 18 -681
944 490 -289
388 167 -781
676 -214 744
-884 -542 -915
-619 137 684
-748 -639 -441
-831 -838 715
-426 580 -507
-684 -640 79
851 -700 627
465 351 777
-458 -529 500
31 -334 -86
-292 -314 -985
736 -354 -529
-347 63 -31
31 569 748
288 178 139
342 645 -637
-973 939 -139
412 271 -293
59 551 -264
29 536 -264
-602 -421 229
540 -871 -286
-887 289 -975
-417 -957 -884
-534 405 -339
-475 773 15
-677 -266 475
-790 -429 -873
-148 252 -356
-197 -855 823
742 684 -515
-995 657 63
-702 182 920
644 -587 -804
-561 762 663
-513 307 -603
107 307 -58
-356 -34 988
735 -463 -662
-863 -184 -377
-294 -61 50
570 -916 54
-275 274 756
719 -983 118
686 836 -411
-839 910 550
366 329 181
813 -527 -771
578 356 294
427 -199 -586
404 -940 508
277 691 -717
-778 55 748
-10 -137 -608
799 407 -751
794 -684 -713
514 -377 -544
-801 -122 534
460 504 810
-846 914 -218
-294 -609 -984
502 -25 -362
172 594 -590
291 168 833
-807 139 -436
963 -71 -808
-275 -864 436
151 -243 -838
50 -599 -742
-92 -66 920
-142 -835 353
-149 -410 459
-921 254 -470
817 -668 526
606 933 91
188 -73 635
122 637 -251
872 806 -440
613 -403 610
747 28 -349
874 -433 996
180 -631 -393
-290 -185 328
-845 -346 996
548 -216 -120
-469 -59 849
884 -42 -276
-873 918 -746
262 -67 780
-605 -25 857
576 472 -326
806 994 -931
-731 469 293
783 -20 571
52 827 498
85 570 -565
-511 616 -710
-883 -877 486
289 -825 297
-599 413 970
938 459 -247
-977 -724 -141
465 -891 -412
454 -953 -620
241 888 -768
-424 382 -214
411 913 423
-682 494 -747
267 271 -25
-432 505 964
218 107 -468
-382 3 192
902 -539 -772
157 -874 -181
940 211 563
-982 -649 378
618 887 16
-598 68 96
-717 303 287
-309 687 287
263 -1 849
569 -642 505
12 756 739
64 214 281
506 -499 -526
-514 430 -939
-431 195 289
-43 638 -772
581 915 -180
444 99 72
-724 -851 -676
402 -148 830
524 -430 -760
383 179 -698
218 36 -129
494 -844 242
590 -402 -156
-115 349 -707
-182 933 -678
-731 -65 -603
451 -644 -737
-676 -99 665
-213 404 -922
541 661 423
582 521 6
-264 318 -995
382 231 426
446 -114 -930
-44 -751 -266
685 -275 506
144 -771 835
366 118 878
-902 969 -921
225 352 -741
284 102 -476
274 408 -668
-88 481 83
-302 -185 -435
-988 -234 -132
-335 -448 673
-542 928 -619
15 -158 253
417 201 950
-15 -484 -608
-576 565 20
576 -849 -265
671 -592 -927
740 75 456
321 -654 -837
700 -339 12
799 200 -662
171 6 -292
6 51 -203
153 265 905
8 -451 846
600 -548 -553
482 296 -310
-271 -774 -148
-276 681 182
258 -435 548
-350 314 -339
-28 547 -788
552 362 -164
891 -397 387
341 149 -594
-67 326 -362
-410 -326 -856
448 120 207
713 -15 527
-631 -674 23
-330 217 -22
-63 430 -993
-193 352 -394
200 747 320
-278 -255 956
420 -517 649
745 -854 412
-226 717 337
23 26 56
481 -700 -608
975 -998 -296
-690 -242 341
-755 -724 888
-401 354 -738
-858 292 506
310 782 157
527 939 774
418 -903 188
596 -156 740
406 463 -67
-63 83 -62
-843 -639 502
515 -408 942
390 -294 -257
672 242 807
-782 733 752
837 -276 828
47 -106 -544
865 769 411
-372 950 747
-945 -634 981
-595 753 -445
285 -451 -368
-966 -438 -205
-471 -950 -149
-718 -738 -204
288 -86 678
837 -468 -122
-41 -390 998
-898 968 776
-431 56 180
258 550 624
-869 392 -630
-991 -235 -506
-769 351 758
266 -624 -418
-832 584 -685
116 -957 976
-611 766 948
178 507 -900
-221 -198 -283
-775 -985 -239
-729 967 997
-88 639 167
-957 811 988
-462 355 -92
699 -650 408
289 257 928
-701 563 834
-183 -321 -780
876 -432 -326
949 494 641
-326 959 -486
832 468 -474
911 414 -720
-204 -990 564
207 248 -970
310 190 213
291 773 24
585 149 -290
453 -240 360
433 55 266
886 -499 -11
-52 -872 -732
-598 -702 -227
-529 -445 -557
-134 780 -275
186 680 -491
532 586 -101
305 198 26
-890 -279 929
-527 403 -904
319 -803 -497
-773 -54 113
-236 946 902
932 -988 490
-313 767 233
-670 -314 188
-928 -372 127
-470 382 327
36 -815 462
-329 -971 -523
108 568 721
497 -740 972
596 509 -401
864 -778 501
-82 -416 713
81 176 142
-203 -324 -929
419 242 -212
61 -650 788
-136 -420 -659
447 -261 513
-403 -316 581
-360 528 723
338 0 -591
-430 -270 -215
999 134 868
-289 191 231
433 58 636
-283 -709 339
903 -739 604
110 -373 -84
-424 892 -558
633 610 461
407 -279 917
230 -950 114
-441 994 260
-908 -788 -919
199 752 -848
-493 440 377
533 474 694
-589 -696 -418
-878 -428 -651
-132 -886 -35
-559 727 43
-394 333 -532
213 750 965
-451 -71 685
740 -472 -457
149 755 211
143 711 290
-253 -80 672
691 202 261
705 228 -126
946 138 795
864 -972 -273
-238 -850 -426
718 -954 393
-564 -543 181
-169 548 462
193 125 390
706 338 841
-528 609 -634
312 629 314
-81 91 235
-560 675 727
-277 332 189
665 -1000 81
-389 -239 58
884 532 602
982 501 -175
-535 32 -766
72 -325 -501
-633 487 -399
203 -218 -922
-161 809 -22
-283 243 41
-986 -330 -979
-340 868 -329
-871 232 -832
-167 529 890
-263 642 416
-366 -777 -538
483 -27 -192
-611 -630 61
233 -318 472
232 -648 -244
-576 469 -907
-741 282 531
-394 527 225
-196 478 -361
864 -90 -611
-576 -961 952
958 405 702
-460 243 523
930 550 540
313 938 -222
162 365 494
625 -430 126
375 766 -833
-328 839 904
-856 934 -726
-885 -399 -433
-125 -47 537
-841 279 -93
843 468 523
-235 -746 -627
544 322 921
779 96 620
10 -100 -117
-790 -319 307
-884 -489 -428
459 294 553
585 672 -779
235 -913 680
699 768 -220
-529 -88 -914
-79 -997 -181
-327 -899 875
993 -397 924
-600 901 -580
650 -905 549
-687 946 -272
468 701 250
-475 43 415
-80 -67 -220
388 180 -291
902 -611 30
-938 415 32
-880 -708 -133
397 -666 917
-485 -926 703
413 -743 694
-643 895 389
-275 985 -462
77 468 255
150 -459 -789
32 -32 -800
167 519 685
718 -37 -184
-270 -923 363
11 429 813
136 112 -662
564 -264 785
386 340 367
866 -163 954
240 -340 -976
110 -231 -937
-98 -686 -404
-835 965 860
415 -571 -368
-766 -448 682
890 812 174
621 -817 438
897 125 980
731 620 -160
-873 -243 234
385 959 691
875 -429 -919
-842 -759 -791
363 -122 651
-943 -545 -990
-105 14 -90
232 705 -91
55 -501 567
6 -663 602
272 -984 343
499 872 470
470 886 97
775 -622 952
734 -561 -870
-370 -573 -174
6 -511 -137
509 244 -215
-33 -286 178
-658 523 35
303 725 709
-149 788 -146
-686 156 -788
-597 -901 615
199 -322 -214
466 652 -306
323 -833 -962
286 -239 -749
33 973 -2
-190 402 800
-497 681 359
-559 -129 -164
323 678 138
148 -71 664
165 -403 359
-630 174 -826
301 -22 -970
56 94 131
934 -660 -946
299 298 599
843 -186 -160
-93 -354 -621
-326 59 905
528 -104 -758
608 136 863
973 -357 -126
629 740 371
743 978 692
-467 216 749
539 141 426
-259 417 -693
-671 -199 763
983 202 -441
151 -207 -562
778 -79 565
-336 130 -994
-254 -485 -856
751 -44 19
699 -317 160
467 263 175
228 -204 884
197 939 538
957 -232 467
-581 -357 315
838 575 -826
533 -149 -883
-123 651 -696
-10 -958 217
313 304 605
-80 834 893
-932 626 9
-317 -967 -246
33 -783 707
-536 795 69
-759 945 -998
703 134 206
714 189 717
738 255 -199
917 492 980
699 270 -595
816 13 -806
573 944 -85
252 -982 -116
182 -794 544
-304 60 424
-678 381 -490
-380 398 -412
85 -89 773
-751 -405 225
786 432 -582
499 309 274
604 -727 -195
-216 79 537
195 813 -670
102 -923 559
-286 271 520
528 490 -949
416 138 -991
-728 -572 -664
389 299 -767
272 -215 944
235 -473 -647
-153 -897 -291
558 -408 818
398 -604 347
962 419 -227
-553 376 -927
-372 -340 -250
-607 797 -510
-862 -365 193
-424 -709 990
323 -708 -602
-768 36 664
361 548 493
385 31 -509
126 -320 404
937 171 -18
-292 -864 -116
-964 817 -548
738 366 434
-947 904 -152
-99 -931 655
-632 21 -455
-609 -515 -411
-391 -330 630
-783 455 -376
284 -869 -491
668 -26 605
-573 119 664
876 132 276
-121 895 -522
513 -580 -878
237 65 -304
-310 811 111
995 408 -754
993 683 -715
200 -991 300
-974 588 -734
183 455 890
-421 872 -561
-21 320 -297
-357 -604 553
786 -510 609
-457 -836 -908
786 -573 -868
-710 -182 -53
-51 -883 -703
920 -148 -749
538 -809 -630
-428 85 6
707 359 308
795 -630 347
-302 329 877
-888 731 926
-513 921 -860
-460 369 388
-378 800 471
414 160 -909
848 -192 -343
852 805 -526
9 -873 -480
695 76 300
-634 850 277
-865 -240 -933
-388 -504 859
-940 -13 -339
-606 -427 -904
-119 -802 -653
649 158 -586
9 -88 126
-300 -712 -332
589 -201 95
-18 -187 -994
934 -787 495
-588 -913 855
14 -388 -742
280 981 -870
-163 547 -582
-653 980 159
487 -35 -195
-806 981 514
-990 78 -29
72 185 -493
346 -579 -642
-795 188 -171
835 911 660
470 281 -719
673 -106 978
-811 753 -884
982 414 841
-289 832 694
867 720 421
-137 484 299
725 -113 -661
-863 416 984
-570 105 -874
-974 -494 -378
-159 664 256
-98 -538 340
358 -302 -537
-362 293 -935
-558 -238 204
-869 430 -572
479 -686 725
-336 -970 -475
-4 31 -776
501 -743 710
-154 776 276
-463 -751 132
-747 670 645
912 98 680
880 186 703
197 290 311
297 84 404
57 72 738
147 -98 -148
623 -554 -573
731 998 420
-250 748 -63
-379 -842 797
128 3 -725
-391 806 -137
-277 244 -230
-876 917 -274
299 430 -875
916 241 424
376 584 238
315 475 498
-864 691 -840
643 -870 506
-247 431 -558
-95 876 148
843 517 -21
649 743 -5
528 116 -354
520 -537 -697
-842 -998 -839
-477 -3 656
-822 314 -345
657 344 -329
203 763 -159
-347 -791 -624
-750 -950 -215
-170 266 838
-98 872 862
-281 -30 80
830 -299 -155
-911 -795 -550
-886 554 344
439 -642 10
-390 -26 -131
-872 -826 -981
111 -498 732
-256 288 139
676 171 -233
514 621 454
-883 -634 301
904 32 -515
-852 -134 -238
-184 -460 -562
465 594 892
502 -257 -847
-129 -922 75
-795 -278 634
93 -884 584
184 991 399
370 -79 -888
242 -25 991
12 -851 -611
-968 -304 456
-50 -788 -664
-138 -97 831
-566 28 792
86 274 501
90 508 457
-829 -37 -429
-749 -92 723
-329 -990 138
-212 -743 722
284 -117 -238
212 205 -449
-186 544 -620
-866 539 -35
4 885 -408
29 121 631
18 224 308
-694 -954 -574
-271 993 -557
-811 -96 497
328 -244 -162
-68 69 -142
226 -105 456
277 596 260
948 964 826
878 52 -581
720 393 465
-637 -96 161
-452 878 981
533 -193 -328
822 -346 -606
-265 703 -763
-787 372 924
281 877 128
-829 292 800
24 511 695
510 455 -71
-617 904 -345
250 50 -780
-154 43 463
-738 20 -56
-355 143 -490
-309 876 -477
290 -290 784
791 -923 -95
-726 -702 -250
864 918 -979
387 543 -868
-563 -130 687
715 95 -216
-636 -493 -241
-433 -637 -367
-743 555 -151
-801 -268 440
608 -228 -897
-547 160 -287
819 -411 186
-144 -165 659
925 413 -79
-656 -722 368
255 -801 -553
171 300 -611
800 161 -632
-720 -856 -253
-431 -316 998
-34 371 955
-130 981 -565
797 845 -391
-157 -739 112
482 598 -722
495 -359 -544
524 431 -947
-754 -512 815
135 -90 -789
673 -49 -935
-646 -236 -751
852 816 -601
-816 131 -54
-437 -568 961
890 985 737
-604 -216 -640
870 597 -458
-163 -364 -30
607 -6 -574
599 -203 778
501 912 0
906 -254 -560
253 299 -236
539 -30 -949
-124 -749 -36
-196 -581 867
-190 -896 29
352 -484 816
648 -985 896
-459 398 983
590 589 357
-427 500 -167
-449 -746 492
-553 405 926
-276 -372 -11
202 183 -660
663 38 -369
-250 -52 408
-759 -480 -679
-582 599 910
-799 66 -86
-242 852 143
178 104 64
642 914 548
-730 766 -683
-981 650 50
-797 195 -312
16 -702 -494
-432 -135 554
531 -599 503
430 -249 215
-169 515 -475
574 -617 920
-125 461 275
286 -135 -752
-389 -741 206
335 -680 -657
-599 -624 977
-7 -823 577
305 -581 775
738 939 -728
430 808 -388
-984 494 949
47 200 191
-613 347 680
-783 407 525
-526 640 -416
-873 497 -319
-907 -674 184
704 -89 816
964 706 -544
196 -365 -378
309 738 -509
-839 323 -737
-3 -236 -562
863 12 889
-651 147 -669
-706 10 492
-269 -830 -568
-530 172 -155
534 -287 -781
941 -419 -811
833 747 -289
81 331 234
-892 85 54
-711 -146 140
-786 835 125
-354 706 -722
-838 316 27
25 -708 -236
-370 846 -953
676 -958 389
-139 -34 844
-456 905 -689
-495 663 761
-821 -664 496
-277 450 863
-582 335 -834
772 475 -103
-436 -745 277
-878 225 -46
648 210 -974
676 -318 596
246 304 -868
-9 -699 457
206 416 -104
168 -492 59
-149 880 -561
148 -994 578
-452 -80 692
-304 191 186
-176 843 -50
399 -435 125
-875 819 551
-279 -380 -633
151 326 738
916 -383 -433
454 572 -925
224 -773 -371
402 -123 -505
287 680 384
-308 -422 -827
503 913 -535
276 -930 -612
-516 366 -553
449 -706 -868
601 883 486
265 981 898
465 -693 168
613 440 -420
-593 -278 407
914 -223 536
-185 492 -719
-125 318 821
869 123 -849
-190 940 844
-480 -42 392
-171 -736 990
484 -783 658
-277 -851 -92
-905 -933 -444
-39 -185 734
900 196 -302
239 727 -89
-15 19 814
232 -388 661
356 -723 -682
419 961 -94
-784 -672 451
-467 -383 -677
-125 -654 290
306 146 -764
160 456 -876
840 -981 624
146 -559 -787
876 -31 939
-956 -568 -18
268 101 539
408 -387 206
-669 143 898
68 -767 -710
-192 469 -58
32 -646 -648
-40 -232 348
-972 864 313
-770 -855 -879
-459 985 528
924 -917 743
-836 695 -91
586 828 702
-767 719 -143
-805 668 -848
437 -69 -703
-211 244 -316
931 -10 -12
550 -168 -190
-972 -359 -309
-834 -860 243
-572 720 652
314 -426 935
-787 311 768
-105 903 -590
204 -253 310
-778 534 450
-930 183 212
665 920 985
864 -685 -324
-544 609 139
-43 323 96
-840 -359 131
802 -799 -360
172 648 -867
-492 -319 407
680 247 -878
126 -819 -865
-836 -500 649
293 804 655
127 657 446
-149 -239 -253
947 925 68
386 -738 833
578 -324 52
-448 -933 -750
573 -51 31
-769 -179 -267
-255 -603 -80
546 816 -582
-803 862 881
61 -32 -910
-79 693 969
131 -885 -425
-980 202 -818
-225 161 735
-304 -363 636
-943 145 826
691 -292 -699
696 287 -900
867 258 369
908 -751 -701
131 -114 -638
518 925 -645
-772 733 348
578 -349 173
-199 451 511
-499 -453 -52
-794 382 739
647 -666 997
19 838 421
802 131 658
-297 -591 196
-933 528 599
148 -220 -161
-769 124 424
72 -669 72
-123 -512 666
-991 942 611
150 -968 917
934 461 -323
156 124 26
297 -534 -389
658 -403 -287
-649 -512 402
-992 -789 -712
-59 205 -542
486 -23 537
399 -781 -98
-489 907 -745
781 558 -349
-751 -765 932
-560 -935 -230
-892 782 812
599 695 -878
-328 287 503
-727 -406 -271
-68 293 843
160 701 596
434 -40 696
67 905 -548
-622 -112 608
-592 -470 -992
681 -339 310
-73 -276 134
859 -916 366
867 -71 821
-115 -397 -651
-943 823 -365
3 48 -71
-967 606 -850
-792 672 -599
-339 831 916
-186 -463 477
-149 -61 344
163 232 -249
-162 -340 -734
-608 25 -145
81 -539 832
-800 82 352
-907 283 224
-558 334 475
-962 2 369
900 -95 149
-214 972 -992
821 467 243
-363 -567 411
244 749 -159
713 -599 48
-227 -228 288
248 -272 -83
769 -637 -377
138 388 -30
179 -827 -708
973 -828 154
279 526 192
-201 -104 692
455 852 -874
-160 575 -882
-333 386 -947
664 545 -309
-119 -269 -812
972 47 893
848 -751 -572
924 -168 -182
-138 -290 877
195 520 194
-963 -315 761
-174 297 874
202 -361 -755
340 -734 -140
40 -115 896
-834 -529 -885
-979 513 -146
-57 304 -178
232 -591 904
690 -398 831
139 789 623
-455 506 -868
618 422 208
131 178 131
513 -568 281
-783 -393 561
175 -659 45
813 163 117
-411 467 528
57 245 986
14 312 -816
299 951 -68
-320 867 4
-338 -441 -252
767 288 -611
282 -182 -961
-177 309 -635
-808 302 -968
-694 970 827
-962 -798 590
-459 -239 530
230 925 520
118 765 -551
380 -905 -893
956 451 -940
-962 -538 66
729 -992 -441
304 600 574
-558 -146 -409
526 312 -133
108 198 -374
623 -898 -756
-718 614 513
7 -438 827
-401 397 257
103 756 710
48 -851 980
628 -511 602
-459 868 -849
955 -603 -926
-376 46 -923
414 447 178
624 760 -836
490 125 -555
-774 155 -732
-442 953 -121
-525 455 281
-41 362 691
-495 -126 -952
715 -436 955
717 -765 -20
-360 -241 -343
-549 -815 -137
-362 -499 440
-242 -326 -735
-932 -965 -478
482 -619 964
404 55 -468
138 -864 222
-351 322 499
64 208 274
87 498 196
-989 899 680
-483 -41 -226
-676 -320 974
-818 -588 -521
-418 -602 209
-370 -54 -557
848 -77 880
764 15 -106
905 -809 -231
296 234 540
515 -473 -609
859 951 -111
331 -621 -517
395 85 -979
-494 492 -962
113 -780 -800
-123 -462 -553
763 -360 844
-118 -645 -759
-593 522 -647
-544 -870 203
584 849 98
-668 967 388
-236 -235 487
254 618 -918
766 726 -450
-992 408 -175
540 -903 512
-84 11 -294
-987 82 -352
232 443 367
-67 517 12
346 -801 -6
584 433 570
-459 -658 -44
165 -242 -337
152 -279 -474
992 -760 -571
773 446 40
13 -191 17
-390 -64 736
-612 -23 416
-51 -402 -355
-886 -315 -619
-650 -24 697
762 -922 589
-863 258 64
-663 -489 664
-788 -250 153
298 -239 253
934 -537 -158
-948 -147 -4
744 -339 339
-609 463 1
305 232 -910
62 202 -338
-754 -908 -697
49 -466 -950
133 630 10
522 -913 -719
932 970 -12
496 566 271
700 826 917
743 -554 289
895 -268 797
368 -591 -392
514 -362 23
315 271 -414
-915 461 983
67 172 356
-278 816 -391
-948 701 -893
123 926 -485
489 306 -402
66 813 -614
677 876 792
296 145 -111
-27 498 -252
543 -500 -726
-250 -78 -486
153 -451 841
138 -313 -824
726 -814 852
-253 -596 -246
51 171 126
-633 -209 971
-449 -588 -984
640 -601 -573
-146 -663 -490
-710 -940 456
541 303 -14
-270 -512 59
-139 699 720
-823 620 -778
-266 843 241
30 -633 937
589 -593 -156
450 460 -974
-687 -564 139
-917 -922 -152
598 92 772
-567 369 -534
484 948 -358
917 187 509
-306 -213 -716
-659 -706 -722
852 598 -284
-100 -124 838
-278 -469 728
554 383 -501
-407 -118 -506
171 -198 -520
538 -214 527
-182 886 908
225 765 549
741 724 483
-292 970 -241
941 -41 315
-889 -694 289
-686 249 500
-871 -953 524
17 189 -895
394 986 -797
-269 -1000 -185
-389 -81 268
863 973 -426
25 726 -112
647 143 354
506 404 117
456 -393 -741
-438 -972 926
345 375 -303
-742 815 215
-690 989 564
506 135 392
171 -621 681
-695 -539 832
-442 592 953
-418 -992 124
-816 -155 656
222 -614 -925
-247 -879 571
-986 -357 -486
130 -319 764
-822 199 -401
995 66 -196
551 542 358
965 -708 372
826 -451 -563
-588 89 -30
-439 687 540
-795 -551 690
-624 -916 -377
666 -293 379
-449 -207 -556
359 147 -294
826 -741 -364
620 -357 -97
-929 -298 478
-838 -84 -600
-868 -574 649
917 -121 -545
871 362 -712
-192 -315 -253
350 -94 -847
806 -843 -740
152 -737 824
769 -653 -469
538 -304 -534
955 -166 -91
-801 765 665
-310 -563 -754
146 489 -709
967 -36 268
-299 -502 -146
177 -814 -143
-244 -559 716
-965 232 800
-759 -644 769
-608 -111 -151
4 54 -447
115 149 300
218 346 298
442 -308 -814
149 768 0
-69 621 446
424 574 455
318 -129 669
447 688 -419
63 -89 714
-269 69 -104
-991 273 -698
909 13 166
-178 847 -337
-447 912 -494
517 -367 -669
697 778 -111
548 518 743
982 -631 -223
850 922 657
729 -270 -70
202 864 478
445 -942 -546
-256 -344 -933
791 637 -314
-745 -612 -408
-891 -445 884
261 409 -200
-222 766 -849
-536 -895 803
648 -149 -6
514 -536 846
942 452 -331
676 999 636
811 740 -300
-189 207 -141
-519 -100 228
-478 -771 -145
-500 -977 182
258 607 -839
555 -593 850
644 -534 250
739 -559 645
766 212 -147
-639 -588 401
-410 -461 -965
-872 917 -835
648 79 -347
941 913 -691
33 -602 -142
199 691 658
-840 -874 -972
218 -849 478
-1000 -259 -380
763 -590 -421
71 -34 994
9 -557 741
-685 -422 -378
-323 616 -729
-840 471 -882
-12 -357 -345
-291 -253 -979
-989 847 373
892 838 -681
-932 -193 380
946 18 534
-731 -407 -601
-740 -107 -761
-5 -915 735
-344 -167 -707
-486 -571 -672
262 319 384
-866 724 -425
-379 161 -793
119 825 571
399 885 -142
981 -642 -488
-729 367 -948
-213 411 -632
245 -811 -581
-491 625 210
-689 -718 -284
263 975 661
904 617 454
-569 13 230
838 -675 151
-271 516 499
70 329 -138
-460 -406 407
826 397 -496
-427 946 -925
-165 -857 -602
-468 -161 -565
-720 -130 -784
-99 474 -414
-984 -402 603
453 -642 297
724 -918 -106
435 721 825
721 -146 858
-88 -498 714
142 714 -946
-823 -97 -174
896 -513 -456
-226 460 -806
756 685 -539
429 -96 494
519 639 227
417 119 305
395 895 256
-382 167 -435
784 -965 750
-81 -945 -515
-287 -940 216
379 -431 536
247 -66 44
155 472 329
157 -514 -101
15 -832 563
-708 163 -805
468 -838 -208
-462 -204 -961
369 534 1
299 283 -720
518 160 -112
13 326 -983
-350 703 320
805 -987 317
-584 -833 682
437 492 477
-720 -71 -452
937 159 174
143 548 -669
-417 398 950
-834 249 272
-847 -963 -770
-544 450 -367
-248 -455 892
660 581 819
90 844 -348
-18 -754 -606
160 538 -942
-74 -622 -478
-206 588 531
-146 -603 -788
717 -959 580
431 900 -761
481 -986 -226
295 516 -208
17 -193 -179
944 -758 990
996 732 -979
145 842 -963
-662 -576 -578
-637 -399 828
-25 -356 -842
-555 -468 442
-443 331 0
88 -433 -915
-27 -984 510
-894 -378 -48
238 909 411
681 906 391
-343 -586 -34
70 599 941
-566 472 470
-570 -80 523
-250 295 -42
-104 -864 -386
406 -39 822
86 430 -723
163 -305 -680
-627 829 -895
-176 421 752
-713 -759 954
-260 520 184
206 -256 -793
-552 929 148
-933 -118 -324
327 391 27
-793 -976 483
-385 534 -600
1000 -616 596
788 -388 -957
533 370 -103
-554 433 -161
404 336 693
235 -250 -499
51 541 -665
-873 695 -844
248 465 -613
-618 672 445
-127 -620 783
-308 -689 872
-567 -199 618
-145 -299 680
88 -648 -478
865 936 671
778 971 14
485 -82 687
-853 -155 847
-64 -288 541
-937 989 -389
-698 -818 560
-466 -317 782
597 -199 734
556 -573 -715
564 -234 -215
-761 329 36
564 -965 983
780 49 -776
29 -779 -290
-986 814 -892
773 -159 -505
-681 -885 598
822 874 -804
835 -469 832
18 -948 784
531 -524 -663
280 581 533
969 -156 -387
692 699 395
552 -698 226
548 -611 -782
315 -673 6
-65 849 905
943 -736 -943
367 657 -366
401 894 299
-957 -812 -619
546 -7 700
540 968 845
-728 57 709
782 -429 -609
-563 14 -764
1000 206 371
-309 -217 815
692 -691 839
692 643 -495
-231 956 946
394 -339 541
-682 959 -480
-688 337 219
-66 -8 -745
-477 -764 -815
901 608 -27
-160 230 638
-499 864 -259
834 -790 -970
-500 -259 314
-497 -800 -673
44 22 -524
947 -51 -388
-86 900 -270
-650 246 230
-944 942 187
374 -408 169
-649 785 -349
336 603 60
-258 924 967
409 411 -370
767 -880 -238
1 -414 -966
-955 671 540
804 -759 527
-995 970 763
69 826 -477
-547 -539 -331
510 439 174
932 -801 -575
438 -24 -446
505 -675 968
-338 -868 740
43 -575 139
274 -609 111
349 -754 429
-360 -820 656
726 865 -14
483 533 920
674 257 -563
547 134 -858
0 878 121
-950 -380 -103
-188 281 838
969 -698 735
-862 758 -870
516 621 -535
-69 560 482
-30 494 -998
-126 684 -545
111 -373 -480
787 870 450
-332 -359 -288
-201 695 309
-403 -728 442
-551 -633 -292
-68 -768 958
-561 866 114
743 -198 454
-656 -650 -424
473 415 947
71 796 -741
759 475 725
