1
1000
-12034173 658003447
485788783 328702207
709599203 512073722
-493551144 699175548
-240442467 -781234258
-410956219 -588593794
-100364714 946696142
702517649 -799596115
-16948451 59245686
294119996 -486339910
849120337 -796434003
595103956 -758085543
851037718 -747676182
55638218 288592309
378039277 922840200
236268455 176125421
-439184062 206635313
159794923 -326246581
-536589069 -737896613
-169751780 -273842137
488019526 -654752590
-187294322 -248489905
-14059500 763347609
214831009 220057572
-511928850 644450281
-975655693 114822865
-902337640 428431337
-124266989 -17873153
-803898322 -209793080
773293349 735568148
464473580 -974564274
-974726094 567713973
-823319929 100589656
-228687685 371184863
-17452709 593141870
-811520701 979646058
308378810 283665502
-31066815 -657114299
-727785252 444709613
-189516820 -265820614
251107591 -218685434
668999291 -327947298
-110373182 353905714
443114601 936100958
196378156 721107785
682469980 -217749598
4299484 550900291
-653094224 -356067224
-339475802 366875188
-147399831 139328300
743640769 336324901
474041357 -183143777
931172726 -861438828
193840202 -910981656
-996952980 124867841
-899640237 -54738642
-220877979 220253815
570771557 -64009510
-947643333 -274160568
-333304866 -816962772
-640994498 677980156
942952491 -418125553
-399865065 -181105347
-157712859 637185931
681201770 475888178
-339420819 -80681543
536944503 910200801
915414914 -604453219
78641856 -864705413
141157636 -340273629
-10172297 65753175
-938677797 484061566
106372051 -792963395
141800546 611476067
-440381318 -328595244
-992415115 224306372
726683079 901034370
110108247 -392452537
425961050 539792038
-554436171 52165003
-525866547 396263566
503854985 951098365
658211486 -480640335
748998218 -79175995
912187554 700506328
364650378 -416133508
787407377 743816124
936216816 -446492928
260170930 -916571463
783604873 322538145
-836169627 334013303
849127795 -502731496
531443671 -516931744
-544421346 397895811
-827264829 -826673277
-717820231 437273807
854910144 -886415516
239175868 -214472303
527219487 -11866221
690775685 -971833525
-265617323 761375584
-487841457 336357207
125816528 -663046840
854802402 -830586333
-214952897 462956167
-712549396 608826390
391830918 -752832867
-255794075 -884759126
-442991824 -231324460
326189362 38292095
-374445887 966611020
-370545781 724843618
589244647 -585966479
975298982 -560749293
605690812 348796055
847608699 928625523
-663420269 -8768578
115232239 -57994343
-408058756 498446404
-687759847 546419822
-855877436 -388500120
425968518 -773376072
-214747852 -610082932
948572765 -820615459
820677671 570050972
-543403148 508438707
-937812670 783250740
210837884 -841985330
-577378085 704241786
-706764617 557982185
-485049905 -657939543
208444696 914495025
598251182 -677274731
212631589 -354134911
689132918 -853226634
-859393885 741928069
-427476236 325886580
724292782 -333137037
128513703 131205655
837011331 -540353737
734802525 250999662
-649047884 22744076
840766740 814994037
-951364458 397247401
768945400 23188760
-710575504 309931056
-198247572 -887538086
307994720 300264689
-607062958 -963100595
658718367 929856105
291497720 -278686401
-739206734 45825715
238794560 -308473048
-82028422 -483810633
-503564044 -908898793
-791989478 -744223033
756197274 -588213212
-787244761 -182269217
787412499 321254486
-901508203 -325340263
-998101463 -360336072
379898568 -478345760
673141387 -67700264
240597900 566779835
122343152 -556145785
293020910 121887570
49269745 105164706
-85957898 884406358
-166351384 -829232363
238707392 -913097273
-795609659 933595834
-983334209 -917658364
814987848 -937232852
930207347 281390734
-243804626 -746731857
865673671 425123493
904817718 -533696592
-373816376 -926860782
-405214243 90232588
119079524 462179739
607652176 -911867498
-903290854 947036807
-898579196 871500565
-297595203 264629382
-338762839 -124535993
182772545 389390827
903015672 -276220824
750908894 -816763036
-758079471 -516697488
898587598 -586074537
-186464297 837270171
-665601560 -265449317
228529197 77409446
-905092818 -421756413
423259490 434810364
877243435 359068178
-133490397 304930145
-907783632 -501279648
-879702338 -93634405
584783443 -769530137
-277167702 -330222924
-598945398 658831587
22193576 -182723232
-467624710 -649790779
734366619 893314943
-185090893 987467829
-866778278 205497938
-591055028 820829649
982574304 148010429
-950660396 -803935081
943418321 148373285
-674013387 601572432
-91286379 -234518880
875526726 655102587
640956002 89944584
-24419921 710734189
-753213660 -65199612
-504369847 89958437
516727278 172106858
-11086748 837615981
-905605415 709116259
949512570 572717731
-712675858 846970835
86296887 -53734240
-976404475 -284932537
-246478700 -845721796
-20878287 827049661
-796801802 932605868
335751504 881379942
81046575 540198633
438801082 -242948620
-866978966 -881404161
60553110 697510539
-6991951 -501669443
481849122 -96782395
-218359606 -973061534
-437714437 183661954
-342496021 837783025
63950269 -746400312
-241932860 406444972
903126846 757396841
-368911353 47309126
99674173 -648801979
-83803422 630247449
-80381751 335662527
546849231 244931418
971477019 -347010910
663237051 -633899274
-187692420 -356843003
299359026 -173554004
-843208098 -128508330
205045851 -302074273
-918141734 -651125489
658812211 203686070
496749103 -749063676
109657784 110493117
-458712935 258561950
-609891589 382540881
-577315479 -411232822
-513570332 774348000
-405771345 827973460
-9346584 -505864637
128548745 -953579327
-171160852 680009479
157587644 381571366
4074636 -30791456
687681895 797333284
-244512617 554528618
-641392258 -915795238
-27923609 -49496651
791800124 -536907932
985286713 -703212550
-723343890 -717064877
24731078 -58722232
743477894 469049978
122781735 -850496509
685136144 66605099
-390248520 -193102998
327668443 89572560
-992511510 467041161
650080306 34388189
-108560996 -16313981
-391755975 -945721995
901719455 -355661145
494666566 -15253649
382595015 -99741941
-729101011 -541222958
591764305 419663460
-615145978 430747953
-403868505 -40747372
-700298117 -536202159
846482897 -46715251
332506798 -984322438
-486238978 -684831466
-280292585 -318976039
830441848 682302382
-504158311 311875888
392606160 -243826595
-975420342 -307098071
-28045823 -545201159
-724382265 -480301
-271799399 -931565100
-656941257 -145538639
-995596912 -672527194
-254987026 304063769
-602547853 64628502
-419593838 367073494
-26217116 -371991973
830513533 -484492396
-931885952 -677328063
537022092 440708061
-415739652 -99555814
456945623 -217816161
156257646 -712958459
-939781666 663900716
245231101 -15753094
-636743060 685992057
207366439 171482374
501051233 355510346
252895607 662734022
281235323 770647066
126063509 -839794135
148218235 -446430410
-756860307 199130892
-381095448 -771700045
-57105433 -159217338
-510959453 301690424
835431203 -18659720
304277149 -92747570
875365266 791687281
-814928143 191841949
250532018 316829125
-458346476 -967991573
-102586718 -430244316
654633321 810288354
50719818 -782078776
-75471069 977881404
-745818707 -361870989
146737747 -425136552
-253368279 685716231
862362908 -311884874
-919799691 -965278908
115639133 571186424
92637422 -385635324
-237851589 746244217
200834806 -908818225
-687416487 -380340686
390037365 454065069
-914172382 230819673
613027099 740072441
569699983 125887482
-905321477 -831910011
-580797050 565073940
194116 -941319708
-939395892 -915696547
513608787 -865520862
581860692 -439072063
-867539471 16253378
131326836 248907387
74737124 -263809907
341495913 -348935403
-989170555 82097580
-61774814 557128274
-993681938 -380343188
-72659641 -282693908
856147483 -852409833
-891120812 6737497
-923542515 672489428
943573361 -171653920
95292135 280635932
293710588 712437459
-647206490 523661795
-477181737 -374835878
874282449 937769316
437954221 -238863931
-151646727 -767118810
227509313 -426115006
615257537 495000553
-156715636 751839254
-964537381 -471849461
-58679765 635425770
-487324968 714664093
63597656 -471719701
795146047 -237465823
-142223463 819964605
553229704 673283926
-491474809 -468286274
222617677 -767477732
805025263 208682430
836807957 -701763467
-299321945 788373084
-574761434 721842480
-878599840 809532372
72134340 957168980
235018656 18235721
-303113138 131429975
-356702202 828365985
-412735569 549624824
-138628074 982962112
301553636 -293889340
-281484498 343175907
300010512 -96268703
136477589 659308012
-117139223 -581124837
-238740570 -930573492
-460880235 -682353280
105963184 582278097
212323610 127619795
127352852 -367552026
-673895448 -985282253
-447617448 -822759694
672122325 902521452
-376671410 155992074
-785003939 -141715637
-704265621 501816251
-5760240 569167728
282051502 953849567
367204657 95200115
183871770 654993826
-56599591 488488018
-992354605 -903684906
-299302613 187861414
-308751253 672329127
86970836 -72301228
856235433 -482020879
557616303 -237266200
-706840500 715258137
-837569248 -575059628
224480092 -983812483
-756723621 845220548
893456137 388066945
174406455 -615878170
677588239 934714506
173812462 -966691108
933399944 -529799810
248696098 573133468
-868422445 300717862
-112014163 -423952078
556533145 530632275
16696761 -125865375
147055786 33266145
-136949613 255383111
-359583187 -449797508
898797524 -614734308
-233127360 -844211000
-3897629 -527035756
666944802 114425906
-996223067 -195282208
-442968684 521158523
448518806 598846592
-155934422 419446675
26862299 478082159
572437599 -613338881
-327966822 727339137
-564708997 819398857
-600304552 293006234
-256111887 -921489812
-243922914 -366488811
489508093 -608594045
545377244 473318574
-292032118 611245670
578589943 -584456685
284719080 15154873
277482541 -675524586
123066992 -424469012
341418017 -509384570
-898921142 94477631
-610800578 -475845978
-196053491 -472084217
568310115 -523988777
-57507421 -999032853
213121567 97468310
-242724496 -512300852
-811720946 396696886
274494156 438195545
126562347 -671009052
524976279 457232513
-66911804 834248139
-320018150 925473231
323259411 -823000900
-895214445 -286914727
438911963 316590256
669069060 596558357
-294064122 265829983
975482544 274474587
-974661963 -874399691
986575218 -288259466
-493669382 193883502
-812467758 -288468062
-6532480 702953473
961609359 -397453093
742325591 -232365005
-689611798 419768
266743045 763771874
365760380 802723170
-602860204 -68595414
754092840 251167979
929700590 380254894
600233297 566048350
-131309102 706458104
502761595 428584014
-363267256 -432586302
571561066 -167845145
251306957 -244274354
703714899 485965737
258617581 55891810
-91337553 547668595
581969529 509412385
-98631899 -325165583
-244703995 -105569748
919311786 14229237
80109128 -754804167
-544118142 -45310169
445498967 -279638580
-313310404 -830034578
-999029532 762611097
-301367947 -222796121
-100131975 679436998
-228940286 -192581855
998876295 51567226
431299114 838998078
523222181 311413283
19075777 28979007
69959092 660346014
-715314925 -925707799
-20882084 132628594
866623694 356427646
-288512851 6409148
286144843 976360657
530513406 -360688252
13965111 -398657564
-973376320 183929537
119242428 -89518449
770507522 195179231
-486595379 -885199824
-672854195 827772595
-377944737 874567877
-28141978 -942428294
547767228 -66894517
866214618 -133660439
335503985 -943345664
7119438 -268546310
-430170456 990718969
140891314 596125720
-375423568 -140686136
-47471737 -567211364
-543932577 -728457634
320919648 -254761619
916554675 110855572
-142286322 -505556859
406718230 848798784
141368145 -485893422
-136690059 168324681
917879400 706121828
74243981 277958057
-801636667 -508150626
-465829731 -874986472
-818464336 791825933
790948497 -581126584
-744780338 -776672566
-90236959 983291034
984465411 266801995
-596206774 -157024793
84066477 465972014
852502474 -345095390
780749470 -524710369
-632928613 -402506419
555696330 466975258
790334998 918823577
-278103094 -837987892
292695216 452265535
-869008021 471848354
-253295429 -989459314
-659790 35484803
-358386575 -570927123
-986526790 -400988375
712564707 583912466
-914520454 -588037835
152810175 75552151
642377791 979557292
-69000560 -295045442
327827521 -48575717
294079290 720102550
526378091 -175076306
721482056 548418743
-437284077 689326416
-84625150 -106261252
-160175127 -291332954
703907309 216018147
664681982 -145919547
877748654 403666001
708509417 390041898
-334086239 -584722737
-488564270 -106751636
-253537797 35484248
882543262 881386217
763650637 -960963153
808358031 -317616650
495336890 853755855
134832300 -393048144
562012702 248695416
522410376 -843416187
-22429053 505020066
-865567419 182532740
-548646586 487670321
147300599 346127689
-65105514 -222726627
728507184 247539226
-575874654 -750487844
901456787 193949858
-68344717 852914957
663712173 -162817717
28253269 591518188
227873445 625362578
-568143901 512956283
-311608198 261369714
-80812675 82425881
-631808096 -507871348
410017732 -452838302
-264918887 859526281
-528947548 161614151
698140150 -305837501
-259605915 -313313085
872860298 541948325
722251004 32929488
-822037765 829711203
298923448 523106318
602550194 622157466
-376120992 -187028307
338324072 -72516166
513751602 -989369410
341088398 715617945
325048242 704943742
-573368109 202282001
-517236997 -947674862
-224758415 -896105710
-124343122 698252138
-793917713 212542476
649883787 464035219
-373903495 101400028
952256874 347048796
-24643238 453673833
-475538255 -253784396
612813831 -375112755
360237675 344773960
-779568939 377441619
441769031 -74649760
730364000 928189278
-267369829 467959858
818149666 -385754485
-383837696 311518731
913780763 -765940747
-972707424 289729036
233558294 -515938813
-182110324 -167005573
-106844727 -465891154
912783496 -103189659
-310314404 -59349329
847172295 868919343
753635134 609819398
688409564 940318075
614361359 105516020
758234763 145072933
744573183 -106721053
423460367 180542648
-254017536 -6399543
-342366901 -331283391
532105834 -854845377
35117866 147334686
-588497630 77380895
336496304 174617104
77509739 14154241
-12544097 259921565
-476114058 -817202993
-783394005 -234725089
-824986368 -154268980
691713401 -110969252
374188822 9984191
-24334613 -490730404
106092388 62030243
848071828 -303205924
-236090457 57301630
-707200651 -777699619
-111478777 987692864
-988708766 312125771
48971557 -984649834
954739664 473334180
998614354 -194885338
381856988 448531320
-73778976 -988438155
-517360938 -379122143
-519119486 53546201
532831212 -172575704
793806941 230108568
460698936 -232760596
-556734644 -821648624
912495627 -504313414
-180149176 -88739882
230538306 -783723334
-108261701 34833717
37505061 922673469
623199767 662278269
801770379 830973694
-466640774 -34684899
399390648 525796735
-395076691 -468820616
61013404 -94863863
589865096 -321406405
289675560 996442561
222939218 -263812203
-722570477 -389855156
-64754106 -343940704
-898813446 -867396023
619337941 -533876840
597580148 -523830637
-181241042 -143761484
-107247547 735696540
533638796 -467996430
-548467422 -533025668
-147287310 -330992122
-316483538 -543747040
569574284 757822504
150758018 -605245100
-755635589 415294009
-871472938 -306470363
831024138 -359235663
660550943 664305744
583713765 -49755542
764172100 -940436597
274151160 -978350549
443741157 -825046512
-434433996 -7700983
-223580584 202957808
752686830 -727697299
-50894296 476367068
840197467 -650760443
-259900227 -865060227
-953912933 636540617
486433785 -816106998
-647213872 -26854595
-241438231 -232708241
208520331 -159904524
-793368631 274386046
791229610 293199007
-522822964 -939662591
72166469 -394129902
-708464889 -102789396
-60499628 205387648
605257584 -868967050
805206083 -289677137
100920754 -513347600
-725623951 -15025279
919817069 -563853337
-2835126 331399676
-30031133 -554625133
-860731894 -958443959
117301908 -726658855
-280255779 -782502573
-393300989 319214406
-532651022 -275362228
166674965 -265449988
-637020564 -727118680
-322139163 -958899064
-785676276 -899489711
142063056 -417856767
-371943892 315270022
237886332 942029444
-877588236 -678951245
264964231 -900575059
403867605 362041086
-86156622 155054922
-196874179 961434222
-952827125 -493236256
969707887 928539775
-352155435 -883021679
-277696760 -965423436
28101744 -438182192
-390115469 -184452567
-615607342 -952246299
852589882 -61365609
-440728366 -603982014
-478360259 -350398025
120345269 100122864
-371442981 -494327048
-873680115 -148007460
-791601959 -75955070
-907787928 982048507
152057509 537582984
-298021091 -618176037
-536353759 -339118328
-890551459 192209693
297312661 -954347791
-541061606 18301636
286502224 521044360
383231309 293952343
-84696915 181693207
883514835 -319562700
-907825441 -222490443
-545668567 -968634800
-634415589 -734335817
651485498 -870460393
511148300 -473729448
698582142 -325085265
-776849032 976137220
-410290997 -250052383
911417554 -645868476
79828008 -467687960
-553509300 -550383466
-575732120 -763596361
6915173 -112210050
-292108544 -797605806
693040838 545694310
116054952 269708593
565786928 485072113
-441290328 -335591524
117560948 288495765
537891300 565566108
944748925 -273771160
692009490 858585772
447452423 -808116198
-327256881 -436817150
-585911953 -550178827
668571052 714221947
-795948452 339268022
405908904 -521881575
-747553999 -760096952
-152337545 -123148701
-655657320 297209614
-359860510 144015781
-228184044 142196860
910271224 534838769
916807232 -883990576
-720221642 -800321498
-690810937 790789456
147374636 -759356829
828020372 -532849654
-712827331 886865768
585469346 502262025
-566214109 33438254
133077012 -909079573
853705763 -646874750
785783344 -110474691
355898564 210958199
-774897509 -598137162
395423721 -271849034
-316678341 -239036890
-772581334 298864143
-3087093 -646843776
984572964 245878136
124746481 518856643
462921602 851067561
-20644258 -476297890
107268685 384373317
136909011 -711423790
-271792828 -230200508
17446941 -689294765
68089931 446772963
683417829 -706454236
365834460 715841556
-655996179 408295774
309450189 60014523
-95690469 892426544
381439855 -359403977
-990407945 733279532
681392731 965695824
-779754848 111508454
667084267 -502922639
862286432 371573075
935117782 -768542451
23681161 194267994
-363793137 471509511
-329031100 -394985349
-605586486 358589599
-474425292 591675499
564070844 -14672064
-814538938 212918663
179887977 72965155
152084290 553391330
195652583 -833598846
-812438926 803517490
-666975604 499177015
-8221587 -727731469
-331159227 -328260889
-282932420 136702108
-207117680 685309074
-410201037 -53151187
-188040426 292083285
483830484 -74729570
-264936779 -223546868
-712141087 151208115
-338634661 965434975
125441152 634102380
-743562733 120040419
-409365296 572244748
-840202616 300131401
-302253931 -143303536
-91420879 -812664405
-90849615 886672873
110007980 -7199642
-916198792 196588408
-998787201 -528070131
-335155711 -534798157
-980002833 -871039350
-272935873 -496458109
580227014 582806903
610030862 -600176673
443697301 -405131326
875107597 526210920
234266418 843896154
-658414774 500435386
-110088072 683367331
-106047493 104787202
-44393693 -860552137
200952322 67471902
251828190 234224500
-352703666 894776886
321534290 -175991572
335248775 -36850664
180316621 -880283771
293045557 -847060260
310916965 -356041449
166683793 933403055
-741754995 -246044782
-658908437 673918990
-782005948 876362577
-803441404 635314191
53128464 -913830573
423788825 -82476227
-995666556 -113198093
-676665093 398470572
-111432678 -247295225
-38636854 -361558334
-207146370 -843130089
-258730422 188577652
-598270189 -812493842
-301235857 961032222
40565497 171369394
168183508 819072317
-702736295 147112192
-287597361 227557842
694146766 -975810457
249072196 966835322
-239969157 350687929
-782135496 347872188
-746411954 250076876
835879496 -770504569
70667092 -353262593
-961075667 60653732
341892068 775410720
-459275892 471427083
819380076 834773837
-320271863 798431875
352810692 -443479358
-779300548 -528902728
723393324 -243521520
-709177193 611099586
-394700563 -630967419
601389366 393954350
-302482871 760501647
-685271884 -798250135
-992650610 -14448690
-174009174 -627561585
148987707 -748347536
670947611 -873126102
393009564 39220827
-833495333 -648325643
-306000693 -135452553
-312150018 972970332
-756622801 -847656923
-854541360 569790801
667263313 -557043332
-549528255 -176264716
-97518629 754538578
408216163 -120961944
91496372 -983317759
-163555843 222188914
-643255631 984663755
404924279 -577619461
-174281092 660310289
-994223518 746016857
-863348175 -803281446
941630013 133167773
-536688445 514665452
-834571341 592994495
-190533497 -215463529
-434814533 -817600979
-129957657 624828139
-223662752 227163756
585303754 -641931017
519054996 -888404506
979380961 -722037865
282743794 429935197
119810875 -130198658
-857437867 656506716
-133714476 -170706388
16691027 -422381543
-482134272 138207254
-107508549 424069064
-573172210 477822714
-552414287 -81375439
