150
107492
8474338 7637746 2550690 4954351
4494911 6515930 7887234 938596
22678
8357652 4327671 7622801 21061
4453872 7215401 2287622 9452707
721142
305900 254458 5414125 9391492
3812043 2165994 4221166 290408
177354
4378876 4958122 2330844 2308666
2187811 4596035 2897816 214898
670063
5564544 6422944 1859062 9925435
8599466 1208899 3326952 7214845
568954
9364406 4221070 8300357 6703056
3033686 5875806 8824790 8461975
404228
5890023 345258 2427399 7974043
4143140 1730074 5487988 7030408
539589
3747031 4389616 5084265 7784427
5209385 3932551 4896935 295750
34790
7033821 9831878 5931837 3935997
1703492 5022386 9820767 7705232
431694
8602898 2321761 5137717 9524674
5777949 4591317 2692795 5479964
765694
57092 7836553 8204859 8861796
7405035 8091399 5186783 5613579
340873
561233 8700102 5699993 1998395
5047205 4849251 3567900 3460780
430784
6234895 6124525 4581468 279750
2296051 1772112 5844609 8610089
638752
7970976 8164374 2552940 8417449
6731136 832341 166906 145600
604470
2495593 1094886 6248021 3444229
695154 1596255 5273804 1681450
218332
7115900 4547016 3220017 4737711
236346 3865571 4209187 1880394
87010
8998186 5101160 2090910 6056487
8170397 208181 178645 1464618
575069
1602276 7046056 6781758 5447022
2205998 9755946 7978109 5165996
178557
6485065 3948980 5758460 3212459
6309479 587851 2986059 9679034
700428
3063867 8585144 3103636 9392885
7438422 4161723 2523581 84803
702975
379166 8194141 9622012 5702806
1715171 8677811 9737753 7040232
407099
3779689 3469309 2057617 6741531
4329502 1941186 1044242 6659576
236859
4998000 3253456 8716215 8996783
180930 2008530 3277407 9870498
626161
3390957 2130298 6744551 8377011
9321875 3438498 8823932 6871102
387599
9855083 2346404 7254652 846803
1696942 9109878 2129682 7591162
480168
8411322 3681080 3402852 2912153
8674199 6039825 9543075 8872652
108277
5511705 1042750 391378 731935
8661684 7881165 8285060 3408975
492149
7819037 3780396 5707815 2237141
817433 2667236 8907682 5644469
740054
4577693 2771827 7870147 8277682
123818 6704117 916831 1151025
708049
400236 2396333 9881585 4210136
1155582 1673834 2414203 7440065
82268
9107645 3782773 9702641 9092228
2940236 2534101 4770101 1001292
521641
396203 105061 9825837 2955499
5965707 4498445 3132808 629648
730714
9698133 9697966 1113623 2151933
6178069 9799529 5429132 6881899
529468
2590860 5416023 3073211 2463812
813688 2807867 9833768 4479023
521609
6434661 9407346 3904785 3067843
3272415 3167351 8471348 8935003
242248
3343335 5442254 5789854 5959626
2450981 203740 2437593 723276
440964
709164 751297 6353821 2908216
7921848 4932610 8626490 1541796
401144
7949835 771069 9492280 1732422
7762090 9848959 8215502 3197841
85503
5143583 9193570 2934895 8937588
1416807 9104817 317599 3160687
722471
8038563 9071538 8407186 7461849
6895952 1781548 4326380 1578970
571860
6677788 2525864 644141 9633859
8082527 5492699 5413777 8512927
362648
3957105 3386691 2579691 244086
6464389 4166839 5706036 623217
283955
1382842 1251290 2591129 8289344
3977974 4010821 6124449 2335297
5982
5287018 5008996 6488396 4383170
6865132 7314220 2383746 4950723
383062
2250621 4122461 5604074 9069396
9177066 2752253 6464152 481974
57242
5116918 8774241 1594677 7660279
8830096 3118020 6925570 8489912
297292
7012827 7364181 5945778 8562772
8966044 9600789 5712327 1762759
200477
2176187 5695174 7577501 521333
6816365 7171533 3479815 5150559
131839
7298962 407086 9812211 8079438
6284486 2675262 9128629 9594389
111301
7757573 8419309 6597174 7004078
4450588 9243078 9712076 3823534
642170
4329216 1647542 3254673 1263301
9088848 9594241 1191867 6006791
326580
1180901 2954755 2482163 7495769
40090 1898387 4387731 210347
502022
6056276 8353324 2066058 2847817
5423395 2732257 5857381 2508823
546822
7910908 8086547 9736162 5453771
4908093 8556977 7690674 5705447
306606
2840475 1081392 8075491 1180716
7472653 5452871 9649454 7610657
778816
1365941 5003715 5725783 3112515
5030325 3568187 5283940 8448
353852
4495522 3047992 3994027 7830874
6834129 4922991 6476683 3775583
163132
38757 2776212 5981642 8816630
8294213 5109602 9870182 4615810
667675
4089654 7446306 9875917 3053366
1703129 6200337 5309562 3594221
2816
3891627 4258695 4052521 8612454
5844281 7338308 8979092 7487735
394162
7457684 6403554 6487454 6296754
4069990 6292620 6337325 9371180
625979
8462681 7674998 8153259 6054624
3494501 2645832 7080200 8739421
435398
1520700 8329753 4845431 4671027
453881 5102809 7447477 4225979
284142
6568436 197413 5071636 9461271
6904476 4019237 6889083 6049940
167112
2077084 8860253 2690692 748848
8306776 5231978 3682082 5115190
589381
1685537 6530670 7134370 8150035
2697607 6096663 2321139 5610447
137891
7897677 8667179 3296435 2223186
9637885 7066903 8437927 305345
719515
6224521 3165291 4317656 7615930
7854120 1899008 6258865 1656296
778440
4435766 9131450 7282479 6062600
2619841 5265923 1386197 1380980
572600
3610898 7513763 2404936 7181582
7184770 3054959 1063854 3970079
393890
999743 1867612 553430 5975136
8888762 2165578 347134 7039236
651929
9641216 6131790 3424431 8378687
1180672 6926370 952308 3997058
396019
3778943 1685975 2317173 8201500
4625759 5799328 2119070 7149351
264094
5936186 9094871 9943935 462180
7974428 8575879 3195744 3831477
464204
9188403 3999286 8800302 7585606
1522731 9136800 151810 1451783
531849
571197 3794899 1299788 4628893
8399804 9060844 354696 608518
672500
428148 2735902 1174367 910378
276229 6375130 7446143 6867714
676499
6630162 3897019 6310630 9695949
6416034 2430917 601841 9351660
472397
3496148 6053528 5602576 5221718
608047 3532275 4126500 1993684
704085
4241198 6623857 7135465 7432831
7211153 7522085 2515807 9764037
120808
9186474 8545688 8521643 528113
912181 8130558 4691668 3702532
787750
401180 5314651 4433498 1282032
3951883 7076474 8823156 246198
419608
903766 8003935 857852 341934
3842363 7326062 3132067 1300049
635658
8069194 8558598 3037445 4248304
2453900 5571775 3301071 3386634
626898
9562962 5841403 1046879 6525750
4486118 9880306 7193815 8347862
561030
5356191 8968184 8316171 2913259
1570319 3703519 5210777 973801
276304
5749057 435746 8149487 6511171
3136502 2983210 3526161 3252887
598812
5010569 5261284 1487565 9144181
3255730 3275644 688461 9794116
383759
9128848 9276173 9697522 8156293
9254433 9222894 8013677 1345813
418970
5756041 9924976 7839486 7029163
7466491 3615778 9423136 6435009
322060
4645716 9797550 5321284 1677976
1483550 6872422 5627755 9068063
147681
4111089 7279602 501050 992225
5457080 2657292 1069376 2616976
505713
5263775 784967 728114 8506270
6432390 1733672 8618341 218494
294484
8476298 7102784 2837524 8912815
5980781 8654934 8927934 4254441
540481
5444764 9447353 7981608 7258186
8140324 9981600 2565612 2013637
597427
7703326 5142838 4870758 4037431
8826970 7962319 5845976 401191
680914
4584537 1897605 2993543 6913345
55071 1200446 3026536 8871914
597489
9707918 5430287 5719682 5513769
5256273 5420406 8185676 9533688
326641
6299653 3077594 3019104 5063174
5862677 5499945 9765798 1629713
509332
9945311 7361353 5659085 3683632
4021389 9365231 8953305 6696763
718999
9251637 8463436 3834162 4643647
7959076 3726330 7493638 4814204
269234
4561483 1165094 3544967 4151945
181636 1720739 2602330 8578841
471662
2871450 9977267 2579206 5137884
7395198 6913206 4335027 7769977
388636
7154651 4913765 9714947 7161800
913773 1294701 9665148 2292284
20909
2532238 4797871 9521686 3991300
7235056 8343626 891620 6118920
796628
5495960 5344862 3467025 9461054
9695993 1031698 5528339 4196293
537317
1186467 2653343 2787534 4797130
7932829 8578475 7864237 6768069
69755
3897171 6687016 2942478 5078184
9050784 1161570 8538767 1058297
309092
9053895 2012000 5207426 4166041
8879473 9920647 2885925 4924766
716005
5447957 2146249 7596623 3370893
4859744 85619 9889671 6572824
740651
9686853 2675337 5405360 4402513
7598553 8423857 2285601 2745647
565010
4116431 1302015 1953106 5608494
5984945 9600716 5327800 6089808
119084
4138020 2797913 6954229 2670573
2144004 3676844 4705491 3383950
484586
1812037 8799103 6941714 5347633
581623 3260066 6901074 6450643
649564
8915086 3153664 4937307 3300417
1279223 1401171 2564694 880288
431061
7029225 5630726 6847668 2262481
1994044 5675749 8842856 4222646
3390
200517 3053046 6153742 845655
2245104 6806906 9849920 3410729
480912
5184299 231247 3298344 1394412
2508217 7699810 6812026 410230
61901
7249293 1032097 3170200 2693377
497666 311699 1390347 3993273
746965
6383782 2420610 6796442 2736332
5152381 3218277 9486710 3523626
642851
6411930 8433256 6061604 8703850
4051630 6790027 6206372 5277338
451552
5357620 3937707 8983194 6327295
5491231 539390 5085281 1751468
172019
4346123 5459568 2504121 2709344
5301464 4732341 4032875 1037536
298783
6544213 5441989 5447527 8438182
7231631 6845893 304136 3081280
545930
1557728 9134731 1419265 8791215
2162684 8415898 8482297 3354648
710874
1597678 8491095 3817345 4397177
1178598 6010053 2697558 6668794
639511
6036841 81848 9523353 9196812
6429354 3795063 5619138 8828121
367624
7792183 5985589 4222792 9335266
4084310 6057791 532742 4707639
29932
7041329 5902 420655 1111257
1395749 5080784 3562884 2709034
786899
9090000 6548624 8020870 8197084
2451735 8082861 2398116 5623566
286174
1586592 7768545 9163417 3136986
8797626 3462561 6575554 9957896
617657
556673 4348727 3763032 2939318
8161356 4410202 6992403 6349312
415197
560313 6730353 8913831 1721995
6427445 4874393 3409846 7104268
780160
216647 8973058 3832386 8338484
1747114 7165916 996964 3356102
775927
6566156 7845238 4613054 4711670
4926252 7731553 7232498 1937682
352484
5420240 5714287 9267710 8397472
1498813 3761207 1089725 262239
59669
1829656 7660772 6672214 7978710
2885035 1555110 9721003 8260250
757426
187871 3965475 6337982 7360746
9126507 5377318 3907924 53241
643091
9821580 9072465 6622685 3424755
2391503 7750197 9354294 9603261
140486
5853528 5131183 4274252 7944007
9357824 7246248 7003059 6906146
522846
5367540 2479157 7794770 1190935
6438882 3869873 5599625 6414364
383139
9780942 2391930 121683 9552580
3120078 2780726 4155590 5949668
788892
7075247 3183202 5346883 4486855
5015872 4176082 1676178 3954841
311272
2007195 8169187 3599909 1514864
5668744 8448434 7805611 6220403
584831
3361146 1427114 2550096 3493537
2791338 4677614 1490323 1302618
202180
1965037 8017007 5375568 1984113
4292172 8719156 5776122 5539143
313055
1958375 6254051 771494 7861900
575249 7463473 3826291 6824115
472805
1291757 5385021 741675 2412184
3816690 2856711 6617594 9868347
285490
8385971 2250993 7093309 3477204
5353634 885833 8273533 2088352
370763
2902958 8102030 5925947 6151850
7547486 2548965 582481 8285554
