3000
-4886 -7403 2406
2705 5590 -5367
-9864 -695 2349
-8631 362 9023
-4778 -2785 2562
-3133 7239 8694
8885 -5408 -3988
-1880 8400 -3026
3038 2199 4120
9576 -5232 2734
-6746 782 873
353 -468 790
-4709 -1298 405
-3926 -2478 -5904
-5962 6246 -5131
-8970 -8718 -1761
5667 6135 -823
2340 -9412 2614
-5748 -8466 -6876
-7700 1716 -6735
-4854 -1889 -1540
-1089 8262 -1690
-1711 8644 3794
1438 -6695 8363
1428 7715 6452
5106 740 -1362
-6786 2432 8185
-8133 -8550 2775
-8285 -6340 323
7635 1658 3025
1927 -7928 -937
-3002 -4687 -920
2611 -2235 -7810
-9319 6362 6176
-3587 6024 -739
6831 -4711 -862
-9701 -6216 7315
-8805 -867 3792
8550 -5824 -5947
-6230 1699 6645
1942 -856 7735
-8000 -7764 4932
-2241 -1764 -5066
-9129 8479 8020
-7008 -3667 9030
-3912 3528 -4943
-5489 -7565 -4950
-4495 5398 3306
9206 -3792 -2407
4133 -602 4077
8245 7334 3280
7086 -1284 100
-9339 -6944 9136
-9447 -5891 8287
-2451 318 -871
3792 -9041 -1808
5710 -8324 621
7714 -7295 -5372
-945 -786 -4529
-1585 6450 2606
-7950 -5837 1388
280 7166 -3163
-1299 -5162 -4418
8880 -36 -5568
-3175 1447 6726
-5875 5558 3612
9425 6931 -3741
3069 -376 -9825
920 5355 -3092
-8540 -8745 -4950
2369 2744 -596
4041 7145 -3591
1736 -7338 1881
-4440 9810 -8168
9713 740 -6069
1749 2373 -7629
1569 1473 -1997
6344 -1657 8682
228 -3395 -6981
1105 -9049 -793
-3902 7346 -4487
132 -7734 -7398
1078 2799 -1419
-1405 5395 5850
-4470 -4379 -5593
4340 3282 2471
7812 -2890 -7250
8520 -8844 3401
3119 -8610 -7179
-9528 -5055 3215
-3430 -5957 -2019
-8623 -5126 1500
604 606 -8485
-6340 -5001 -9563
-261 -2225 -9132
1018 7728 8893
-5310 -2756 -1002
-4620 -3898 -5728
-3998 2684 -8703
8449 -4822 -9008
-7184 8409 3301
-6891 -9507 -464
342 -2598 -9072
4592 1576 -2423
-3662 9556 6775
5119 -5462 -9287
-4938 -8959 1831
-5097 -1675 3748
-2070 -7067 5264
-5173 7089 963
-6328 6544 -2336
-1846 -2349 5831
-3478 -6217 2144
2177 -6861 -4169
6553 -7432 299
-3320 8022 6373
-6310 972 3422
4746 -2570 -5302
4271 9698 -3742
8673 6954 8037
-7619 -6799 -757
5163 -6483 6018
-1651 -4101 5354
-3865 7993 7403
1481 -9512 -2523
-9005 2804 219
-8508 4359 -8110
-1943 -4489 9971
9858 -8451 -3747
7969 7759 -8731
7895 6419 2585
-6019 532 6309
9615 -9965 9197
-8714 -8933 -9050
-3697 -1937 4152
387 -8009 1894
4929 -3763 -274
-2147 -4598 -214
9046 -1653 -6890
1093 -4633 -741
9732 3945 4708
5832 3106 -9665
-4344 -6222 3765
7644 -8454 -8879
9389 -5286 -476
-491 7863 5773
-7635 426 3405
-595 -135 -7033
723 -6113 5107
-6709 -1268 658
8983 -949 -9371
-1557 9800 -8260
725 1351 -9431
308 -8296 3312
4920 3394 -1347
1002 4850 -600
3925 -3949 -5260
-7382 3144 5115
5438 8695 -6009
-2444 -5600 -9404
-8258 8472 -1954
-8191 -6486 -7174
8209 4348 6812
-6732 -4700 7539
2055 -624 -7896
7182 -1898 6041
710 3677 5215
-6529 5311 -4649
-9739 -6576 -6727
-8003 7196 -1091
-2867 -5121 -2205
5404 7477 5233
6664 8018 7387
-2932 9635 5488
9900 1516 -4021
-2026 -6503 -4351
7526 -6383 -8102
524 -59 4277
-5579 -6573 -1089
-8402 -4045 5558
9066 1703 5649
8986 9443 -890
-6702 -4619 3012
7560 6331 6883
-4081 9445 4525
-3106 476 -128
-6395 6932 -1986
-8128 7747 -4535
2108 -4516 -4314
-5286 3083 35
5017 8329 8510
-6909 4606 4349
171 -5907 6040
-6505 5304 -4255
3767 -3284 3542
5349 -8980 -889
8344 -961 -7506
-8628 6401 -9718
7468 7070 -4452
3754 -7806 -9791
1127 7168 -1236
-642 4135 -7476
9075 -1262 -2173
7778 -5798 3226
-5227 1580 -6272
-4263 -4097 -6105
3662 -9477 -1733
3760 -1655 7628
652 2426 -6555
-1569 4538 -8164
8811 528 -2397
-3501 1617 -4125
-354 -9130 -3928
8300 5092 7674
-6205 -4549 -5058
2137 -8748 -9074
3497 -8892 2135
7967 2616 6829
951 9570 2890
3607 3793 9051
-4435 -6689 -7032
-5835 3525 -4203
-7003 -745 2576
5224 780 -2576
-4381 -7631 -2664
-2771 -3985 9174
3055 -4419 6299
1560 -1542 8075
-6852 -7789 1054
-9539 -4491 4363
6491 5857 -9830
9612 4032 6259
8886 -2482 -6963
-7700 -7913 -3899
-2598 -5690 -6677
6141 -2655 -9107
5075 1461 9942
8852 -7979 -1332
-9978 -4152 9519
6155 -6951 -4598
-9685 -508 162
4322 5503 -7352
8148 4831 -8114
-3091 -3310 -8605
-2761 503 4853
-7908 -6832 9997
2662 3944 -8877
-5511 8176 -9367
-856 -7437 1380
9557 -1236 4447
-6938 6408 -9966
8753 -370 846
1096 -7360 -5564
-6123 -8745 -4415
-6350 9440 -1571
8088 3926 3017
-6478 2749 -3233
8284 927 -5057
4939 4425 -6428
2635 -3571 7336
7059 1172 1299
-2440 9554 -709
9674 5538 -4881
4566 8590 6508
-9148 1213 -911
-4320 8455 -2341
960 3369 557
-7630 3188 5225
-4438 9532 -9551
6369 -6481 -5888
-4578 -8755 -1330
246 8910 -9062
-4777 6213 -3650
8792 7090 8665
3365 -1122 -3932
-6805 -6439 3054
5577 215 4251
-4677 13 -8047
-879 8744 7
1712 -5485 -1605
2362 -9646 2695
-500 -8549 -2548
4846 684 6004
-5717 1040 6801
4388 -3489 -2143
-2759 7916 5210
-1246 -659 -9015
6968 -8558 5394
-8983 4095 -5907
-1827 7410 2051
-5640 -5703 -8195
8938 4450 5920
9083 4465 -5838
-365 -2726 -7737
-393 -3415 -1369
-3612 1830 -2263
8915 6985 1363
-1551 4917 -397
3681 4873 -6167
-7346 -8856 51
-7066 9574 7421
2548 1034 1850
5359 4212 -8983
-6062 -4124 -9016
-7189 5162 8309
7844 -2991 -1396
-2666 -9421 -749
970 -7084 5541
6158 9147 -2074
-5470 -7751 2356
6702 6619 2978
-941 1025 8233
8604 154 1866
3473 -6293 -9105
729 -7079 -778
5175 -8027 7588
9748 745 -1207
8902 -6476 502
7012 3405 8416
-5912 -1916 -1167
1847 760 -9051
2882 6682 9011
-8575 -593 -9615
6281 -3947 8169
9300 -3991 3648
-9356 -9077 7785
6134 812 -6029
-1689 -3076 -7248
-4000 -5040 -6419
5228 -7790 9445
-7543 -6176 4576
-2402 9789 -5767
-6389 -1483 7851
5029 1728 -1743
-8658 -8049 8823
8986 9126 6275
-7700 1092 -388
-7805 3100 -7422
-4357 2297 -9583
4009 -1459 -5937
-224 -521 -699
6081 -9734 -1336
-8820 5309 9220
-6047 -8485 -2679
-5811 -3277 -3491
5181 7741 -3401
-3072 -4395 809
8099 8058 7837
-7291 4023 -5818
6944 -4033 -8477
2841 -8100 -8869
-769 -667 -1353
5562 5361 8827
2995 2658 892
1500 -2324 -3625
-808 -244 -3621
298 4956 2744
6544 -6098 2235
-9941 -7816 -3242
7997 -8219 2296
3274 -3548 1095
4011 8787 -8372
8065 2567 704
-9161 6716 -5987
-8367 3284 -5054
-3295 -4718 1383
5397 -489 -3177
-2596 593 -7979
-7579 7179 6437
3053 -6875 2384
7404 7157 -5635
-4450 7034 3732
8862 -5440 -582
9056 6977 4024
-1402 5735 4233
283 4922 9471
-846 -6543 -6267
-7391 -2584 -5902
-6938 8068 5552
-8986 -7982 6540
-1509 5314 -9596
-2925 -2898 -3080
5967 3916 1140
3090 7872 -254
-1738 -9857 -63
-6012 5137 -7212
9132 1111 -7251
4071 5337 -1572
-1783 -2980 -3055
-2820 -3125 -8961
-2441 -4780 -7174
8974 -5163 -6521
-5732 815 -4743
-63 2355 4407
-9840 -9128 -4601
-7274 6598 -8252
-9350 -1927 -3952
-6797 6550 1690
-141 9390 -3313
6156 7197 2806
-8108 1494 6245
-6408 -7873 8573
6629 -6969 7475
9197 5362 4233
2554 7769 8649
-7559 -164 -5579
-7346 607 5793
7583 4577 -3860
8517 4635 -2510
3048 9778 -2179
-2832 7626 7153
-6956 3038 -1432
287 -2964 6171
7137 -6940 659
-3945 -3622 9406
-7298 -901 -524
7077 -2948 9092
-8056 -7909 -5774
5704 1532 873
-1284 -1358 -2422
-1628 -4533 6963
-5724 5889 6129
-4331 -4826 -7866
7284 -8230 -224
-9964 -5660 2825
-579 -2245 9088
-5076 6028 9711
-3688 1556 -7898
8268 6731 -5787
-3004 -1559 1465
-3743 8573 -7359
-5496 1538 6298
-3934 2917 6807
5677 8556 -3124
4191 6574 -1243
5854 -6158 3849
-6559 6569 -7446
-5123 5286 5320
9652 -7198 -3113
-8880 760 -5863
-8975 9990 -2829
-7033 -6134 -458
-193 7621 -3323
-988 9019 -4369
4868 -6510 837
-7013 -6110 2710
5748 5342 1284
7945 7938 -8011
-7011 -349 -1232
-9923 -3393 -9609
6153 -9268 -8594
-906 9947 9830
-8867 7883 5796
1751 -6960 277
-5165 1429 -9205
8175 -1737 -8177
-6146 9948 -6892
-4008 5572 -3005
7312 -5276 -6531
-5656 938 -8203
-1284 -9927 -1560
-8929 -1414 5533
5615 5712 -2962
-6161 2118 -798
3847 -4216 5816
-4408 -1751 -7940
-6362 8624 690
-4486 -6192 1074
6736 3230 -4371
4941 -9357 -8509
1956 9829 -7123
-2057 4762 2679
9641 -6655 8113
-600 4494 -259
-3404 -3205 8683
4956 141 3870
470 513 6890
9808 -1589 -2080
-3484 -7244 2376
7528 -8367 -5420
-5296 -9771 2281
-3084 -1285 -2058
-2666 311 -245
-7985 1502 -1726
-4862 -1423 -5480
84 -9983 -365
-9095 -8304 -801
-6852 -2401 6587
1981 -4807 -9371
9947 -3656 160
-965 9572 -8109
998 9505 -8217
8341 9077 -3974
1299 -6753 2798
6779 -6716 -7205
5720 8426 5803
6209 -9847 -7099
-9370 4931 9627
8011 6310 -715
-8402 5205 8610
7239 -4277 -812
2886 8540 -8000
4051 -2660 4948
8938 -567 4445
1322 9007 4978
2603 9352 7126
4875 -6204 -9063
-1322 -5046 6830
6264 2689 -3151
9361 -9602 8729
-1306 3596 5120
-3096 -7924 -8572
1492 374 -7039
-7863 9421 7733
-2998 730 6381
-223 -4790 -1280
3857 -9491 -2128
-2870 -2090 1308
-7668 -4318 4290
8475 9593 -1883
-9973 8288 9175
-5630 -6138 654
8452 5074 -2901
-1736 -1402 1863
-6232 4392 -6001
-4970 -8108 6190
-9305 -9384 -627
-1521 1455 240
6972 -2370 1647
-817 -8234 -6443
-3178 -3863 7508
3276 5759 -7774
-8515 4512 8802
9564 9184 7429
-451 2214 2244
1204 -2328 -4937
-3929 -7021 7351
-5556 -888 9522
-1877 8619 3863
-1432 -6222 -3338
-6653 -3177 6326
-8038 -846 5200
-2595 -6764 4243
-7676 -1119 3175
-7119 -6989 -5996
-1773 70 9002
7870 -2142 -3246
-6996 1797 8145
2740 8803 2185
-2760 1314 1129
-4827 -111 -209
-3641 1556 6719
2783 -1547 -7415
-3563 -9799 4463
2177 7645 -2622
-290 -4330 5094
5990 -8794 -4248
-1873 1390 -5935
2394 9627 4900
-9016 -5552 2543
-5893 727 -5463
7862 -6209 -7449
-6456 919 1152
6880 2718 1982
7175 6714 -7872
2135 2343 8349
3527 5461 1840
-8587 -1007 4843
-6930 -6394 4043
-235 -4794 4236
-2028 1962 -9036
-4570 5693 -2969
-2204 -971 8445
277 7501 615
1719 8843 -8208
-9333 -3297 -3449
-1551 -6987 -1669
1489 4986 6996
3277 9137 7774
-6220 -4849 6666
-1853 -4188 9474
-8247 -2548 2689
-4532 5075 7069
5634 2434 -95
1186 6465 -70
8915 5688 -9537
1969 -8623 -2612
-1732 342 -9356
7894 -3800 4628
-6527 5958 -9237
4307 -7775 4287
4979 -9435 -5752
1836 713 -3241
-3129 9393 4972
3087 -8887 -9388
2318 9446 3716
-995 -8571 -4098
4551 1772 5531
-6278 -524 393
2096 -1713 -9009
-8917 8919 1718
3996 -7466 -9409
-9675 9040 7145
5772 784 -4368
-1038 -4692 7071
-7779 4513 -600
-1457 4398 9276
1792 -5545 -8958
-2837 8012 9928
6525 8345 -9440
-5704 -4705 4242
3185 -8469 1763
9068 -3576 -4572
1590 -3532 -6045
-5637 8335 3602
-7943 6140 6494
-8079 -9436 -3732
5989 -9835 -5377
-9929 -3097 -9332
-4326 -5500 4385
9046 -8290 1296
-4051 4768 435
-8806 7031 -9174
5217 8886 1375
-422 -2881 9166
-1454 -8757 -3984
7697 -1227 -6318
4484 8486 -1319
8803 -4710 3468
3675 7468 -6693
5864 6178 -4248
6644 6081 8344
9616 3531 1349
-1530 -4585 -777
167 -6705 -5062
-9508 4872 -994
-1245 -4505 197
-8827 -160 4960
-7571 -6065 7008
-5345 1201 -4134
3156 -2470 -9977
7110 9549 5138
1341 -5487 2415
3888 -7414 -134
1658 -9598 1413
2402 6776 -9244
8942 1261 3956
-946 -6578 -3551
5840 2194 716
9302 -8207 9686
-1140 8351 -1631
7442 6967 -4509
9175 194 -6935
-7857 -352 -2418
7568 4977 3768
8725 -636 -8219
7923 -3911 6235
6825 -6209 2444
-3167 -9781 2432
-9249 -1847 -4177
5082 -925 -9484
-2419 -1781 -302
9026 -1597 -938
950 2451 6530
7988 515 8946
-8776 3102 3272
-6416 2808 7335
-8382 5966 -3778
-8894 -4692 -2772
-5146 -841 7610
-6396 -7149 9037
-7482 5657 4897
2095 -2682 -4408
-5283 2401 8476
5169 206 5216
-28 5168 -702
9457 -6503 8510
-5506 -9516 -7145
-2824 -8758 5366
3098 9257 -2263
7021 1449 -3164
-7524 1756 5471
-9797 8842 -9769
-1501 -4893 -4878
2788 2490 -8169
3534 -4829 2662
-5476 -7457 -6065
224 5392 -1053
890 4389 6926
-9127 -9641 6307
6035 6995 6350
-8030 -6161 3819
-335 -8813 -2605
-3579 9805 -5304
-5218 -4212 -7951
-2200 -2164 5616
9164 7444 5914
-6125 2617 1408
775 -6226 -9194
768 -1657 418
421 8255 -8818
8660 1960 -10
9922 5700 -7035
4651 8018 9615
-5527 3728 7848
-4456 -834 -1869
-3476 1180 8221
5818 -9675 8398
-9617 2878 4096
-2502 9253 -8845
-6499 8935 -4238
-3245 2433 -8617
-3000 -1560 9057
-6717 5568 9395
7581 -914 -5734
-253 -2563 -9484
2464 9803 -1931
-3727 -8323 -9729
1586 -5164 -7079
6327 626 7545
-9066 3150 5473
1922 -4784 9731
-9380 8861 -2403
1649 -8722 -4088
3181 -7185 3816
5161 -9337 -1623
8423 -9344 4142
-6733 46 -6311
-4252 -7769 1006
7577 -1237 2068
7837 -4434 -4949
2263 -6931 2838
-7683 -8464 9486
-1743 -743 6192
5868 -1857 5399
-9969 -8567 -5236
2074 4426 -2751
-8908 9881 -8996
8193 -5732 -7223
-1729 -5445 -823
-3679 -4373 2511
4414 -7695 3555
-7948 5300 -625
-6404 9649 -9312
6109 922 1731
-8691 8734 6468
8339 -9295 -6332
-5720 7929 -8129
8537 -3302 -7510
3025 1902 3356
-5449 6242 7014
2759 3980 4211
-6197 6622 6382
476 -970 -1056
-690 489 6194
9826 5882 -2111
6154 -2030 -355
-6166 4500 2084
-8595 503 -8372
-3912 -2365 -1783
-3074 9625 -4979
-5890 8096 -7002
-9050 -14 -2651
-4512 -5807 -3440
-5969 7150 -2766
9769 6282 -7105
-8755 745 2155
-6994 952 1620
-2070 -4871 -4647
-5458 -5982 484
9201 9151 -6909
1621 -2402 -4490
-3086 7108 -3686
697 6176 3298
886 -4290 3774
9519 3604 -7712
1238 3162 4294
9987 7984 9813
-9135 8733 -555
7400 8399 7609
9865 -3650 -1295
5541 -1188 -5362
-3480 -3592 -4694
-1158 -7283 6803
80 -7081 1837
46 -2434 -483
2847 -1161 4998
7397 -1432 -7819
2209 -7615 -136
9616 -6497 8077
7983 8925 4333
6283 -8052 8075
5245 -273 -6077
-7782 -4522 -8415
-685 1524 -8782
7045 -7888 -989
-4381 -5948 -5184
3192 -3478 5391
8228 3109 -9794
-303 5052 7067
-5798 2808 -4028
4177 6452 -1199
-6241 -2650 4181
-1466 8715 -7615
6989 9851 1427
-1239 -1348 5932
-8347 982 9645
273 595 -9418
1174 -16 -6832
-9083 2559 1466
6306 -3438 5032
8568 -1733 8089
3257 9428 -5973
1412 -5320 9741
-5144 6484 -6534
9725 -6333 2579
-9580 5419 -643
810 6341 4918
5047 -8297 6469
2260 -5526 -951
-3885 9791 9472
3188 7114 5193
-8366 7455 8271
6877 -2113 -6500
7920 3636 8816
-6271 9516 -240
-1621 2701 -2152
-8988 3713 8401
9066 -1837 4630
3708 1833 -3803
-9840 5594 6205
-5522 814 -9941
2390 -4984 7739
226 -2703 1731
-3923 -8780 -8010
-1641 -587 -168
7913 6298 3899
70 2087 -9130
5700 -266 4879
9928 -2301 -1594
3975 88 -3241
-6576 -1207 3710
-3678 -8828 -8676
-6104 -6633 6234
-7108 -2010 8430
6940 -6102 8116
2752 -4818 4382
9431 3541 -4707
331 1193 3363
-3022 -7697 -1102
-3343 4556 417
-8371 -2667 -9046
869 7229 2193
-571 2905 1443
-4953 -1819 7956
9406 -5973 5871
-1379 -9776 -4816
7670 -7123 2991
-9532 7799 -5828
5177 -3204 -9895
5263 -3517 -3295
6789 -2385 8073
4634 2612 -4558
7718 103 -6391
2633 -6855 -352
6079 5199 -187
-438 9333 -4492
4826 1028 -9073
878 -5697 -3937
-138 5360 5643
-2683 -5133 -7828
8412 -7474 -3827
-6 101 -8061
-8339 7980 4954
2594 3621 7036
-7639 3928 -6742
-5738 -8000 -5770
8116 2308 1751
1669 -811 7013
-2229 -6200 641
-8621 -2067 1936
5393 -6159 -4540
3031 -6071 7872
-6601 6361 -1342
-1711 -4664 6880
4473 -9051 4185
2780 9018 -62
6029 3323 78
-9335 -6353 -9283
-4246 2633 933
-7388 -7383 -1242
173 -7186 -8112
6757 -5798 9427
6922 3877 -5277
-9167 2625 -6165
4887 2689 -5959
5291 1477 4962
-7183 8778 -2589
-2692 346 -3409
117 7787 -2261
-8587 -5301 9337
-6969 -8690 2593
-5270 -2966 -5794
-5719 -5717 733
229 5409 5870
6119 -1940 -8289
-8729 2759 -1004
-9155 -2797 1633
-2204 5459 -5388
-1835 -66 -9509
3020 1659 -1926
-4361 -8194 2789
9243 1659 1507
6443 61 2291
352 46 -986
-6332 -1896 9271
-6656 1637 -6654
-4895 -9229 3971
-5053 3128 -6554
4501 7555 -3525
-5096 9941 707
-759 3056 -8078
-5702 3846 2317
-4784 -3937 4730
7826 5150 4239
-5878 -7362 5477
-115 -333 -4689
9977 4827 -9084
-2591 -9035 5536
6275 8661 6286
-4364 -1989 5457
4393 5622 4595
4569 -5305 -2222
-5951 2917 -8032
4877 -9738 863
602 -681 -4681
8913 -4639 3759
-8882 358 5799
-7574 -7352 -9676
-9048 -6826 3392
-361 3046 -7670
-6926 2941 6934
8574 -5306 -9730
-5784 8626 6312
-2293 6220 7914
275 2332 7922
-7400 -3433 -5333
4341 -8966 -2218
-9036 -6286 -8605
-3989 2805 -5006
-2194 -5460 -2141
5036 8241 1670
-9550 6303 5089
-8948 -6723 9429
-2967 -6675 -2950
-7114 9498 -3744
-3871 988 -1647
8280 -7889 -6412
-1818 2009 -7066
-9858 8449 6105
2872 4178 44
7758 -6178 3162
-4656 -6409 9637
7474 1289 -8127
6907 -2981 -2747
-4082 959 7562
7486 -7606 -7111
-3223 -8229 -2403
-9922 -5165 -5987
-1216 6699 -4584
6932 7594 -9924
5737 -7907 3493
-9569 3596 6161
582 -1639 -230
7390 573 8786
-229 -1950 -5374
6235 -6883 -6306
-5086 6930 7088
7194 1671 7846
-5118 201 5532
-3962 -8275 -8219
3262 -1559 -61
-2557 -8838 5107
2151 6062 5061
5260 -9230 -6721
-246 -2044 -5722
-3288 -2737 1835
3948 -5748 -312
-765 7520 -4652
-2325 7493 -6891
-8331 8692 6435
-1621 7146 7072
-711 7342 2753
5299 -2398 9316
2235 3696 5034
-127 -6583 6175
5712 -4027 -4611
9698 -2702 -9809
7342 1566 4541
7629 -6022 9083
-3647 -9876 -7243
8632 -6265 7758
-680 -4071 -139
-6114 -7604 8751
-9072 -9685 4483
4092 -2995 -2380
-5232 9766 3014
3970 7318 2036
5210 -2686 -4706
4307 6415 -8804
-4621 -5680 -2979
9993 -4323 -9225
-9337 7869 86
8164 -7351 7173
-596 -2654 9086
-8094 2075 -3616
-8030 -2025 -7289
2307 5921 4261
-5908 5622 -1161
1189 -7433 -6905
2949 1079 -5168
-8072 -6500 -2090
-7460 -534 -338
7936 -6132 9279
9787 -8418 4232
5385 -6719 -4976
-2943 5754 6348
9 -8240 7639
-1667 4326 9226
-6006 5934 -1763
-9735 9620 -3796
7968 8311 -8198
-9153 410 -3903
-9405 -7543 9883
8325 -8073 -9692
-4319 1367 3102
8170 1070 -9188
-8482 -769 8337
-2764 730 7048
-4820 -4051 4285
-3161 -7841 -9830
4516 -483 -1694
-1242 -3725 -1284
-6767 4451 -8281
-2238 -2648 2479
2811 7880 -6828
8061 6131 -6768
7824 5046 2094
-8325 9423 -2893
-8946 3408 4212
-566 175 3382
744 4369 -3427
7073 7125 -2004
9372 -9565 8529
4852 9663 -3120
-608 -3261 5447
1183 3184 -2106
-5025 -8052 3074
2049 -1851 -9642
7001 7099 6659
9181 -4917 -3145
-8366 6201 1262
-7464 -366 2198
66 8768 6139
2956 1243 4772
8572 1967 3177
8715 -6033 898
-9567 2363 -179
5286 -6620 4698
-3676 1034 -1451
4755 -4617 8768
7833 2846 4198
-6717 3349 3492
-1531 5210 -6738
4777 -2058 5744
-7768 2866 7548
933 6663 969
4815 -5091 -701
-7251 9260 8426
2647 -5441 1556
-2581 -2484 4635
8241 6494 4560
-2872 3636 -1501
-6240 -6720 5818
-7430 9379 -200
3139 8001 -4029
-2701 459 -9717
2214 8381 3317
9959 -6059 -2640
-8155 -9160 4336
-2797 3014 -4175
-3646 -1217 -2456
-2595 8893 -5189
8468 -1265 -8253
-7458 6335 2470
-5642 -5476 44
-9213 2499 8799
3660 -6630 -4807
3365 6496 -4564
-8139 5740 -8314
-4662 -7526 4998
-3527 4208 -9765
-449 -838 -5995
7703 1259 -4953
6906 -160 -3527
7308 -3961 -216
-9090 -3674 -1579
5708 -5404 8978
-2280 -5333 1285
-7038 -237 -5643
-3364 -2687 8779
-6453 -7949 -5030
-3110 6465 5568
-1685 8632 2778
-1422 -2958 7205
-3867 -7006 -2605
6641 -1754 2331
4917 7031 -1593
-321 7879 3140
7432 -5371 9161
-6282 450 -6708
8033 -7971 -7710
4096 -2025 6627
-9537 -1828 6933
3418 4610 -8002
858 3827 2360
7215 -5839 4988
-8726 -7176 -8620
-2425 -8568 -4270
4941 -3992 7568
-8337 9207 8261
-7313 1023 8622
-6862 611 663
-188 -7666 361
9947 -6657 3716
6086 3653 4751
-5421 1533 846
-675 -7389 7114
2663 -9644 6061
782 -1325 6389
1741 3467 6531
3850 9952 6953
6507 4928 4074
-6236 3417 -1936
-8499 3513 7878
-9411 8807 -6782
6146 7859 9381
3993 -3959 -186
5920 5731 937
4963 -2760 -2629
4689 2017 5468
-6520 -4663 1324
4321 -7467 -9266
1750 8429 6367
-6477 9274 8736
7137 -7349 7274
-8680 -6517 -8600
6858 1727 4166
9154 -4645 -5684
-5586 -8830 8366
9078 -2845 4389
-8548 -2862 -1963
2248 -4113 6415
-6133 1949 1332
4370 -9418 5235
6725 -3800 -6765
4692 -1474 -5036
8875 9147 -521
-4170 9279 -5907
-2833 -1488 9723
-7836 2996 -8889
8836 -9486 6587
-1537 -6326 8562
9747 8979 -8832
6990 -7699 -5656
-8376 3310 -4536
4625 1376 -1439
-7996 5720 7275
7267 -5729 -1777
-1937 -6749 3982
9991 -3607 -4087
5441 -3055 9323
2405 -7468 6665
4633 -6485 -425
2358 479 -3025
-8801 -6247 -2656
-3090 7775 -6447
1205 -6722 -7144
-7366 9666 8833
-415 2829 8606
1521 -9654 2189
-7016 -5922 8430
-1706 4418 -326
-6049 -447 -969
5006 -1862 3382
-442 -562 -4789
5517 8214 274
4823 4180 5245
-3142 1297 -2576
2030 -4967 -4137
-7051 -5134 -8791
9224 9894 -8719
5737 -7224 -5101
5996 -7294 -8875
-8276 403 -2967
-1512 6057 -9568
8884 -3970 -1737
-1804 3285 9827
-2228 -3091 -3805
-5483 3699 -146
-8683 -1950 6913
9287 -1007 -3849
-3449 -3179 -4558
1556 1880 -3986
4271 3082 345
7956 2806 3288
6552 7997 -4542
-5466 -3560 -3150
-2090 -1064 920
-1400 -630 2976
2956 -6174 -5283
-9450 3038 5954
-231 -5054 -5942
835 9460 2279
-7055 6832 5705
8084 -4768 -7391
-1906 -7136 5573
4830 5170 2505
-7388 7412 9736
3823 -6149 8293
7777 131 2150
1015 5958 -2355
-9450 6986 4043
4986 8159 -5296
-3230 -333 -6656
9356 163 5177
-6929 -6430 -4026
4203 -2213 -3666
-3768 -8092 4352
476 8660 2665
-2780 -6236 9523
-8622 3388 -5673
-5341 -400 -5047
-2929 -3892 5525
-728 8050 -4461
1387 2297 -3931
-9923 2039 3732
321 6277 -4337
-8253 -5888 1858
1842 2061 -7114
-5520 -6882 -783
-1177 -5272 678
-1621 9773 -9230
-1646 2348 -6053
1594 -9414 6691
1674 698 2615
-5820 5932 -382
-8752 1239 9337
7561 -2790 3235
-6171 -9757 -301
1408 7847 -8675
558 2979 8530
2160 3709 -9229
7451 -5298 1512
-8604 -9766 7532
-863 2382 6519
-1037 9020 -4004
-7355 8178 6303
-2691 -304 2820
-7355 -1108 4841
-6800 -7881 -8610
-3610 8468 2037
-5677 6677 5505
2181 -8606 -6757
-2922 9458 -4046
3791 -6427 321
-501 9624 2489
-8626 -3567 1790
-9112 -8725 -7631
-3295 -3791 -1262
-9750 -7710 -5895
-7484 -1568 -3219
7894 -3675 -2309
81 3515 4848
-8559 4788 9030
2644 -2735 7971
-8556 478 5897
-6680 -6169 2598
8117 -7948 -3785
-5405 9060 -3629
-1556 8540 2108
-4286 8019 9414
-147 -3486 -7921
-1221 739 -4845
-5491 -7849 7835
1910 -3222 1883
-5327 -8322 178
7265 -8734 3409
6170 -1677 -5856
3566 209 734
6237 -6447 -2953
-1704 3813 1333
2274 8128 -5832
-5484 958 -9211
5404 -2763 7822
9535 -2517 -850
-2943 -5174 2650
9041 -4364 5304
-1608 -5883 -7669
-8201 5315 350
-8273 -9538 5970
5968 -2448 -6315
8775 9774 -3681
-6999 -5560 3692
9836 -7379 -3808
-484 479 2203
-2384 -7159 4768
1861 7481 -8265
-6346 -14 4784
4425 -5284 -8042
-2467 -5588 207
-8564 5547 4596
6331 3635 -2516
-6314 -8830 9671
8304 4439 -1201
-5997 -2254 7426
5733 5640 4917
855 5508 894
6034 5359 5818
-9256 8041 4090
9933 8918 2232
6760 -9108 4624
1467 3762 6470
6266 -7502 -3571
-4381 265 -4746
-1971 -537 7624
-3219 2888 1165
-8345 9832 418
7529 2357 -1572
3860 -99 2193
4274 9350 -3009
-6456 -8064 7046
2281 -4996 562
-4939 -5815 4742
-3583 -2493 6064
2342 2921 -8705
1782 -6421 7542
4182 967 -1832
-8670 -5785 129
-8231 -1069 -1867
-9165 -1832 -1451
6202 -7843 34
-5122 1184 -7517
-8267 -3984 3946
1129 8345 -61
5709 -1540 6569
1982 -8395 -3306
-5017 1809 4532
-1415 4476 911
-2018 8450 8921
2582 7220 7153
8682 1292 7553
7060 3578 1198
9497 7081 -3967
5620 289 -9541
8006 -3175 -3432
9965 6787 -2688
-4686 3123 -6177
719 -7149 1737
-7252 -7961 -391
-1757 1350 -666
2203 -6860 -5851
6915 -4115 -2105
2780 1527 -5221
7847 9728 -9928
-9303 -2764 3088
-9633 8779 -1236
8926 1345 -8641
-1799 -6816 -5916
4622 3948 -4446
4560 -9213 -7222
6516 -6977 897
-5687 5126 -9778
-5023 -916 1504
1124 -7066 -6063
1662 832 6353
-1106 3171 4230
-6986 4644 4625
-791 7953 -7687
519 -7467 3196
-1570 -2481 -3436
513 7676 -3922
9525 -3915 9131
-9443 -7093 -3498
-5940 -844 -6078
5870 -6444 5764
-5997 4767 -6245
-2660 8945 -1691
1088 514 -3146
250 -4805 6731
-8521 -4749 246
-2149 9126 -7517
-508 -7588 8798
-1787 5070 -7846
-6827 4589 2795
-3273 -1414 4380
-9453 7372 5519
-6315 -5717 9157
-656 5777 7846
-7026 -6071 1253
-5735 -5909 -7116
-9489 4835 9204
9925 -6085 -2297
-1848 4984 -578
-7347 -5641 8827
1680 -2465 -2766
-3525 8812 1298
1548 -9730 5101
6917 3253 1038
-7125 -9733 6869
-5184 -954 385
-904 9195 -7541
8974 9695 5815
-5746 -5014 8524
-4947 -2486 7159
-1656 -5721 -1887
-8231 4072 -1226
1267 -8925 -9111
9724 -6476 -2236
-9309 7253 9166
-1113 9409 1274
3089 9000 9690
1291 170 -2757
-1489 -3221 9921
2197 3430 8393
-8122 2046 1944
-4214 520 7344
612 -6626 9816
2026 -4822 -3113
-8732 8923 -479
-5745 -3732 -6488
-9017 4773 -6797
1527 -6916 3462
4524 4644 2819
-2814 7792 211
-6277 3593 -9886
334 1496 -6419
2170 -7324 5864
-6836 -3990 -5786
4634 -4478 -7111
-4251 -9293 -6861
73 2290 -6942
6566 -3782 -2782
-2268 -5694 2059
-7568 -5280 -9141
-9055 4374 568
-5172 1348 -7699
5107 449 1951
-161 3803 -8016
8095 9840 -1625
-3939 -8060 -9751
3915 8524 -6813
8356 -8862 75
2687 1806 5714
-718 566 -7459
3907 -6101 3493
2033 270 -1180
-2781 8753 -5516
-1751 9322 -2340
-9402 8144 5753
2498 5264 625
-5186 9100 -938
1639 -4083 2906
-1773 1478 9361
9714 8825 7448
3302 -7650 -9022
9144 -299 9725
5107 -6930 -80
9737 -506 -3550
-1366 412 -6550
-9674 -6480 5348
-8440 -7551 -2883
-658 -6528 -9383
4490 -4398 -4932
-7404 -1448 -4176
6949 1779 2606
-6873 454 1959
7858 -8912 -7861
5873 -366 -6548
5022 7206 -7911
-4560 -4319 -3345
-9833 4612 9249
-7403 -8977 5124
6088 -2377 8965
-831 6875 -4868
920 -7491 4596
2421 6332 -1996
1613 -2418 -1665
7507 6695 9926
-2432 -1095 -1744
-4667 -5806 -8180
3612 1539 -2218
-6114 3139 2153
-4497 -8047 -3047
-6217 4018 -2207
800 6732 4046
4605 7584 4053
8419 5515 6818
6748 1421 7546
-2695 7264 868
6300 2837 1100
-9478 -6737 2081
8029 3578 -3770
1416 7430 -6637
-5497 -7847 -9559
-2298 -2560 5482
2500 9471 7409
6583 5724 -3486
88 -2759 6232
-254 8950 -6878
2106 4345 -1820
-9610 5217 -9933
7407 2389 2864
5063 -9258 2449
5131 -5641 882
8748 8946 -8745
-6430 -5071 -7368
4379 -5258 -6776
6637 -6854 5843
761 8372 9138
8108 -5812 -1638
4306 -7860 -848
-7189 -1405 -1190
-9460 2562 -8339
-4381 5255 -6612
8711 -4318 9862
5167 3500 -5772
-2848 2796 4314
-5057 -3854 3050
2217 -8041 -8350
-4511 5732 3151
6632 -6320 9049
-3412 4831 7057
5624 8594 5313
-5719 -3405 -6722
5766 2764 -4090
-6036 2747 -3076
-4269 -3941 2924
1221 -3765 -3272
-4509 -8642 4988
-6725 2787 1124
-3723 5432 -1321
6980 -8770 4554
8857 -5663 -22
-4703 -3938 6839
1081 -5275 9609
-2071 -9995 2695
3176 -9751 -1785
-3528 3912 -3080
8614 5799 5405
-8232 1775 -9509
-362 -3345 -6973
-1069 -3548 445
5063 8381 -7626
43 3657 -5563
8239 7358 1224
-2839 6326 -9040
-6283 -6735 -2923
9451 -4466 -9529
6257 151 -64
2310 7317 9056
7442 -8446 681
4840 -5505 -6336
4772 5062 -1281
-8837 1480 -5726
491 7834 9473
-5061 751 1010
-8518 -7569 9318
504 147 9137
7984 -761 1407
-2952 -6029 -1579
8446 -3625 7793
7943 841 3547
2783 -1040 9993
-6559 1400 1494
-9529 569 3687
7153 4972 8415
887 5261 -399
-2634 45 -4284
1029 1266 8164
4155 3144 -1369
-113 0 1770
-8814 146 6504
-8744 -2069 2513
-2891 5827 6947
5704 -1524 -7122
-1534 7139 -1074
-8770 -8541 -3118
-7260 5986 4300
6615 -3032 -9090
6565 -7600 -3589
2513 -6887 6560
9827 -8398 46
9710 5390 -3133
-6528 -635 3600
2757 -8833 -9548
-6127 -5194 8462
5448 3830 -2416
9915 -967 941
534 -3978 863
-7095 -7738 -2445
-4967 9105 -270
-8902 -1430 6354
9731 6704 8804
-6876 305 771
3093 2005 8844
7167 3732 -3361
-9780 -9601 -9016
1077 2425 -1965
-1630 -7308 4071
-2743 457 -344
8869 5985 9191
9575 -2389 4919
3346 1410 -2771
4812 7796 -9482
7728 -6449 6317
-1668 -9127 -8594
2284 -9941 4789
-1804 -2413 2931
4898 -8643 -3185
6325 2340 -9168
3481 -5794 -6135
70 -9445 2689
2515 -8691 -447
-9569 -1675 -9600
-8211 2341 9556
8161 5253 1180
-8456 6255 -8970
9587 -2858 7849
-3593 6323 -99
-3380 8165 -6746
-4149 2522 -7977
-2420 -8959 2686
-5899 4367 -6719
-8147 -9922 -498
-1096 1904 -904
-2607 -7164 -1538
-6475 715 -2110
-7507 -8023 528
-9885 3704 -1221
-729 1981 -8731
-7799 -3722 -1919
221 6611 -7639
-7298 -9639 -8370
-2261 6953 -108
6579 -5255 9109
-7965 4448 -9956
-8276 -5720 3632
3197 -5944 -2740
8462 670 792
7361 -7344 -5593
-9364 4386 3302
5830 -3801 8089
4733 -4760 -6171
-9904 -8815 1128
7198 2738 7674
-4678 5187 99
8344 -3675 -6163
-7615 -8794 3502
-4487 6599 -5446
-9253 8126 -3653
-7021 1387 6414
-1080 5552 9067
-3112 4585 7287
-7989 1259 6418
6745 -710 -4642
-9907 694 8774
-9841 -4448 -2576
-8397 4844 1901
-4792 2556 -1064
-9771 -7938 2597
-4714 -2574 -2079
-4053 -1294 2070
-3629 -3510 5558
9296 1460 -4652
-5514 2001 -5582
-496 -3741 8991
-4677 -1351 3584
2122 -6539 9936
-5798 2752 -2069
-1845 6359 -4478
2645 8393 -4622
2930 -8815 -4265
-9545 3585 -7225
9080 -793 -3438
-1392 -3964 -6077
-8813 -4343 5984
3403 -6227 -4916
-1497 188 -2002
-292 2207 2033
-9627 -2648 -9812
-3400 1431 7931
-2938 7883 -8830
-5498 -3241 -833
-8363 3362 -8084
3788 -1586 -9958
255 8790 1674
-8582 1710 -7022
-333 -6518 1383
2942 -937 -4235
-769 -5648 -1980
4018 8759 5912
-9863 -9517 -532
-3436 3045 -6793
-3602 -3067 1294
3100 4683 3575
-4837 6265 2111
-7246 5656 8898
-6026 1778 8246
-2516 -9154 5985
-3538 -7527 5201
1809 3627 4752
-6438 -2208 1836
7150 7093 -3711
4611 3242 -5272
5517 7770 7174
-5588 2056 -5826
-6489 5077 -8942
-5635 -1095 5822
-7323 2133 3416
-5432 9497 126
8434 -3587 -1186
-1383 -6444 -9351
9816 -4232 -7980
-486 10000 3988
9487 -9391 -7333
9296 6558 -2987
4920 6781 204
4426 6384 -9507
4785 -6841 -402
-9383 -2468 1709
9673 -1087 -6966
-4173 -5449 -5729
240 2726 -5573
-6455 -999 8596
4656 9889 -7734
8175 9721 2422
-1963 -7783 -7710
-9950 3828 6656
7749 5690 -5768
3668 -4214 -3663
3351 -9356 216
-505 -2172 730
5827 -2772 6205
-531 -3947 -3346
8537 1658 7856
970 6918 9453
3604 2820 -8883
7291 6680 4889
1355 6776 -9345
-9067 7787 1849
-7975 7183 -8443
6964 -9060 -9463
2484 8806 5071
-3627 -8078 5213
4235 8091 2684
909 4713 1179
-706 -427 -7765
-1192 -6658 -9440
-2878 1287 -3484
1334 4126 -1667
-6448 6243 6410
3280 4790 -9613
4596 9877 -8553
796 9626 -2881
135 2308 5517
6692 -3120 2555
-5033 -9325 7948
4575 -9613 -6842
-2281 5803 -3250
8456 -2993 -9726
2204 4829 2051
634 -166 1651
-19 -7567 -2103
-9725 -4448 -5131
2670 -5274 -2466
-6738 -2752 2267
9007 -8725 -9056
-6720 5647 1835
-7792 3368 7928
-2639 -2468 -2151
3653 -6189 411
8763 75 -771
-7793 -7276 -4395
-7528 -1 -8663
4124 1279 -8943
3105 6186 -4349
5145 -3113 9585
-680 -5193 4297
2266 -4833 3402
1750 -4514 -5475
-7028 -8047 4850
5213 9666 -8506
-482 1856 -329
174 6830 1828
5009 3202 844
-2100 -51 3784
-8605 4945 8529
1588 957 2930
-1344 5414 1329
8821 2608 3493
-8707 9908 -848
5670 3476 -765
-5770 7141 2146
2893 -1331 -1727
9054 4859 -1375
-1966 -9839 -4876
-2860 -9692 1815
-6241 4895 -1568
8644 3869 -6729
2225 8354 -9769
2361 -8375 -4163
-9662 -2573 9269
-6363 1824 3967
-2096 5777 3068
2321 9695 -7499
9173 -2489 2195
3297 1336 7423
-3854 115 -4302
5851 -7166 2506
1552 -5774 9432
-6306 -7088 4298
-8000 -1991 -6978
-5414 7762 5331
-7027 -3463 1773
4837 -2477 -1056
6009 -475 -8495
-9367 1315 -7178
3362 3163 3582
5511 -7463 5614
-4649 4752 2391
6144 -255 -2691
2623 -158 174
4903 5537 -1507
-1855 1139 3942
773 8058 -1497
2213 8782 -3612
-4415 -3915 5652
3319 -7729 6524
-2117 -1762 -9226
-1035 2289 -6421
-1633 -1138 -549
-6526 740 -9484
6233 5402 -8562
9683 -2060 1277
115 -3169 9666
1544 92 8911
-7989 7307 3237
-3490 -303 4565
-2691 -284 3989
3255 759 -1184
-4007 -39 9874
-6795 -6388 431
-3443 -7752 -4850
9489 -2267 9023
2386 -4210 -5987
1346 1511 7863
4902 470 8614
7216 9475 -7347
-6131 771 9887
7401 6249 7749
-5910 894 -8993
-6627 -7350 6579
4561 -5800 9530
-6124 -8661 -1100
2215 7060 -3042
6878 -2295 7353
-6492 6649 -6660
-6640 9900 -8588
1768 -9662 -6420
-9520 -4525 -9542
-2731 -9197 -9014
7629 -699 9837
-353 -639 -9198
-7535 -6597 -3127
-9414 -924 -3814
-8745 2105 -7718
4934 -1578 -3554
7060 5617 4850
-6374 -6393 -1479
2556 8566 6829
9642 7395 5618
-8305 941 5866
-6415 -8919 5480
-3713 -9745 -2093
3023 8591 -5032
5933 579 1077
3123 2192 -3019
3823 -4960 293
-343 -9044 7704
-8974 3320 -7796
1863 6956 6748
-9937 -121 -5350
-980 -3407 7841
3894 -3086 4948
-7527 2529 -3649
3056 9759 -4754
6758 2058 -3238
-4442 -6353 -5050
-9427 6313 3493
-3083 7248 4902
-1576 -7196 -2652
-2018 -644 -6233
-3930 -4594 -4332
6434 453 -6293
7424 -8999 1688
5359 -8385 -5728
-7663 1668 -5353
-595 -2427 8872
3979 -1157 8647
-2251 -5777 -793
7654 4787 -1782
1031 -6881 -9527
-3652 -659 2532
6953 -9792 -9699
6170 8859 -3350
-7653 -7046 -9016
-3009 8318 9221
2097 -193 825
5117 -1927 -9884
-7006 -1550 9138
7064 -4 -5537
5292 4020 63
51 -5007 -7028
-69 7479 3649
2729 -9155 -5720
9533 3703 -8094
4055 -834 -8346
-204 -2304 9324
9072 7764 -9517
2322 -4864 2087
-632 -5843 -4510
-7012 5677 7169
-2687 -5048 6887
7584 -3567 -9089
9067 -1755 -5329
-5857 -4012 -6241
-8768 -5335 -1038
-793 8970 -3264
-4952 9820 8312
5902 5708 2
3634 -3536 2533
3481 68 -7923
392 -1097 7765
8125 1404 -5909
2473 2362 817
-8040 958 -5964
-262 8997 7664
5209 4770 8401
-1333 -1511 3711
-1952 -9790 4736
1388 5384 -1544
-1450 -4468 8515
6695 1777 9538
-1390 359 -2389
2048 6281 1046
-3334 4021 5513
-4603 9414 -9063
5051 -1920 2113
4309 2856 -7383
7057 -6757 -484
2889 1740 -4823
-3541 8451 -3917
3511 4991 -6299
-6609 -1253 6357
-3589 4758 652
-3122 3791 -1845
628 1646 979
5230 5654 -3387
4576 -4572 5757
-6369 7205 5405
7411 -9939 9486
8868 974 -6391
-7048 -6294 -6209
-2069 -6382 8378
-4291 6696 4135
-4130 635 -4014
-5600 -4141 4699
6251 5679 -1401
1011 782 9099
-8127 -5635 2687
-7746 -9771 182
1565 -9505 2949
-1109 -7663 -3270
-7592 1477 -6308
1662 5116 -1285
461 -8585 1666
-5043 -4002 820
2061 3004 -5447
-1515 -1249 6775
-1642 -111 3749
-5606 -3814 8557
-6942 -7294 -6815
-2342 374 5467
7916 1192 4994
9295 -7148 5857
9488 8290 -9868
-4732 -8326 435
7424 1297 -8824
5930 2426 1033
-7015 8210 7636
-8812 -3382 8875
166 -5397 2372
1495 2787 -878
3037 -9045 3539
4231 5610 -7167
3399 -5982 74
6194 -7729 -3035
9410 6671 7532
-1613 -3832 805
4773 -1634 4198
1944 -7713 -9109
-4015 -8237 3762
-7714 -9258 -3141
-5172 -4798 523
931 880 -5837
-8849 -5468 -712
-7047 -9583 796
-9337 -1002 3279
-2259 7477 2081
9585 206 -7490
908 -8247 308
7976 -4846 -143
-7645 6594 -2308
-8552 9419 1518
-9717 7655 -2119
737 5150 -7629
-1127 -7025 5100
-2345 1579 -8142
-4577 4296 -4528
-1428 -873 -9168
3187 1501 780
5591 7405 3965
-8056 1283 -3173
-8970 -1864 1711
7137 -3229 7516
3485 -4704 -1050
2130 -258 2197
-3987 6352 1525
-14 1109 6363
1764 -8779 -3375
3675 -8703 5423
1969 -7331 4584
1 -7510 9601
-6588 -7292 6292
5821 -5102 -2140
-6528 7580 9373
-9488 1925 -7163
2224 7653 -2143
-6658 8757 5449
-6916 -1772 1348
2812 -2933 8414
-9084 -8155 -473
8439 -2293 2271
8399 -328 -1730
-5903 2207 -8449
6906 -5507 1563
-2416 9038 9148
5037 2100 -868
2057 -4371 -7111
-2180 4758 6168
1862 -615 -18
5502 6751 6741
2053 2407 -485
-6775 -3247 5743
2302 6339 -7236
5843 9039 2755
-7064 8310 -3774
8928 1865 -8964
2419 6854 -9222
4540 -2710 -2832
-1245 1144 4147
6930 -3407 2144
-4443 -6727 -9361
-7521 -1956 7786
436 5640 1188
5154 -6295 -4725
9342 7232 545
2152 1398 -9920
4687 -9928 4007
8293 -9772 3779
-3653 -3142 -8934
-2118 9788 3685
-513 -1626 5917
1132 -1664 -9372
-5813 1796 -2974
-7110 6084 -4881
-4393 -6991 -1832
-413 -9298 1400
750 -4941 -9935
-428 -9496 7668
8235 -9685 7411
3430 3693 8745
7853 -7913 -8794
-1831 7448 -1121
-6914 2898 9472
-3819 -3848 369
-7842 -3032 -8073
-2716 -1876 6862
1857 -4669 -9590
-6181 -360 2630
5240 1413 -430
-5548 -6285 -1185
-4431 8746 -8271
-9338 -1370 -9918
3722 -711 -1982
9803 -2705 -9748
-3185 -4456 -6640
638 -5852 2401
3779 -6901 8660
9697 -9117 4917
-1990 1618 1849
9901 -4674 503
-5278 1218 -4736
-8199 1414 -4085
8307 -1687 8394
4190 6167 2076
-91 9974 -2237
3723 -1229 7935
-5594 7020 9485
-7526 -1801 9847
-1736 -7954 -1151
-2805 6768 9555
-7253 5714 -4520
-5480 9759 9205
39 3799 -1413
-802 -3515 -1049
843 -3727 -4121
7622 6046 6057
8265 -1571 8074
6023 -7272 -5628
-4760 -5567 -8476
5695 -9680 -1006
2895 8770 -2330
-2001 5158 9633
-8640 9396 -6940
9870 -2368 -3591
5198 -4564 -8590
-2197 2295 4202
-9921 -6215 -8534
4635 8364 3707
-9120 -6255 702
6327 8631 -5610
9836 -9014 -9877
4036 -7028 -3281
-826 4248 -9305
50 -2322 -4293
-2795 2480 -3287
-8670 9687 -8027
-9622 -6063 484
3086 -4036 9975
9695 -1353 5354
-8745 -9562 -1297
1181 7724 -3178
-4970 -9583 8756
2994 -7309 1243
-2334 2294 -907
8666 -5246 2494
5576 2854 -9483
8052 -8528 3775
-8502 -2391 8147
-7646 2016 -1966
-7019 8462 -6556
-8848 4877 7428
2134 -6142 8239
5745 9797 -3101
-6398 -2214 -5720
-6630 251 7082
5061 -5306 -2887
-3134 -8080 2725
-1384 5109 7536
2776 773 1305
4121 8598 -9335
-1906 1852 -2745
-1867 -501 3978
7938 8917 -2844
-6426 7843 -2709
-4399 -2572 3322
-66 6462 7213
2460 4898 -3091
4530 4077 4764
1085 -1816 9661
9682 -8687 4806
2713 967 -5274
4397 3619 1129
-4853 8115 -4755
8176 -4244 -1631
-2325 -6085 7865
5853 -5617 -42
3242 1528 5548
-9268 -3973 6029
-5773 -6870 -5570
6154 -1689 -4272
-5860 -4073 -5137
-8117 6709 -7686
1236 -3085 6156
-2092 -1260 3660
5232 -110 9410
3070 8003 3234
-3579 244 -873
-7429 -5847 -358
-2391 2753 161
7291 -9520 -8029
1461 2074 1503
8979 -7848 -7484
2741 4505 -7562
7736 -7734 3185
-6361 -9704 2145
2430 -1336 7497
1181 9624 8405
3527 -8961 4705
-741 308 6956
3867 -6231 8667
-1404 6446 4082
1875 -8357 -4645
7326 297 -2258
6794 -4632 317
-395 -8038 6684
6699 6011 7446
-6145 -3786 1732
1584 1194 6082
-822 -9992 3418
-3814 -9963 -1228
7569 7559 5654
2208 -9666 8446
-9706 4845 -319
-8732 91 -9344
3836 3367 1680
3158 -7933 -6182
2889 -8036 -2733
-3794 1893 9672
97 -8708 1879
-8026 4096 -6957
5446 -2145 -1757
6910 -7377 5963
206 2993 1275
-7992 2054 -5752
-4844 6502 9708
8687 -6131 8111
9582 -9154 8834
4251 -3742 -2694
-773 4994 9986
6105 4688 8383
-468 -4460 5330
-2951 5769 -5599
2192 3967 3373
-6545 2454 -3528
4041 6029 -4712
-4504 -2153 -6237
-5694 -2658 -9512
5639 -1336 7558
-7579 1104 1436
-3047 7817 -3836
-5116 -7012 3504
-4665 9858 7592
1185 9330 7815
-7215 5260 6250
6339 5689 849
3207 1588 7458
5562 9952 1698
-2400 -115 9187
-3525 -14 -2411
-276 -3789 6642
-1205 9320 174
-7404 5430 5263
-7032 4293 7436
8065 -8316 -2935
-5375 -7269 -6132
-8475 343 -2556
8006 -3052 1361
1568 3610 9065
-2329 6293 1867
-6891 2883 8324
-3202 -5050 855
-832 -1856 -2677
6895 -9366 9514
-9491 -6967 -4547
-6502 -6799 -7527
1264 -9635 9969
1114 -8551 3097
1076 4207 6116
4931 -8453 1929
9850 -1360 9510
-3512 -248 4115
-3346 -4715 46
-1984 -2020 566
-9962 8822 1163
-8687 518 -7768
4778 -7563 -2605
-6455 7898 -7138
-9468 -7101 -926
-3675 -439 -8304
2050 2174 -2141
-1643 -1465 -2834
1559 9146 5381
-139 -6686 -328
7984 -5693 5845
4285 6521 8265
-2769 -5066 251
9718 2252 7767
3528 -3053 -9605
291 9984 -5692
34 -4831 4341
-5517 -1853 9448
316 -5336 -5309
-754 -7538 6958
7432 930 -5816
7088 4544 8496
6629 5722 3743
-8799 -6847 3865
-7720 -1307 9851
4578 -5883 4479
5549 3566 7760
-4541 -3031 220
-9693 8536 6087
5443 5287 -8222
-8802 -2645 -3131
9250 3775 8726
7294 6952 5121
6447 4575 -8273
-306 618 7420
-4814 3625 8057
-6610 -9265 6769
-6479 -6924 5927
-9682 -7837 -160
-5455 -166 827
-5483 -6847 900
9336 5397 4186
6334 8020 -7815
8571 -8027 -266
-156 4159 1800
5741 -111 -714
915 5058 -8976
6263 8014 -4568
4373 1472 8119
2009 -6876 3409
-3139 7809 4683
-3826 -3274 -5692
-1923 -5614 7721
3223 6986 9050
2804 3949 -148
1378 -3783 -4558
7233 560 -6564
-5642 -3971 9789
-6765 -7191 -7956
41 4005 8841
3823 4101 -104
8797 -5422 5211
2547 9754 -9851
-1587 -1971 5863
-8579 -8932 -2613
2977 6540 7045
8701 4307 -3279
5037 3873 -2361
8237 -5809 -4495
-5149 -9919 3742
-5491 201 -1970
2850 -7776 -7594
9349 3325 -7830
9683 -1575 -5530
3378 422 3285
7881 2329 -7674
4400 7320 -7767
5527 5217 -3848
-7223 8337 8022
-5327 -98 -565
306 9348 -4550
9826 -3358 4452
3275 -3561 -2197
7690 3816 2427
5571 -2187 -9851
1062 338 -4244
-2023 5826 -4524
5404 -4080 9480
-6188 -1034 4599
-2333 -7178 -2364
4881 8799 -9846
-7789 7847 -6194
-1606 6852 4414
-1813 -6658 591
-2616 -7917 878
-1887 5455 1652
-7440 5709 262
-2757 2372 -4260
7906 3826 6211
-8210 -4460 -5676
-8578 2915 -1903
3417 394 -2566
-2603 -577 -1310
-8360 -2815 -3539
9312 2698 5
-9684 5407 8693
7797 6882 -2815
7184 -5508 3983
-6781 6795 2880
6544 -3133 -3580
7682 -7984 -6878
4038 -5042 -8716
-2141 865 4406
220 -8197 -7906
3360 -4133 -522
1413 5942 -2951
-463 4896 -8003
7741 -791 -9132
-5006 6357 -3359
-5606 -5045 8670
-6110 -9583 3811
4794 -1249 1519
-4055 -4130 7202
3580 5237 -7623
-5469 4862 -8662
-3072 -1335 -3505
-4556 -2894 4204
7943 -9931 6386
9030 -2066 -9658
-3817 -8857 9579
-2337 245 9029
9536 3123 8584
-6615 1994 8970
-2142 -5611 -1624
4764 -7060 -8636
7213 -5088 -1769
-9671 -9322 -9611
7058 -8133 -2297
769 -200 -8501
-5460 4108 5184
-3168 -9100 6922
-4324 -1569 -5608
6045 4541 2271
1020 -8125 8941
-8277 3032 7220
-7908 192 -1178
-883 5146 4524
1841 3879 7479
8293 1284 -6332
-7790 -6179 -2891
-7047 -2330 -8368
-4379 7664 3681
1142 -9397 1394
-5993 -6731 -9762
900 -6147 -1730
-4681 -4403 2776
-4157 -2175 6600
3294 -3309 -4630
4569 2987 -6933
-5903 7586 -8836
-3373 -4146 -9438
-6570 -1053 5644
-3609 -3091 -9904
7756 4406 -6820
-497 8834 8149
-6498 5048 7530
-6304 -6606 8044
-7117 -160 5816
2022 -5335 3329
-2161 -5097 -9363
1299 -6898 -8376
-9856 -8474 5012
-6685 9319 3762
-3898 1827 -1353
933 -1723 1175
4729 -5159 -3441
-2386 7916 8746
-7988 -5936 2744
6644 -3710 1154
-9490 -1782 -2786
-4811 4208 -2522
7076 -7955 6570
-5911 3233 9463
5350 -540 8044
2268 6592 -6414
-4561 -1188 -2915
-2103 8044 -2481
-1030 -4168 -2078
-9511 8965 -3434
-5589 8907 1685
-216 9722 1131
-2295 8060 1831
-1780 -4439 8495
-1375 5509 -5317
-607 -4438 -4413
-1360 -8563 -7773
-6568 995 866
-470 -9753 6265
-1148 -4747 -6650
-8607 1124 2337
-6943 -3323 804
7271 5065 1452
-7515 3909 -5420
-6132 6907 -7061
8559 1748 4514
8571 -8125 -7159
-99 7767 -4261
1652 1724 2056
-8357 -6374 -6363
-2036 7814 2711
-8850 2949 8994
-2351 -6135 -3925
3446 6527 9636
2828 -9484 9815
3427 -4971 3114
-4567 7483 -2720
1694 3040 -6290
-8238 9661 -3263
-1845 9317 -7207
8982 147 -3572
-8314 -6906 1742
5438 6590 3077
9712 -2527 3275
3311 -369 -2596
6297 -2613 -5062
-7278 8820 -6567
-3155 6413 -5167
-377 5927 8000
2143 1848 -8727
2329 3323 7752
-4917 5018 9796
-6463 -290 7976
-5669 -1309 4644
1538 -3919 -8969
-3968 1717 -4353
1394 4924 -5870
1379 -292 -1786
2512 7719 -248
4683 2910 -3448
-4531 -6483 504
-3094 -6030 1240
9901 2339 -5779
4104 -1871 138
-8323 -757 324
-4391 -6031 13
681 -9363 -8561
3103 7298 -7631
7829 -7273 3950
-685 5205 -526
6218 -1507 -7186
-4375 -2229 2242
-4084 -460 59
2843 7950 5687
-215 5011 -8632
-6990 -5715 660
-4410 316 4137
-7958 -9679 1818
-9704 1544 3342
2243 831 1127
7582 -4570 -8829
6992 2383 -6034
4667 -9467 3858
722 -3598 1307
-7337 -4152 8622
5270 5794 -4670
-4281 5395 4039
-2151 -2971 -8646
-458 -1561 9484
2239 318 6321
3136 2430 6542
8750 -2127 -9011
-9215 3226 6439
1015 3821 -156
-6498 -6398 -7535
-6817 -6787 7397
-6924 5742 2517
229 -261 -8699
804 -1389 8170
5598 -6191 -8626
2316 -4346 -256
6263 -3684 -7750
-6045 -528 6718
-7913 2711 -6824
-2120 6971 4285
6396 2798 3828
6130 -6445 -290
6470 5973 3102
2314 3190 -2000
-4204 4578 -4271
4632 -7977 7997
9224 -9756 -3064
-365 7516 5325
-6463 -7370 -9666
8663 4592 3832
-3120 5288 -6176
2718 3765 1536
-5081 4741 9491
-3417 -5340 295
8622 -1116 1166
-4251 6856 1329
6402 2632 -1642
2626 -3258 1493
5745 -8833 8853
4421 -4576 -229
-9684 9401 -9209
-2471 -2753 7679
-2401 -9365 -2093
-9682 1643 6888
-1509 -7849 -53
5480 5818 -9219
-4520 -4488 5455
-7328 -648 -9679
2847 -1453 5510
-5150 7861 -6003
-184 -6270 7561
8957 5972 -9122
-1018 -9844 -8268
1830 5460 3128
-1738 -1686 -5210
-7574 -7489 -4496
-4918 -4295 3701
-6085 4468 4928
554 8104 1870
-9939 -5265 9223
9099 -299 -2375
9563 -6968 -6584
-9353 -257 2721
3654 9040 -1755
1505 7755 5140
289 7823 7580
-5439 -2896 5870
7341 2407 8377
9471 2271 -6750
-8360 -4887 8232
-7910 4987 1026
4402 -9560 3776
-4060 8737 2459
4333 -5164 -3214
-5980 5471 -1053
-1835 -6494 3317
-1558 8099 1192
-1344 1604 -1230
-602 -3756 2929
8593 2300 4087
-9996 -1721 7741
3291 -3271 2499
-1366 -1787 -6063
-1468 9182 -7612
-3753 -9739 633
1512 -7129 -9655
976 7142 7951
2549 2863 -5033
-875 3861 -6880
-847 9110 -5524
-2137 -6575 6649
-3457 5739 -8824
813 -4890 1476
-5833 26 7646
3000 9475 6412
7483 7360 9613
-7867 3509 -5126
-2117 3419 8956
903 -9472 -3453
4433 -564 6070
-7015 7873 2070
-5728 309 -6653
9346 3747 -1338
2302 9569 -9643
1381 6701 -6218
9883 9707 -7843
-179 -987 -648
-8133 -264 -3973
-4084 4217 -1078
-516 3304 2539
3986 5965 -3834
-8285 -7786 4389
-8929 8305 -6798
-2519 -7406 -6357
3735 -8417 8709
-2715 7301 3838
4189 -6911 -8391
-1432 4584 -1428
2203 -1676 -5993
-1678 -2007 5906
1634 2031 -6848
4633 -6936 -2912
3040 225 -5398
-2911 4556 -7892
-9195 -6821 -7725
-7093 6682 -23
-8131 1260 5197
4709 7258 -6134
6887 1363 2115
-7043 2483 -7707
-5167 2286 -9232
9890 -1731 3901
2688 -2894 2314
2606 2324 5227
9775 -2597 9354
-2684 7677 664
4217 9645 3740
-2236 5823 -3358
-3650 1957 -8133
-9767 8489 -9249
1651 8145 -6421
6992 1005 -9580
9309 5394 -9938
-2385 -6071 9749
-4951 -8041 8934
614 -5634 -4669
1520 -6304 7858
-7834 -5424 -314
-2551 1047 -3051
1424 -3221 -8813
-8292 -2561 -2723
-5957 692 -5044
-6442 3701 7216
-7633 8951 4020
-3898 7340 6899
5410 6335 1419
1074 -7391 -191
3288 8217 4722
-6105 -9175 5608
-7225 -974 1818
-6625 -6511 3442
-8102 -9609 6076
-44 -5458 -7535
23 -1808 6151
1767 1415 5778
-6559 -8268 7712
4271 2244 9932
-2675 399 9235
2029 5185 3720
-8020 -4194 3355
4702 9302 -4367
7175 7608 8723
-7024 203 -8660
-4792 5667 -191
-1167 -2200 -3913
2912 -7924 5481
7310 8165 -9364
4334 -4814 -8302
1187 -1049 3740
5952 7963 3172
1413 -6908 507
-7605 8628 3636
-1341 -4592 -9735
139 6040 -1240
-2108 -7259 -180
5841 -1130 958
2617 -3644 2189
-1125 9611 -4608
-9172 -9725 9846
4875 2606 8551
3618 3729 -1680
-9897 7991 -363
-8515 -8140 -4681
2292 1453 7963
1499 616 -368
-4830 -2950 2471
6836 5846 -1249
5044 2158 4226
7698 -5438 5395
-7114 3234 -3999
6953 4932 4611
-4869 2732 4152
7464 -8623 2127
-8994 1928 3468
-7536 -9662 2836
-5505 -596 -2417
-95 4999 8980
6892 532 2107
-9879 2252 7042
2068 4345 -7081
1659 -7474 2038
-6037 -3887 -8596
-6281 239 -3705
-1393 -7698 9505
296 -2502 556
-1485 -1297 -6779
-195 4058 9698
-3549 -8211 -2762
-3605 -3050 1496
-5103 -7399 -128
-8865 5902 -7653
-1434 2166 3275
-1026 4373 -3260
2262 -1562 4744
-2327 859 -3080
-4796 -2875 6648
9215 -4025 15
-8534 9106 -2071
-5015 1699 2124
-2766 -4268 4145
-955 -8388 3847
7884 8254 9430
1347 -5835 -6162
-153 -6060 2244
-3302 5217 -9554
2228 2505 7616
-3525 -7102 430
-3903 -6113 -2647
-3864 -1818 -2516
5381 8242 -7233
-393 1861 1020
-9011 8510 9121
5629 9941 -3902
4925 -4884 8681
-4115 8588 4992
-4639 1261 4779
8048 3586 -574
-8859 6749 7772
1229 -4401 8322
-5377 -4755 2368
1444 -846 -4930
-9967 3475 -1189
6214 -5908 2415
8792 4876 4667
4807 3199 -7844
-9583 5729 5470
828 -7995 4520
1025 6111 6957
-8709 -4760 764
-3243 8219 -9790
2113 -2225 2948
-2698 -7950 8957
548 1962 3518
6772 -8545 -1293
1121 6272 -5840
-6189 1620 5798
4522 2900 -6871
-1084 8520 -3392
-1874 5846 6374
3621 -6266 5618
6719 -1371 7172
-468 7311 7096
6539 -1112 -4486
574 -7745 -2958
-5676 -4462 -5971
9198 9661 2700
-6723 9706 8486
-4156 1473 -6007
-8796 3718 5385
2355 -4997 -6776
-4113 9432 4930
1566 -2300 1331
-7193 -8823 -3527
-5811 3645 5832
2356 -3429 -4962
-2034 9860 -6179
-6221 -5523 -2686
-3645 1912 -5217
7346 5441 9113
-2383 7495 1472
-1182 -3120 -2975
-8794 -7902 -5192
2537 3283 -309
113 -3765 1153
2797 8063 6513
2848 -7425 1044
5976 -4370 3899
9888 -8336 2729
-2127 -1469 -7449
931 -848 3265
-7242 9763 4007
-1210 -559 508
-8017 -7197 -1322
9765 3611 -8103
-849 -2194 6560
537 3165 3888
423 725 1784
-90 -225 -962
6516 1185 -7408
7969 9680 1301
3383 -9888 -5563
-4426 6007 -244
4760 5688 -2824
3882 -7373 3404
-7703 8164 3847
5261 7857 -7261
4383 326 2687
1053 -5888 541
-1933 -8419 -5078
-8637 7793 -6802
-1151 -8699 -8466
-2722 3398 -8587
2955 -6339 -452
-1349 5849 -3324
4362 3508 -9065
-8256 -9452 8353
5988 6049 756
5891 -9028 3741
2105 -8173 1455
680 -6369 1902
5874 1618 7442
-5155 -9044 -6900
1311 -6198 -2114
-8077 1229 2687
-4620 -3227 -3387
3494 3900 -7296
1782 -8093 5360
2541 -2776 9099
-9772 -2151 3962
8723 8527 1164
9384 -7148 -6736
-7605 -8790 966
4738 653 1123
-7349 5951 1839
-6511 -129 -4119
7557 6838 3828
2236 -8186 6166
-9455 -8162 -5349
-6745 7344 -399
6973 8934 -6339
-7038 9493 5847
313 1514 561
-7195 6807 813
2077 -2539 -2644
-6473 775 -3332
583 -306 469
296 2827 -7524
6882 9793 -7932
-7913 6718 -7338
5164 6053 4360
-7737 -8439 -9952
-6648 4522 -6307
175 8271 687
228 -3960 -7072
-9680 9 -861
5042 -5884 -1988
-1981 8815 -4406
1668 1916 -7806
-8582 9909 -2782
7994 2529 -1551
4863 -1087 -4868
7550 -2467 1340
6349 720 3011
-9328 4644 -5242
-8802 1308 -2652
-3512 -8152 700
-5817 -39 -8473
-5119 4117 5472
1276 2156 -6901
-7427 5768 -6523
-3135 7083 -7456
2240 3046 7995
-362 7113 7752
-2845 -9115 2476
-9391 -7441 8930
6896 -7786 6125
-6344 52 4679
4420 7375 4022
7982 -2678 4009
-3203 -5805 5100
7224 6776 8674
-631 -2965 8696
-7259 9583 -7991
-9777 9171 3413
-6404 -2083 5295
-1253 -4261 -4540
-7970 368 -4655
6976 -5167 798
-6946 1412 -5538
8124 6284 -5328
-3449 -9841 638
-3357 -3707 -5132
9954 8698 4829
7728 8286 -5652
-7196 -8525 -8878
3131 6354 5026
-3813 4699 7659
-5233 2039 6033
2237 1663 -8584
-6377 9326 1126
6552 -8852 2246
-1143 8020 -1683
-5094 5166 -9769
1572 5976 1098
-5335 7923 -6148
4535 -400 -8395
-6683 -5273 -3636
-1165 124 4702
3618 7297 -8576
-991 7333 2670
-7885 5726 4530
8474 5071 2700
-8520 -7613 -4842
-3246 8151 8132
1503 -5895 2659
-6442 6237 8269
-6803 836 -8253
2134 -5747 8135
-2635 7721 -1855
5224 3947 -3601
-4561 -6579 -5261
4601 -6244 7199
-7137 -3144 -7657
6497 -5616 6826
1646 -214 -7890
-2917 -704 8073
-2453 -4583 -4817
7900 509 712
-6644 -4655 6376
-6898 9996 -902
