200
390 -953 933
-281 -15 -816
602 432 657
364 -110 -874
18 17 259
770 -316 -910
375 -254 746
-851 -171 428
-973 -568 239
-345 -972 -260
930 272 -629
-59 -954 -975
-63 343 651
140 -876 -751
-836 820 224
-657 514 -889
-530 634 427
-861 -959 599
-506 -610 333
-337 -159 -341
277 627 -384
688 -442 60
431 788 -471
-823 -701 -546
-891 932 -768
210 73 -576
815 894 -652
-70 -112 880
387 814 978
437 132 197
209 -19 420
731 667 626
584 794 -270
-901 -444 -454
-436 -405 619
389 919 -271
565 -590 276
439 -348 321
-572 570 -260
850 -192 327
-393 654 -336
56 369 313
89 -169 883
-324 4 255
46 -787 931
216 -644 808
-659 -554 133
531 936 831
-474 853 0
-864 88 461
23 360 996
56 -567 -340
-608 653 -548
709 378 -582
-484 946 -707
-613 -719 245
63 589 747
-345 255 973
-209 55 234
311 23 -510
-879 742 673
983 158 -895
-599 246 562
-80 944 76
-534 -763 -766
-107 -495 0
-431 -873 764
-339 884 389
-966 -71 -241
-906 -654 -671
-205 962 138
-767 -88 -475
285 628 613
682 721 -64
-625 -23 81
-4 399 -403
-800 -792 446
-986 914 843
596 861 163
-283 -61 -424
-782 -675 -564
-273 31 283
592 -253 979
91 -343 -315
-868 576 143
-914 -750 -31
-722 683 -843
-550 -523 -200
995 759 969
-565 -768 290
-63 892 316
442 961 -41
201 967 96
369 -841 752
-143 145 258
-818 -583 -572
-730 -866 12
516 991 597
958 727 454
248 -315 -67
-119 -122 -495
328 -569 -307
404 814 195
-88 -284 310
531 245 -481
-440 73 -99
-709 717 31
-386 -829 -274
534 -160 640
-244 633 767
877 162 210
-355 483 -375
541 145 -782
-623 -309 478
920 -148 652
927 832 -175
766 485 866
-809 -881 -977
704 147 22
927 -864 -260
-694 -203 717
-830 452 -286
-932 -595 548
-21 788 976
-652 -3 469
-84 -876 -507
214 -365 -854
524 -605 -401
638 762 951
-625 -244 -186
145 -295 995
897 306 242
530 -452 61
322 286 70
168 65 -78
-255 -484 632
-922 80 -265
598 29 776
-318 -467 -662
-88 179 -644
237 240 382
-39 83 404
-187 -245 685
-318 80 300
-692 -522 57
-506 126 126
-689 -535 450
-392 -340 -627
-22 841 -840
-398 61 13
-902 964 330
640 742 -52
-22 564 883
-617 485 -778
-542 353 960
-140 686 -647
155 -383 -895
-447 59 -506
805 -399 -27
-298 -905 -33
-63 -242 -175
-423 102 -444
-480 510 635
-924 377 832
-424 801 -543
-431 -297 344
-993 -984 -318
686 672 373
933 -799 -193
759 262 584
512 -814 -733
-930 523 -847
-197 -307 -549
-259 858 -640
-656 806 -542
-287 446 -973
519 309 -619
487 -497 130
462 974 732
-493 -65 128
-206 947 960
-36 864 -241
-350 -490 -406
637 -139 -634
-86 995 800
300 -122 -771
-499 -242 -644
278 -620 541
640 -993 552
803 548 842
-652 981 894
903 -652 -690
-303 -70 5
-40 -605 324
762 449 -741
-207 -798 -673
-936 36 -56
-859 -724 -904
-828 -606 -324
937 681 950
