250
574 -416 580
-107 903 -958
806 -302 -482
132 709 886
809 205 -329
-682 -254 -915
563 -87 -745
698 -745 -789
251 865 -346
-379 868 -482
-900 -953 -975
626 -141 681
471 -441 325
-34 -713 -771
100 -326 -588
942 733 252
-635 926 374
124 813 -360
33 -434 -42
-306 9 -264
-178 22 -203
-339 -167 -158
-389 21 -158
-600 -653 188
-882 989 121
-26 234 -720
-870 -282 182
-508 -202 -3
3 915 666
-949 -406 -521
207 -57 -342
302 -967 77
-826 -778 898
-647 509 -473
-681 329 -992
-974 874 753
298 126 -473
-435 -138 -129
103 882 715
-185 -645 -289
294 541 -972
873 -385 -728
960 701 652
-847 -739 224
-757 166 -521
-10 445 -317
-626 706 -945
-681 -467 -532
-688 600 -624
-343 -931 -309
963 269 -569
-680 -185 -564
910 -741 -581
510 410 -628
632 -719 849
-473 654 -130
244 648 -518
-261 -213 241
530 -546 835
31 646 266
335 -713 -579
-22 -152 737
-861 966 993
-857 -74 974
-596 411 805
-818 188 543
122 -517 947
958 -497 -693
-765 980 -27
993 205 -610
997 -415 498
-631 709 864
-154 -384 342
-128 107 -345
25 919 -400
165 -597 73
-551 -657 -468
-190 213 469
-416 718 104
-61 919 -84
42 -762 -104
939 172 -78
-100 -43 -105
-538 878 3
669 26 698
-767 792 840
835 36 -534
163 -437 70
131 -120 -486
-194 -667 342
-189 -919 336
466 -369 -77
-120 18 845
821 -181 369
888 805 -301
-630 -641 231
-913 628 -909
-57 -47 -227
-584 -214 -336
427 -737 801
951 -140 910
237 273 690
591 -976 -742
574 -576 515
-920 51 81
881 -717 -494
-339 -358 -272
833 -347 644
-167 888 752
777 666 138
-328 378 -723
296 -211 -426
-436 276 -897
-923 965 449
-318 43 -970
133 692 358
-515 -287 55
-58 5 939
772 350 -231
319 -562 947
-715 271 684
756 82 80
-597 -942 599
706 -465 -586
115 374 918
57 98 525
436 -40 844
764 429 -775
809 -811 805
254 927 -637
212 -199 -10
-804 102 -698
380 -865 -656
-693 577 -498
821 -984 -181
-776 -688 -519
953 608 -894
-326 -888 -600
-160 -817 -578
911 238 89
469 946 -603
74 287 844
-190 -498 949
531 -325 -789
24 791 196
-408 733 686
228 -75 -985
-16 -706 816
909 -127 -590
111 -379 102
-616 -854 795
-645 -490 -248
-809 42 935
503 -966 -733
-362 108 45
457 -688 65
-633 -10 -164
-431 -835 -724
-2 226 -936
-185 -566 -167
-654 334 -78
433 -829 497
596 -81 -189
150 233 -131
506 -79 -275
-709 331 -708
-824 -320 15
99 926 -759
946 906 470
-444 205 634
-119 15 -606
-270 294 -139
814 -285 -716
265 94 740
-671 66 297
-272 -610 -516
814 777 333
-661 892 100
-545 886 801
432 -666 107
-35 60 716
555 -170 810
-13 653 -323
333 228 675
986 629 -199
855 -205 -511
694 293 -682
876 574 -424
456 260 -991
-397 237 40
-445 629 -953
-649 -262 -268
-603 -895 963
39 -998 923
992 -446 -313
806 1 -102
356 -296 297
659 -845 243
12 312 -222
-616 -513 97
-252 143 -642
893 -217 -109
346 -205 -951
-358 -634 860
-563 -161 12
153 -48 954
529 -767 641
435 59 491
172 391 -612
-251 -798 380
446 -64 479
-108 -482 975
357 485 -327
358 -942 835
299 -874 642
-228 432 79
-954 277 -379
-156 178 -906
-301 529 866
356 378 903
-688 -965 815
483 693 -63
-543 -417 -34
-263 262 -440
-911 668 -431
-477 853 769
693 872 741
984 872 -8
-655 578 -422
874 -211 119
-936 -861 -817
625 -888 -210
-397 189 853
936 916 -390
799 -101 -788
398 -140 -401
-747 654 -106
-156 -739 884
38 877 -531
-645 -600 2
-850 -55 -301
767 449 97
470 -811 392
-112 937 -73
-672 498 -151
-245 -269 838
373 543 48
-424 970 -159
739 649 363
816 -902 -567
