201
-1710 9530 -1762
-7298 -1748 -6219
8860 -6699 422
9321 -2210 5460
2908 8694 -4509
7545 -8257 674
-8128 9150 -9663
-319 9087 -7144
-1407 5628 2545
-2042 -3388 3727
-4914 -4688 1707
-8058 -343 -8423
1321 4699 819
-4048 -8299 2403
2294 5029 3691
-7225 9127 9865
9132 -7727 8749
-1901 8459 2825
-9982 8402 -5966
4133 4104 4882
8067 -8996 -1875
-3315 -9665 -6803
-2611 -9094 7551
213 -8962 443
-1240 -4989 -9541
-2244 -287 7424
-9419 -6902 6201
589 3438 -6321
1031 4788 -5139
-9031 -1944 -1730
245 -1383 2125
-6824 9876 -3317
-7303 -150 -2550
-1569 -7318 -817
4138 -2439 -8150
-1600 2656 6396
-2426 9104 4180
-952 6839 7965
4998 -836 -5339
48 4430 1362
-1268 -3370 2937
-8141 -5418 -1973
-5802 -1378 7740
7493 5812 7205
-9805 -8817 -6637
310 -7664 4721
8420 777 -6367
-6829 -1061 -3457
913 9752 3887
6621 -6838 -1194
-9478 -7044 -1599
-8874 9602 9289
-232 -8755 -8150
-1537 -6628 -7636
6436 7421 -9599
-2848 3370 6777
8954 3760 -8063
-3792 3634 -733
9600 -9490 1769
-4519 -8584 3309
6938 -8962 7877
-8753 -5005 1715
-258 -166 173
853 2740 6857
219 2336 7673
2677 9336 7799
8193 -5809 -7221
-7457 3840 2565
-4636 -912 -9752
-5243 -3799 -6083
-2122 6100 -9030
1047 -6452 -6219
2635 4530 -9515
-3144 -5798 1733
-7198 1039 -7453
-204 -5137 8910
-3763 4658 8649
9936 1432 -6660
-4196 -1855 2505
-4977 3883 7944
7419 2808 4073
-7470 1138 -4217
6421 4936 5141
-7622 -9665 -5433
8567 -99 -2968
-8408 9540 5479
7625 -716 -1729
-2566 5577 7190
-8661 531 -169
3170 801 -6683
-8549 9575 7430
4460 -5430 -3178
-4292 -3511 -1915
-4748 -4199 -3218
-1945 3717 -9710
-8791 5658 -7323
-2752 -4235 8225
-6059 -5277 -5348
-9214 4423 8424
-5944 -2854 -6828
8906 8992 7225
6696 -9944 4970
-1627 -3207 4599
-3317 164 3475
-8743 -6201 -9934
9858 2494 2237
-2991 7122 -9182
9548 3958 -7703
-1635 -6130 -1931
-2315 3497 -6629
3412 7908 -7355
-4397 -7095 2221
9858 6658 9887
8132 -4747 4317
-692 7446 411
-2399 -1077 96
-9174 7878 -8372
272 2376 8864
1749 -2111 -5790
9225 7569 354
4778 -9001 -579
-9624 4275 -5092
4303 9529 8949
-753 9685 7600
5771 437 -9762
2469 -9791 9649
-2430 -571 -3262
-5814 8405 6512
-349 9644 -7439
2060 -884 -629
3597 -3425 -8103
-5815 5899 -9063
-8113 -1284 -4543
138 -7795 8213
8024 3232 5962
2923 4794 -3304
2676 -6835 4588
-9734 -4642 -5612
1035 -775 -5590
4075 -5570 2649
1182 3544 7291
-6119 -39 -3738
3155 8999 -2289
4851 7696 6521
5946 -7775 -5815
-1694 -7784 -4113
9911 7889 6589
321 7762 7018
4327 432 -1857
-7271 -4932 7299
4483 -914 7695
-4779 -8646 -9196
7448 4651 -555
-3588 -1900 -7898
-4711 6585 -4559
-6497 -6038 8916
6617 -2289 4149
-3039 2021 -1033
4596 -2013 -4806
8879 5612 6744
-2712 -7608 -1574
-4994 1859 -6729
7647 812 -2877
-1933 -5876 -6824
-6480 -929 -4778
-9692 2858 3927
3846 2315 4409
-8621 -67 5266
-6259 -7388 -2246
-3916 -7598 3566
-5231 -9518 -6676
-1942 6692 -3188
4200 -6706 441
1364 2435 -3212
8210 1344 6654
2898 -9379 9521
-2977 -5761 -9467
-3028 -9303 2364
-3097 -5575 -9709
-5720 -7947 1090
-6451 -3912 -5796
-9644 -9133 -7762
-8320 9161 -238
-4352 -3853 -1889
3229 572 7780
5684 209 1304
3437 -9201 3625
5623 -3598 6203
-4727 -345 1704
9643 1150 -4010
9406 3220 -3505
-313 -1027 -8679
-8222 -6138 8004
-7746 6485 3194
817 4338 -9405
9169 -1466 -2599
8563 2498 1126
7099 7882 6091
7372 543 -4232
-1495 -1408 -4810
3530 -5057 -2301
