201
2835 6120 -1452
6843 -673 -9168
-6115 1144 -8802
9378 -7816 8629
-9756 4940 -3369
8923 -3322 -6743
-2046 -2006 9460
-6145 9473 4728
5388 2622 -3197
-4241 931 -7204
-5770 675 -3480
5845 -4201 -3484
4355 3646 6144
-5066 2405 -7407
6618 -5402 -2960
-138 6365 -2913
-6570 3880 -1625
6699 4035 7751
-3848 5253 -974
2728 -5757 4156
-2613 -8320 3758
-4754 3400 861
8308 8108 9593
-5500 7225 -507
-4968 -7024 -9125
-4381 7413 8509
6097 6987 6291
-4678 -1770 4548
-2277 -1044 -7279
2766 -602 -4698
-1592 -8965 9677
-720 1164 9451
-8547 -3023 -4091
2926 2293 -3221
5778 3799 -5618
383 -3741 3146
3917 4088 -994
-385 3211 5744
-7138 -9578 3955
-4881 -2151 -5861
3779 2724 -4112
9403 -8093 -429
-9556 -8978 -3164
4803 -4108 -4655
5215 -1447 9432
3691 -5822 -9616
2297 1056 -8163
999 2238 644
6625 5137 -4556
1562 -323 -7409
258 -5635 6436
6298 6169 7791
-8219 -4525 1358
2412 -7327 -8643
5031 2151 -4424
5071 -19 -6185
-7039 -4941 2108
9099 9694 3465
-3102 -948 -6671
-8943 -6265 8779
-487 -5644 1181
-6908 7098 -6573
-9528 -9298 -1909
-407 -5795 -5666
8094 -6532 -5109
5 5697 7707
-7292 -2417 4678
-9214 4532 -9255
-4394 5817 -1941
9511 2868 2077
1818 4054 1381
-2544 -7551 -7513
-847 560 -3667
-4601 -5539 9248
-7766 -4684 -7217
-7739 2936 8194
719 -1851 -7104
-5296 -1847 2112
7217 -4080 2669
8668 -6750 2594
4697 -2672 -1875
-9827 -4186 5676
-4430 4291 6007
-3041 -8962 -4825
2854 -9195 9066
3797 2528 168
5709 7602 4958
409 7816 6431
3161 -2124 6580
4316 5880 -9763
-1992 4361 108
5508 -4504 -4043
269 -7075 3943
-9412 245 1983
8881 -4537 -2301
7073 -8721 3509
314 -5168 271
-30 -290 8629
-8343 4762 -5544
2802 -4684 -5121
6296 -9525 7110
-3499 -2478 -2876
4986 149 3333
-8549 7844 4846
-5396 -4734 287
8323 4273 3990
9506 -8598 -8247
4188 5419 3117
-6864 -7648 -1534
-8122 -8213 -3099
-8792 2604 -8899
4633 -8586 -9136
-3531 7632 8759
5856 8845 4874
-7281 -8392 -8694
8364 9893 8795
9752 2582 -868
-1424 588 -1865
-8619 9401 7891
811 -8100 4649
-8204 219 -2162
-5251 7460 4153
4958 -8915 -766
3900 -5396 -4022
-4374 3196 6462
4288 -2217 -6801
7338 -1397 -6155
-1650 -737 4416
340 -44 -6407
8329 -4910 1724
-8033 -1863 -1767
8287 600 -5047
4786 6039 -9910
7875 -4992 9243
-3074 2359 8196
3384 3985 7350
-4073 8564 3024
10000 -9614 -3677
-9245 4787 -308
-3283 9535 -3391
-8080 -8395 7133
3876 5549 -4430
-3176 -9081 -8043
-2885 -268 5863
-6903 -9743 -2502
2348 4798 -6737
-1934 -4614 9580
-5115 -616 3147
7974 -9823 -4182
5324 -3232 -2340
-115 -1246 8642
9418 5062 7090
-9313 -9495 809
-6811 -6145 -5746
8587 -4111 -6011
2889 867 -3924
4112 -1095 6106
-6404 5697 -4204
4697 -119 6292
1454 7967 -5473
4399 -9031 -8336
-5209 8813 9401
-8923 -6792 2352
-9953 9340 -51
6604 9420 -5619
3424 -9622 -9380
1771 7988 8453
4410 -8538 1194
9941 -9877 -3993
6548 -6512 6261
-9177 9953 3162
-5867 -8305 -3629
6571 2005 -7350
6998 7774 -5593
-6297 300 -5161
-216 2290 -1113
8593 -3954 9982
-9152 8321 5388
2688 1834 -6072
2617 -3024 -4591
-1232 -5570 3913
-4820 -1724 131
6839 -3520 4041
780 1430 5085
-4603 8885 -4125
497 545 -8594
1010 2353 0
-8816 2968 -2606
-8293 8683 6923
5008 -7338 3527
-5861 9313 4258
-1242 -5847 5672
268 -5199 8367
654 -2819 6530
5191 -1649 -5654
-5102 4224 1936
3816 -4896 5162
6865 -9144 -3485
-8458 -718 4467
-1131 -9879 -6056
980 -596 -7758
