201
1834 -9924 -4663
-8743 -340 -9793
-7883 -3734 -2992
-48 -5456 948
-487 -7868 3996
9928 -2977 2508
7813 388 543
6643 -7781 6593
1446 -9773 4765
8063 8249 -1087
3501 -2038 -6807
-1453 4379 -9540
-2800 5043 4026
-4018 592 3728
-8695 -4294 2345
-8497 6002 3646
-9208 7344 -7146
-2230 -6240 -5572
8170 -8687 1129
-6730 4558 -6895
8781 -3479 -6132
9854 9692 -1473
1597 2223 -4063
5011 5058 3958
-9510 -9810 5029
-8545 -5667 -9689
5244 1550 -8818
3739 1228 3549
-6190 7352 7896
646 4313 -7792
-1660 -6191 8623
4551 5628 -7126
6649 -1117 6448
420 -6351 1640
3109 -5202 3283
-6663 6052 -6728
-6630 805 2156
-5540 4372 -9046
-8224 -7561 -1175
-1256 9203 -7966
8292 3861 7393
4544 8533 -1644
-7254 -5616 8806
-6828 -6326 4408
-3051 5417 -415
1135 -7574 -152
8533 -1818 2368
4786 2309 -3121
1953 4889 5452
8459 -2956 3833
-1467 4222 1079
-4616 -3940 5983
554 -1166 5831
-2230 3745 9731
-4515 8821 -97
4243 1986 3737
6771 3206 1781
5753 -8661 5597
2409 -92 -1676
5260 9302 1553
6054 2567 9245
5323 -5344 -4377
-1696 5323 -3933
-2128 -1456 7198
4776 393 -5329
-3249 -5411 -1988
-8306 -4354 -277
-5252 565 -4072
5068 7869 5335
5146 -5844 7345
7935 -4495 -4869
-5840 7983 -2822
-5603 882 -1131
-7740 -9853 -3595
-1975 2214 2713
-4616 2341 -8352
-1148 -898 -265
3990 -7556 -5074
-1443 2521 9783
-4652 -5946 3536
-2477 -2029 -9600
4836 4535 -8644
-7062 1366 8891
9125 9643 -5778
-2559 505 -9818
-6339 7467 -2094
520 9835 -5458
6604 -7366 -3369
5989 -7664 6570
-705 -4552 -8060
-4989 -3464 -2208
-2760 1444 6792
8295 1601 4934
2343 -7579 9465
-6154 8899 7913
-2541 -8796 811
551 3283 3300
311 -2626 3322
-2275 -1890 2914
-2661 5285 -6456
1593 -5797 7706
-6263 -6737 7759
-4007 -645 -1885
7957 4429 -7356
-4093 3169 -6046
-9876 -833 -8982
8412 5845 -6967
2159 -3476 7945
-7647 6848 -1432
-6540 -6843 3871
-3659 4730 -215
2875 -4135 6182
6939 -5282 -5942
8531 1265 3193
2238 -3308 -6539
9454 1758 -4165
-4450 6920 -1732
-6279 -6443 4828
4952 6917 8962
1227 -6545 3415
-2497 -1079 -4281
-5889 -1428 6389
9035 -7857 -4351
-1279 -8455 -598
-8482 -5319 4794
4845 -2895 1734
7211 1872 3950
-3779 8061 -9377
5976 3567 1235
-711 -6027 3749
9412 -524 -7705
4101 -504 -8539
3980 5978 -5330
-9907 -6961 -2376
1033 5211 6241
5800 430 9595
-130 -1394 5453
8173 7905 -5636
-1502 6111 7189
4523 -1257 -4753
1522 7749 -3463
-5348 9835 7245
8018 -1828 -3523
-577 7295 -4778
-4210 -5528 9751
6754 -5357 -5407
-9491 8788 -9609
-320 6774 4632
4876 9912 1285
-4925 -3399 -7839
7253 7093 6394
5144 6355 83
3134 2153 3085
-1320 -6610 -2968
-7304 -360 2248
-6315 334 231
5431 -8650 -8644
-710 7821 5121
-4152 -4488 5181
-4582 -3719 -7196
-8253 -4424 -7071
-8417 99 -3983
9754 -1685 -8381
-9448 -9211 2320
-1695 -3285 8728
8196 -5336 5070
7060 -2012 871
830 -3437 -5559
1099 4661 5763
2016 -995 -2091
6877 -891 5027
1620 6982 -8248
956 -8232 7532
-6090 -9160 -6584
-7827 8384 -7888
-225 -8490 2177
5850 -4559 9572
-253 4388 -199
6775 -986 4077
3685 7212 5810
5195 5026 5087
-7191 -730 6421
3590 5846 503
4616 5106 5479
3506 -8325 1271
3050 3057 -9316
-4312 -486 -4530
-2628 264 3866
-7070 8678 -6211
-8121 -8482 5754
2054 -587 5298
1957 484 1058
-3431 9401 -9839
-4785 7251 9838
-8172 -6804 584
-5775 -6235 3597
2745 6536 -9878
-1217 -1899 1504
58 -6832 -3383
-7659 2732 3493
3570 -9250 5661
