201
6304 -6145 -6582
6611 -8712 587
-8460 6351 70
718 9533 -4974
-4139 8472 -1683
-3617 -2179 8312
7787 5588 -9229
5255 -1062 -3610
2203 1309 -1568
-9825 -8334 6936
6863 7323 8028
4473 -5313 7313
-5714 -1895 3930
3023 -3509 3755
9017 69 -7128
-8144 -1768 9120
4454 -6237 6571
5752 7590 8174
932 -9082 8564
-367 8087 -6616
1503 7069 -1740
6399 -8356 5568
-912 -8960 -8822
8497 -8536 8944
396 -1091 7979
8547 -2126 384
3903 -7351 -5681
5739 -9811 -9304
550 -4787 -9660
-18 -8957 3018
9315 -5598 -9600
764 -4270 -8995
-3827 8883 9686
1549 1443 -5575
8766 1904 -8586
8202 -7443 379
-5175 -6231 -9749
8883 9562 9046
4285 2283 2413
2305 287 -9114
356 2820 -8597
9650 -5628 -8365
4135 -6300 -8099
7438 1464 -9053
-3078 8670 -4983
7780 2066 -234
-1979 -7431 873
-1631 402 -4547
-2214 8836 -820
6438 -7011 337
6484 1251 -4807
-8649 4862 -4806
5827 4082 7482
-5040 -7044 -1928
9886 -6223 3156
-7960 4196 -2642
-3981 8007 8950
-5877 5243 538
8139 8627 7581
3197 -1107 4756
9841 1850 2271
8479 -7890 -8041
1351 7824 -2482
-2831 -6725 195
1182 -8764 2630
5105 -9066 8757
-533 3638 -6389
2595 -9599 8418
-6081 4588 4373
499 5386 2180
-705 -2133 -1226
-1850 -3964 9057
-5275 8096 1918
-9799 -1868 -7783
7652 107 1788
-3380 -8988 -6631
-9981 3595 2562
-2152 -5349 -1863
6452 -9746 -5918
9086 6833 8802
-4906 2790 -5578
-1386 5221 -312
-893 -729 -8751
-9846 -1583 -6736
4507 -3248 8109
-1473 -9497 9411
-9950 -4799 -1250
-3843 -8053 3044
3204 2218 8669
2557 -7495 -9981
8568 -4762 8904
-2027 8757 -7880
-652 8940 3519
-7551 -6383 -9594
-1555 3303 4261
1991 -8664 -9186
2040 -5585 5292
-7049 491 1970
-6292 4704 -1153
-1688 9947 2303
1993 -9148 9796
-2904 -7147 -4265
281 -6982 60
3639 42 -8166
329 1865 9688
206 7474 3854
2900 9895 -5773
4903 -5350 -3808
-8506 142 -623
9371 9761 -9102
-7969 1312 5642
-2870 -8414 875
-1010 -5666 5791
-7173 -2548 -646
-6713 -1613 6231
7230 -7835 4935
158 -8147 1624
487 -3610 -2249
8240 3686 3970
-7977 -796 5211
-8500 -3943 4120
9106 -4949 3355
-8378 285 -794
-5589 8207 4395
3643 5252 478
-5217 1744 8725
7671 2835 7078
-4768 6994 6001
5298 5093 414
3021 -8349 -4736
-9282 -5679 -7506
5913 9737 -8548
2037 8365 8045
-1945 -3066 7007
3530 -2135 8667
-9722 5976 5707
1300 -4179 5248
-9075 5632 -6957
-5538 9462 6667
-8460 1448 822
9857 9287 8634
4895 -7963 3630
-5820 8671 441
4603 -1461 6242
-460 4670 -6311
9481 6161 -1982
6629 2782 -4350
2215 -7051 -4343
2316 5090 6779
-2416 -3834 -2181
-4668 -7130 3781
8584 2919 -2400
-1086 5602 3124
-390 -594 4517
6642 -7849 -5584
-2466 -2026 9391
-9677 -79 -2304
4443 1911 -7734
9409 -7171 1221
-4518 3946 2209
4309 788 -9830
-6926 -337 721
4699 6060 -5238
-4591 5845 4582
-8418 -6221 4468
4911 8154 4074
-5194 3579 8013
5804 1150 -9016
3692 -3609 7953
-5053 4164 7709
-7781 9851 6579
5170 -4395 2601
-2717 -6713 -1623
1622 -9913 1650
-9841 -738 -7593
-3765 1091 -4816
-3278 -7900 -7455
-6779 8871 -2260
5307 -3355 3020
6277 -3742 -4163
5955 -9945 -18
-3029 -1244 -9383
-8929 -566 4001
8018 5507 776
-1468 3586 1903
-7144 -4287 6081
6154 1071 5212
7346 2450 -8726
-8165 -1867 -6848
3412 -3170 7781
-4084 -2321 3519
3344 7296 -4175
2163 -4734 -8995
-3461 -1599 6684
6164 -1424 9114
9246 -2047 6210
3447 -6782 -3620
-3281 -9619 -3635
-2125 5931 -1049
9520 7373 -4963
-6460 6437 8734
