201
-2701 -2022 -7921
-3773 4850 -1371
-1043 676 9721
-1254 -3733 -8816
-6421 -4024 -2169
186 6769 7880
-6145 4696 -9629
-9142 2417 1974
2184 7268 9551
6033 -2545 -2408
-5757 -7399 -2931
9517 -1981 -613
5555 -1047 5861
-4549 -8838 -2582
-6460 8204 2080
7559 6650 5099
9501 -298 5785
8850 -9714 6260
-4764 -7407 -7349
-5798 8212 8773
5012 6694 -6434
8974 15 -8728
9785 -259 942
9183 -9333 8262
2831 -1501 190
9033 -3195 8318
-4090 6435 -3431
-1669 4942 -5471
1800 -6662 9989
953 8236 -5810
3077 498 2290
7719 522 3248
1873 9718 1232
4835 -9032 7556
6920 -4058 2282
-122 8589 4406
-2086 3210 -5006
3315 5831 263
7930 -2622 -6949
6074 6689 9201
8862 5889 -2397
6293 -2381 -5446
5881 9462 -4569
-4316 4480 6667
2821 9424 -3329
8129 5339 -8475
-4909 9675 -8052
1985 -482 4034
2024 -5201 1871
8370 6598 -61
-2464 -4893 6007
-5217 5434 -2140
-7355 -6352 3003
2219 -6457 3985
-726 -6358 3052
-1974 7715 -7809
-5866 -5624 3486
6597 -9767 -376
-4240 2080 5359
1640 -1821 7163
-9865 -4545 -3271
-3806 6235 -5169
-1559 -7089 2548
-902 5098 -6239
-7085 8616 -3691
5248 -4126 -8650
-5939 -3742 1103
-4188 9413 -7202
-8447 9058 5496
-7827 -6881 9118
-6117 629 -9730
-3493 9635 6818
4006 -5627 9337
-4796 -1042 355
4853 -4916 -4729
6198 -3358 9946
9939 -5559 4576
-140 5671 -8436
-7062 1620 591
-9035 -7409 -1336
-7030 -7384 -5709
5872 -9274 -3377
4612 -7898 -4787
-497 -4390 3660
5308 -4687 40
-4513 -7737 4659
9776 1142 -9961
4024 -6186 551
8141 -1123 -8601
-5156 -2330 3351
9642 -8783 8634
-1887 8720 -1517
5004 -4895 7326
-1931 -3413 -2719
4628 -7676 6694
5471 2663 2299
-3411 863 9540
-2128 -2187 217
-5402 677 9942
5897 -5470 268
-2871 3460 7787
8908 3332 -8194
-9819 -9997 7103
-2546 -3051 -9354
3788 -5042 -1816
7083 3530 4085
7991 8999 -7272
-1540 -2769 -8422
1294 -8416 6328
-7441 -9822 -9380
8158 -6246 -2396
8483 -1107 -3296
1857 -9335 3473
7488 5172 5671
6528 6998 -9014
6600 537 -7473
7364 488 -6641
6207 -5117 7652
3383 -5941 9209
9618 1178 3866
4119 -435 -7887
117 9552 667
163 -7827 -5375
1549 -4369 429
-6568 -8107 -8976
-9137 7173 709
-2390 72 2403
3595 7125 -9254
-4154 -792 3782
-5700 -825 1550
-7848 -1257 -1057
1523 -1216 6303
2380 7490 -5247
-8028 1012 6310
-9687 -2101 -6568
8332 9006 -5631
5429 -745 3170
-3193 -8038 959
-4626 5816 6482
9543 9952 -7409
-8872 87 -4425
3430 -2485 -8674
6773 -7074 1727
-147 -99 5601
-67 7404 6917
6073 -9732 1214
-162 3625 -8960
-4598 3269 -6485
-5433 -2404 8564
-7521 -8980 3575
4476 -1570 -7011
-473 -2456 -1504
-8605 -1718 2066
-1749 -2676 -5579
-6174 -8898 7055
5084 -9 -9268
3004 -5227 1242
2502 2743 -6694
7410 5929 9801
2948 -8014 -9615
6923 -9890 128
7286 -8540 7061
5688 -7283 8680
-7891 -9159 -35
-6686 -1557 5170
-7125 8375 5764
4821 3615 -259
-669 6990 8023
-9603 -492 8340
-6972 4193 -7823
-260 -7985 -7721
-8473 4525 586
-6521 -3920 9024
6469 -402 9152
-8157 -6075 7603
-5794 -3980 -5111
-665 6715 1468
542 3448 3874
9524 -2553 -6705
-1249 -8455 1804
-3621 4216 5302
-3338 -6953 8093
3585 -8406 -3460
-4645 -5672 7851
2188 -4897 7316
-1439 3826 -1879
3217 9720 5231
-6863 579 7474
-2756 5264 -2572
-6008 -1349 -9076
-3344 -1734 3758
-6189 -4162 8014
904 -4873 7418
-3791 5605 8981
1596 -4764 -4076
-9610 9601 -487
-5218 2730 -9585
5420 -8644 5938
9143 5084 334
-3307 2128 -286
-945 -4934 -4995
