4999
1 2
2 3
3 4
4 5
5 6
6 7
7 8
8 9
9 10
10 11
11 12
12 13
13 14
14 15
15 16
16 17
17 18
18 19
19 20
20 21
21 22
22 23
23 24
24 25
25 26
26 27
27 28
28 29
29 30
30 31
31 32
32 33
33 34
34 35
35 36
36 37
37 38
38 39
39 40
40 41
41 42
42 43
43 44
44 45
45 46
46 47
47 48
48 49
49 50
50 51
51 52
52 53
53 54
54 55
55 56
56 57
57 58
58 59
59 60
60 61
61 62
62 63
63 64
64 65
65 66
66 67
67 68
68 69
69 70
70 71
71 72
72 73
73 74
74 75
75 76
76 77
77 78
78 79
79 80
80 81
81 82
82 83
83 84
84 85
85 86
86 87
87 88
88 89
89 90
90 91
91 92
92 93
93 94
94 95
95 96
96 97
97 98
98 99
99 100
100 101
101 102
102 103
103 104
104 105
105 106
106 107
107 108
108 109
109 110
110 111
111 112
112 113
113 114
114 115
115 116
116 117
117 118
118 119
119 120
120 121
121 122
122 123
123 124
124 125
125 126
126 127
127 128
128 129
129 130
130 131
131 132
132 133
133 134
134 135
135 136
136 137
137 138
138 139
139 140
140 141
141 142
142 143
143 144
144 145
145 146
146 147
147 148
148 149
149 150
150 151
151 152
152 153
153 154
154 155
155 156
156 157
157 158
158 159
159 160
160 161
161 162
162 163
163 164
164 165
165 166
166 167
167 168
168 169
169 170
170 171
171 172
172 173
173 174
174 175
175 176
176 177
177 178
178 179
179 180
180 181
181 182
182 183
183 184
184 185
185 186
186 187
187 188
188 189
189 190
190 191
191 192
192 193
193 194
194 195
195 196
196 197
197 198
198 199
199 200
200 201
201 202
202 203
203 204
204 205
205 206
206 207
207 208
208 209
209 210
210 211
211 212
212 213
213 214
214 215
215 216
216 217
217 218
218 219
219 220
220 221
221 222
222 223
223 224
224 225
225 226
226 227
227 228
228 229
229 230
230 231
231 232
232 233
233 234
234 235
235 236
236 237
237 238
238 239
239 240
240 241
241 242
242 243
243 244
244 245
245 246
246 247
247 248
248 249
249 250
250 251
251 252
252 253
253 254
254 255
255 256
256 257
257 258
258 259
259 260
260 261
261 262
262 263
263 264
264 265
265 266
266 267
267 268
268 269
269 270
270 271
271 272
272 273
273 274
274 275
275 276
276 277
277 278
278 279
279 280
280 281
281 282
282 283
283 284
284 285
285 286
286 287
287 288
288 289
289 290
290 291
291 292
292 293
293 294
294 295
295 296
296 297
297 298
298 299
299 300
300 301
301 302
302 303
303 304
304 305
305 306
306 307
307 308
308 309
309 310
310 311
311 312
312 313
313 314
314 315
315 316
316 317
317 318
318 319
319 320
320 321
321 322
322 323
323 324
324 325
325 326
326 327
327 328
328 329
329 330
330 331
331 332
332 333
333 334
334 335
335 336
336 337
337 338
338 339
339 340
340 341
341 342
342 343
343 344
344 345
345 346
346 347
347 348
348 349
349 350
350 351
351 352
352 353
353 354
354 355
355 356
356 357
357 358
358 359
359 360
360 361
361 362
362 363
363 364
364 365
365 366
366 367
367 368
368 369
369 370
370 371
371 372
372 373
373 374
374 375
375 376
376 377
377 378
378 379
379 380
380 381
381 382
382 383
383 384
384 385
385 386
386 387
387 388
388 389
389 390
390 391
391 392
392 393
393 394
394 395
395 396
396 397
397 398
398 399
399 400
400 401
401 402
402 403
403 404
404 405
405 406
406 407
407 408
408 409
409 410
410 411
411 412
412 413
413 414
414 415
415 416
416 417
417 418
418 419
419 420
420 421
421 422
422 423
423 424
424 425
425 426
426 427
427 428
428 429
429 430
430 431
431 432
432 433
433 434
434 435
435 436
436 437
437 438
438 439
439 440
440 441
441 442
442 443
443 444
444 445
445 446
446 447
447 448
448 449
449 450
450 451
451 452
452 453
453 454
454 455
455 456
456 457
457 458
458 459
459 460
460 461
461 462
462 463
463 464
464 465
465 466
466 467
467 468
468 469
469 470
470 471
471 472
472 473
473 474
474 475
475 476
476 477
477 478
478 479
479 480
480 481
481 482
482 483
483 484
484 485
485 486
486 487
487 488
488 489
489 490
490 491
491 492
492 493
493 494
494 495
495 496
496 497
497 498
498 499
499 500
500 501
501 502
502 503
503 504
504 505
505 506
506 507
507 508
508 509
509 510
510 511
511 512
512 513
513 514
514 515
515 516
516 517
517 518
518 519
519 520
520 521
521 522
522 523
523 524
524 525
525 526
526 527
527 528
528 529
529 530
530 531
531 532
532 533
533 534
534 535
535 536
536 537
537 538
538 539
539 540
540 541
541 542
542 543
543 544
544 545
545 546
546 547
547 548
548 549
549 550
550 551
551 552
552 553
553 554
554 555
555 556
556 557
557 558
558 559
559 560
560 561
561 562
562 563
563 564
564 565
565 566
566 567
567 568
568 569
569 570
570 571
571 572
572 573
573 574
574 575
575 576
576 577
577 578
578 579
579 580
580 581
581 582
582 583
583 584
584 585
585 586
586 587
587 588
588 589
589 590
590 591
591 592
592 593
593 594
594 595
595 596
596 597
597 598
598 599
599 600
600 601
601 602
602 603
603 604
604 605
605 606
606 607
607 608
608 609
609 610
610 611
611 612
612 613
613 614
614 615
615 616
616 617
617 618
618 619
619 620
620 621
621 622
622 623
623 624
624 625
625 626
626 627
627 628
628 629
629 630
630 631
631 632
632 633
633 634
634 635
635 636
636 637
637 638
638 639
639 640
640 641
641 642
642 643
643 644
644 645
645 646
646 647
647 648
648 649
649 650
650 651
651 652
652 653
653 654
654 655
655 656
656 657
657 658
658 659
659 660
660 661
661 662
662 663
663 664
664 665
665 666
666 667
667 668
668 669
669 670
670 671
671 672
672 673
673 674
674 675
675 676
676 677
677 678
678 679
679 680
680 681
681 682
682 683
683 684
684 685
685 686
686 687
687 688
688 689
689 690
690 691
691 692
692 693
693 694
694 695
695 696
696 697
697 698
698 699
699 700
700 701
701 702
702 703
703 704
704 705
705 706
706 707
707 708
708 709
709 710
710 711
711 712
712 713
713 714
714 715
715 716
716 717
717 718
718 719
719 720
720 721
721 722
722 723
723 724
724 725
725 726
726 727
727 728
728 729
729 730
730 731
731 732
732 733
733 734
734 735
735 736
736 737
737 738
738 739
739 740
740 741
741 742
742 743
743 744
744 745
745 746
746 747
747 748
748 749
749 750
750 751
751 752
752 753
753 754
754 755
755 756
756 757
757 758
758 759
759 760
760 761
761 762
762 763
763 764
764 765
765 766
766 767
767 768
768 769
769 770
770 771
771 772
772 773
773 774
774 775
775 776
776 777
777 778
778 779
779 780
780 781
781 782
782 783
783 784
784 785
785 786
786 787
787 788
788 789
789 790
790 791
791 792
792 793
793 794
794 795
795 796
796 797
797 798
798 799
799 800
800 801
801 802
802 803
803 804
804 805
805 806
806 807
807 808
808 809
809 810
810 811
811 812
812 813
813 814
814 815
815 816
816 817
817 818
818 819
819 820
820 821
821 822
822 823
823 824
824 825
825 826
826 827
827 828
828 829
829 830
830 831
831 832
832 833
833 834
834 835
835 836
836 837
837 838
838 839
839 840
840 841
841 842
842 843
843 844
844 845
845 846
846 847
847 848
848 849
849 850
850 851
851 852
852 853
853 854
854 855
855 856
856 857
857 858
858 859
859 860
860 861
861 862
862 863
863 864
864 865
865 866
866 867
867 868
868 869
869 870
870 871
871 872
872 873
873 874
874 875
875 876
876 877
877 878
878 879
879 880
880 881
881 882
882 883
883 884
884 885
885 886
886 887
887 888
888 889
889 890
890 891
891 892
892 893
893 894
894 895
895 896
896 897
897 898
898 899
899 900
900 901
901 902
902 903
903 904
904 905
905 906
906 907
907 908
908 909
909 910
910 911
911 912
912 913
913 914
914 915
915 916
916 917
917 918
918 919
919 920
920 921
921 922
922 923
923 924
924 925
925 926
926 927
927 928
928 929
929 930
930 931
931 932
932 933
933 934
934 935
935 936
936 937
937 938
938 939
939 940
940 941
941 942
942 943
943 944
944 945
945 946
946 947
947 948
948 949
949 950
950 951
951 952
952 953
953 954
954 955
955 956
956 957
957 958
958 959
959 960
960 961
961 962
962 963
963 964
964 965
965 966
966 967
967 968
968 969
969 970
970 971
971 972
972 973
973 974
974 975
975 976
976 977
977 978
978 979
979 980
980 981
981 982
982 983
983 984
984 985
985 986
986 987
987 988
988 989
989 990
990 991
991 992
992 993
993 994
994 995
995 996
996 997
997 998
998 999
999 1000
1000 1001
1001 1002
1002 1003
1003 1004
1004 1005
1005 1006
1006 1007
1007 1008
1008 1009
1009 1010
1010 1011
1011 1012
1012 1013
1013 1014
1014 1015
1015 1016
1016 1017
1017 1018
1018 1019
1019 1020
1020 1021
1021 1022
1022 1023
1023 1024
1024 1025
1025 1026
1026 1027
1027 1028
1028 1029
1029 1030
1030 1031
1031 1032
1032 1033
1033 1034
1034 1035
1035 1036
1036 1037
1037 1038
1038 1039
1039 1040
1040 1041
1041 1042
1042 1043
1043 1044
1044 1045
1045 1046
1046 1047
1047 1048
1048 1049
1049 1050
1050 1051
1051 1052
1052 1053
1053 1054
1054 1055
1055 1056
1056 1057
1057 1058
1058 1059
1059 1060
1060 1061
1061 1062
1062 1063
1063 1064
1064 1065
1065 1066
1066 1067
1067 1068
1068 1069
1069 1070
1070 1071
1071 1072
1072 1073
1073 1074
1074 1075
1075 1076
1076 1077
1077 1078
1078 1079
1079 1080
1080 1081
1081 1082
1082 1083
1083 1084
1084 1085
1085 1086
1086 1087
1087 1088
1088 1089
1089 1090
1090 1091
1091 1092
1092 1093
1093 1094
1094 1095
1095 1096
1096 1097
1097 1098
1098 1099
1099 1100
1100 1101
1101 1102
1102 1103
1103 1104
1104 1105
1105 1106
1106 1107
1107 1108
1108 1109
1109 1110
1110 1111
1111 1112
1112 1113
1113 1114
1114 1115
1115 1116
1116 1117
1117 1118
1118 1119
1119 1120
1120 1121
1121 1122
1122 1123
1123 1124
1124 1125
1125 1126
1126 1127
1127 1128
1128 1129
1129 1130
1130 1131
1131 1132
1132 1133
1133 1134
1134 1135
1135 1136
1136 1137
1137 1138
1138 1139
1139 1140
1140 1141
1141 1142
1142 1143
1143 1144
1144 1145
1145 1146
1146 1147
1147 1148
1148 1149
1149 1150
1150 1151
1151 1152
1152 1153
1153 1154
1154 1155
1155 1156
1156 1157
1157 1158
1158 1159
1159 1160
1160 1161
1161 1162
1162 1163
1163 1164
1164 1165
1165 1166
1166 1167
1167 1168
1168 1169
1169 1170
1170 1171
1171 1172
1172 1173
1173 1174
1174 1175
1175 1176
1176 1177
1177 1178
1178 1179
1179 1180
1180 1181
1181 1182
1182 1183
1183 1184
1184 1185
1185 1186
1186 1187
1187 1188
1188 1189
1189 1190
1190 1191
1191 1192
1192 1193
1193 1194
1194 1195
1195 1196
1196 1197
1197 1198
1198 1199
1199 1200
1200 1201
1201 1202
1202 1203
1203 1204
1204 1205
1205 1206
1206 1207
1207 1208
1208 1209
1209 1210
1210 1211
1211 1212
1212 1213
1213 1214
1214 1215
1215 1216
1216 1217
1217 1218
1218 1219
1219 1220
1220 1221
1221 1222
1222 1223
1223 1224
1224 1225
1225 1226
1226 1227
1227 1228
1228 1229
1229 1230
1230 1231
1231 1232
1232 1233
1233 1234
1234 1235
1235 1236
1236 1237
1237 1238
1238 1239
1239 1240
1240 1241
1241 1242
1242 1243
1243 1244
1244 1245
1245 1246
1246 1247
1247 1248
1248 1249
1249 1250
1250 1251
1251 1252
1252 1253
1253 1254
1254 1255
1255 1256
1256 1257
1257 1258
1258 1259
1259 1260
1260 1261
1261 1262
1262 1263
1263 1264
1264 1265
1265 1266
1266 1267
1267 1268
1268 1269
1269 1270
1270 1271
1271 1272
1272 1273
1273 1274
1274 1275
1275 1276
1276 1277
1277 1278
1278 1279
1279 1280
1280 1281
1281 1282
1282 1283
1283 1284
1284 1285
1285 1286
1286 1287
1287 1288
1288 1289
1289 1290
1290 1291
1291 1292
1292 1293
1293 1294
1294 1295
1295 1296
1296 1297
1297 1298
1298 1299
1299 1300
1300 1301
1301 1302
1302 1303
1303 1304
1304 1305
1305 1306
1306 1307
1307 1308
1308 1309
1309 1310
1310 1311
1311 1312
1312 1313
1313 1314
1314 1315
1315 1316
1316 1317
1317 1318
1318 1319
1319 1320
1320 1321
1321 1322
1322 1323
1323 1324
1324 1325
1325 1326
1326 1327
1327 1328
1328 1329
1329 1330
1330 1331
1331 1332
1332 1333
1333 1334
1334 1335
1335 1336
1336 1337
1337 1338
1338 1339
1339 1340
1340 1341
1341 1342
1342 1343
1343 1344
1344 1345
1345 1346
1346 1347
1347 1348
1348 1349
1349 1350
1350 1351
1351 1352
1352 1353
1353 1354
1354 1355
1355 1356
1356 1357
1357 1358
1358 1359
1359 1360
1360 1361
1361 1362
1362 1363
1363 1364
1364 1365
1365 1366
1366 1367
1367 1368
1368 1369
1369 1370
1370 1371
1371 1372
1372 1373
1373 1374
1374 1375
1375 1376
1376 1377
1377 1378
1378 1379
1379 1380
1380 1381
1381 1382
1382 1383
1383 1384
1384 1385
1385 1386
1386 1387
1387 1388
1388 1389
1389 1390
1390 1391
1391 1392
1392 1393
1393 1394
1394 1395
1395 1396
1396 1397
1397 1398
1398 1399
1399 1400
1400 1401
1401 1402
1402 1403
1403 1404
1404 1405
1405 1406
1406 1407
1407 1408
1408 1409
1409 1410
1410 1411
1411 1412
1412 1413
1413 1414
1414 1415
1415 1416
1416 1417
1417 1418
1418 1419
1419 1420
1420 1421
1421 1422
1422 1423
1423 1424
1424 1425
1425 1426
1426 1427
1427 1428
1428 1429
1429 1430
1430 1431
1431 1432
1432 1433
1433 1434
1434 1435
1435 1436
1436 1437
1437 1438
1438 1439
1439 1440
1440 1441
1441 1442
1442 1443
1443 1444
1444 1445
1445 1446
1446 1447
1447 1448
1448 1449
1449 1450
1450 1451
1451 1452
1452 1453
1453 1454
1454 1455
1455 1456
1456 1457
1457 1458
1458 1459
1459 1460
1460 1461
1461 1462
1462 1463
1463 1464
1464 1465
1465 1466
1466 1467
1467 1468
1468 1469
1469 1470
1470 1471
1471 1472
1472 1473
1473 1474
1474 1475
1475 1476
1476 1477
1477 1478
1478 1479
1479 1480
1480 1481
1481 1482
1482 1483
1483 1484
1484 1485
1485 1486
1486 1487
1487 1488
1488 1489
1489 1490
1490 1491
1491 1492
1492 1493
1493 1494
1494 1495
1495 1496
1496 1497
1497 1498
1498 1499
1499 1500
1500 1501
1501 1502
1502 1503
1503 1504
1504 1505
1505 1506
1506 1507
1507 1508
1508 1509
1509 1510
1510 1511
1511 1512
1512 1513
1513 1514
1514 1515
1515 1516
1516 1517
1517 1518
1518 1519
1519 1520
1520 1521
1521 1522
1522 1523
1523 1524
1524 1525
1525 1526
1526 1527
1527 1528
1528 1529
1529 1530
1530 1531
1531 1532
1532 1533
1533 1534
1534 1535
1535 1536
1536 1537
1537 1538
1538 1539
1539 1540
1540 1541
1541 1542
1542 1543
1543 1544
1544 1545
1545 1546
1546 1547
1547 1548
1548 1549
1549 1550
1550 1551
1551 1552
1552 1553
1553 1554
1554 1555
1555 1556
1556 1557
1557 1558
1558 1559
1559 1560
1560 1561
1561 1562
1562 1563
1563 1564
1564 1565
1565 1566
1566 1567
1567 1568
1568 1569
1569 1570
1570 1571
1571 1572
1572 1573
1573 1574
1574 1575
1575 1576
1576 1577
1577 1578
1578 1579
1579 1580
1580 1581
1581 1582
1582 1583
1583 1584
1584 1585
1585 1586
1586 1587
1587 1588
1588 1589
1589 1590
1590 1591
1591 1592
1592 1593
1593 1594
1594 1595
1595 1596
1596 1597
1597 1598
1598 1599
1599 1600
1600 1601
1601 1602
1602 1603
1603 1604
1604 1605
1605 1606
1606 1607
1607 1608
1608 1609
1609 1610
1610 1611
1611 1612
1612 1613
1613 1614
1614 1615
1615 1616
1616 1617
1617 1618
1618 1619
1619 1620
1620 1621
1621 1622
1622 1623
1623 1624
1624 1625
1625 1626
1626 1627
1627 1628
1628 1629
1629 1630
1630 1631
1631 1632
1632 1633
1633 1634
1634 1635
1635 1636
1636 1637
1637 1638
1638 1639
1639 1640
1640 1641
1641 1642
1642 1643
1643 1644
1644 1645
1645 1646
1646 1647
1647 1648
1648 1649
1649 1650
1650 1651
1651 1652
1652 1653
1653 1654
1654 1655
1655 1656
1656 1657
1657 1658
1658 1659
1659 1660
1660 1661
1661 1662
1662 1663
1663 1664
1664 1665
1665 1666
1666 1667
1667 1668
1668 1669
1669 1670
1670 1671
1671 1672
1672 1673
1673 1674
1674 1675
1675 1676
1676 1677
1677 1678
1678 1679
1679 1680
1680 1681
1681 1682
1682 1683
1683 1684
1684 1685
1685 1686
1686 1687
1687 1688
1688 1689
1689 1690
1690 1691
1691 1692
1692 1693
1693 1694
1694 1695
1695 1696
1696 1697
1697 1698
1698 1699
1699 1700
1700 1701
1701 1702
1702 1703
1703 1704
1704 1705
1705 1706
1706 1707
1707 1708
1708 1709
1709 1710
1710 1711
1711 1712
1712 1713
1713 1714
1714 1715
1715 1716
1716 1717
1717 1718
1718 1719
1719 1720
1720 1721
1721 1722
1722 1723
1723 1724
1724 1725
1725 1726
1726 1727
1727 1728
1728 1729
1729 1730
1730 1731
1731 1732
1732 1733
1733 1734
1734 1735
1735 1736
1736 1737
1737 1738
1738 1739
1739 1740
1740 1741
1741 1742
1742 1743
1743 1744
1744 1745
1745 1746
1746 1747
1747 1748
1748 1749
1749 1750
1750 1751
1751 1752
1752 1753
1753 1754
1754 1755
1755 1756
1756 1757
1757 1758
1758 1759
1759 1760
1760 1761
1761 1762
1762 1763
1763 1764
1764 1765
1765 1766
1766 1767
1767 1768
1768 1769
1769 1770
1770 1771
1771 1772
1772 1773
1773 1774
1774 1775
1775 1776
1776 1777
1777 1778
1778 1779
1779 1780
1780 1781
1781 1782
1782 1783
1783 1784
1784 1785
1785 1786
1786 1787
1787 1788
1788 1789
1789 1790
1790 1791
1791 1792
1792 1793
1793 1794
1794 1795
1795 1796
1796 1797
1797 1798
1798 1799
1799 1800
1800 1801
1801 1802
1802 1803
1803 1804
1804 1805
1805 1806
1806 1807
1807 1808
1808 1809
1809 1810
1810 1811
1811 1812
1812 1813
1813 1814
1814 1815
1815 1816
1816 1817
1817 1818
1818 1819
1819 1820
1820 1821
1821 1822
1822 1823
1823 1824
1824 1825
1825 1826
1826 1827
1827 1828
1828 1829
1829 1830
1830 1831
1831 1832
1832 1833
1833 1834
1834 1835
1835 1836
1836 1837
1837 1838
1838 1839
1839 1840
1840 1841
1841 1842
1842 1843
1843 1844
1844 1845
1845 1846
1846 1847
1847 1848
1848 1849
1849 1850
1850 1851
1851 1852
1852 1853
1853 1854
1854 1855
1855 1856
1856 1857
1857 1858
1858 1859
1859 1860
1860 1861
1861 1862
1862 1863
1863 1864
1864 1865
1865 1866
1866 1867
1867 1868
1868 1869
1869 1870
1870 1871
1871 1872
1872 1873
1873 1874
1874 1875
1875 1876
1876 1877
1877 1878
1878 1879
1879 1880
1880 1881
1881 1882
1882 1883
1883 1884
1884 1885
1885 1886
1886 1887
1887 1888
1888 1889
1889 1890
1890 1891
1891 1892
1892 1893
1893 1894
1894 1895
1895 1896
1896 1897
1897 1898
1898 1899
1899 1900
1900 1901
1901 1902
1902 1903
1903 1904
1904 1905
1905 1906
1906 1907
1907 1908
1908 1909
1909 1910
1910 1911
1911 1912
1912 1913
1913 1914
1914 1915
1915 1916
1916 1917
1917 1918
1918 1919
1919 1920
1920 1921
1921 1922
1922 1923
1923 1924
1924 1925
1925 1926
1926 1927
1927 1928
1928 1929
1929 1930
1930 1931
1931 1932
1932 1933
1933 1934
1934 1935
1935 1936
1936 1937
1937 1938
1938 1939
1939 1940
1940 1941
1941 1942
1942 1943
1943 1944
1944 1945
1945 1946
1946 1947
1947 1948
1948 1949
1949 1950
1950 1951
1951 1952
1952 1953
1953 1954
1954 1955
1955 1956
1956 1957
1957 1958
1958 1959
1959 1960
1960 1961
1961 1962
1962 1963
1963 1964
1964 1965
1965 1966
1966 1967
1967 1968
1968 1969
1969 1970
1970 1971
1971 1972
1972 1973
1973 1974
1974 1975
1975 1976
1976 1977
1977 1978
1978 1979
1979 1980
1980 1981
1981 1982
1982 1983
1983 1984
1984 1985
1985 1986
1986 1987
1987 1988
1988 1989
1989 1990
1990 1991
1991 1992
1992 1993
1993 1994
1994 1995
1995 1996
1996 1997
1997 1998
1998 1999
1999 2000
2000 2001
2001 2002
2002 2003
2003 2004
2004 2005
2005 2006
2006 2007
2007 2008
2008 2009
2009 2010
2010 2011
2011 2012
2012 2013
2013 2014
2014 2015
2015 2016
2016 2017
2017 2018
2018 2019
2019 2020
2020 2021
2021 2022
2022 2023
2023 2024
2024 2025
2025 2026
2026 2027
2027 2028
2028 2029
2029 2030
2030 2031
2031 2032
2032 2033
2033 2034
2034 2035
2035 2036
2036 2037
2037 2038
2038 2039
2039 2040
2040 2041
2041 2042
2042 2043
2043 2044
2044 2045
2045 2046
2046 2047
2047 2048
2048 2049
2049 2050
2050 2051
2051 2052
2052 2053
2053 2054
2054 2055
2055 2056
2056 2057
2057 2058
2058 2059
2059 2060
2060 2061
2061 2062
2062 2063
2063 2064
2064 2065
2065 2066
2066 2067
2067 2068
2068 2069
2069 2070
2070 2071
2071 2072
2072 2073
2073 2074
2074 2075
2075 2076
2076 2077
2077 2078
2078 2079
2079 2080
2080 2081
2081 2082
2082 2083
2083 2084
2084 2085
2085 2086
2086 2087
2087 2088
2088 2089
2089 2090
2090 2091
2091 2092
2092 2093
2093 2094
2094 2095
2095 2096
2096 2097
2097 2098
2098 2099
2099 2100
2100 2101
2101 2102
2102 2103
2103 2104
2104 2105
2105 2106
2106 2107
2107 2108
2108 2109
2109 2110
2110 2111
2111 2112
2112 2113
2113 2114
2114 2115
2115 2116
2116 2117
2117 2118
2118 2119
2119 2120
2120 2121
2121 2122
2122 2123
2123 2124
2124 2125
2125 2126
2126 2127
2127 2128
2128 2129
2129 2130
2130 2131
2131 2132
2132 2133
2133 2134
2134 2135
2135 2136
2136 2137
2137 2138
2138 2139
2139 2140
2140 2141
2141 2142
2142 2143
2143 2144
2144 2145
2145 2146
2146 2147
2147 2148
2148 2149
2149 2150
2150 2151
2151 2152
2152 2153
2153 2154
2154 2155
2155 2156
2156 2157
2157 2158
2158 2159
2159 2160
2160 2161
2161 2162
2162 2163
2163 2164
2164 2165
2165 2166
2166 2167
2167 2168
2168 2169
2169 2170
2170 2171
2171 2172
2172 2173
2173 2174
2174 2175
2175 2176
2176 2177
2177 2178
2178 2179
2179 2180
2180 2181
2181 2182
2182 2183
2183 2184
2184 2185
2185 2186
2186 2187
2187 2188
2188 2189
2189 2190
2190 2191
2191 2192
2192 2193
2193 2194
2194 2195
2195 2196
2196 2197
2197 2198
2198 2199
2199 2200
2200 2201
2201 2202
2202 2203
2203 2204
2204 2205
2205 2206
2206 2207
2207 2208
2208 2209
2209 2210
2210 2211
2211 2212
2212 2213
2213 2214
2214 2215
2215 2216
2216 2217
2217 2218
2218 2219
2219 2220
2220 2221
2221 2222
2222 2223
2223 2224
2224 2225
2225 2226
2226 2227
2227 2228
2228 2229
2229 2230
2230 2231
2231 2232
2232 2233
2233 2234
2234 2235
2235 2236
2236 2237
2237 2238
2238 2239
2239 2240
2240 2241
2241 2242
2242 2243
2243 2244
2244 2245
2245 2246
2246 2247
2247 2248
2248 2249
2249 2250
2250 2251
2251 2252
2252 2253
2253 2254
2254 2255
2255 2256
2256 2257
2257 2258
2258 2259
2259 2260
2260 2261
2261 2262
2262 2263
2263 2264
2264 2265
2265 2266
2266 2267
2267 2268
2268 2269
2269 2270
2270 2271
2271 2272
2272 2273
2273 2274
2274 2275
2275 2276
2276 2277
2277 2278
2278 2279
2279 2280
2280 2281
2281 2282
2282 2283
2283 2284
2284 2285
2285 2286
2286 2287
2287 2288
2288 2289
2289 2290
2290 2291
2291 2292
2292 2293
2293 2294
2294 2295
2295 2296
2296 2297
2297 2298
2298 2299
2299 2300
2300 2301
2301 2302
2302 2303
2303 2304
2304 2305
2305 2306
2306 2307
2307 2308
2308 2309
2309 2310
2310 2311
2311 2312
2312 2313
2313 2314
2314 2315
2315 2316
2316 2317
2317 2318
2318 2319
2319 2320
2320 2321
2321 2322
2322 2323
2323 2324
2324 2325
2325 2326
2326 2327
2327 2328
2328 2329
2329 2330
2330 2331
2331 2332
2332 2333
2333 2334
2334 2335
2335 2336
2336 2337
2337 2338
2338 2339
2339 2340
2340 2341
2341 2342
2342 2343
2343 2344
2344 2345
2345 2346
2346 2347
2347 2348
2348 2349
2349 2350
2350 2351
2351 2352
2352 2353
2353 2354
2354 2355
2355 2356
2356 2357
2357 2358
2358 2359
2359 2360
2360 2361
2361 2362
2362 2363
2363 2364
2364 2365
2365 2366
2366 2367
2367 2368
2368 2369
2369 2370
2370 2371
2371 2372
2372 2373
2373 2374
2374 2375
2375 2376
2376 2377
2377 2378
2378 2379
2379 2380
2380 2381
2381 2382
2382 2383
2383 2384
2384 2385
2385 2386
2386 2387
2387 2388
2388 2389
2389 2390
2390 2391
2391 2392
2392 2393
2393 2394
2394 2395
2395 2396
2396 2397
2397 2398
2398 2399
2399 2400
2400 2401
2401 2402
2402 2403
2403 2404
2404 2405
2405 2406
2406 2407
2407 2408
2408 2409
2409 2410
2410 2411
2411 2412
2412 2413
2413 2414
2414 2415
2415 2416
2416 2417
2417 2418
2418 2419
2419 2420
2420 2421
2421 2422
2422 2423
2423 2424
2424 2425
2425 2426
2426 2427
2427 2428
2428 2429
2429 2430
2430 2431
2431 2432
2432 2433
2433 2434
2434 2435
2435 2436
2436 2437
2437 2438
2438 2439
2439 2440
2440 2441
2441 2442
2442 2443
2443 2444
2444 2445
2445 2446
2446 2447
2447 2448
2448 2449
2449 2450
2450 2451
2451 2452
2452 2453
2453 2454
2454 2455
2455 2456
2456 2457
2457 2458
2458 2459
2459 2460
2460 2461
2461 2462
2462 2463
2463 2464
2464 2465
2465 2466
2466 2467
2467 2468
2468 2469
2469 2470
2470 2471
2471 2472
2472 2473
2473 2474
2474 2475
2475 2476
2476 2477
2477 2478
2478 2479
2479 2480
2480 2481
2481 2482
2482 2483
2483 2484
2484 2485
2485 2486
2486 2487
2487 2488
2488 2489
2489 2490
2490 2491
2491 2492
2492 2493
2493 2494
2494 2495
2495 2496
2496 2497
2497 2498
2498 2499
2499 2500
2500 2501
2500 2502
2500 2503
2500 2504
2500 2505
2500 2506
2500 2507
2500 2508
2500 2509
2500 2510
2500 2511
2500 2512
2500 2513
2500 2514
2500 2515
2500 2516
2500 2517
2500 2518
2500 2519
2500 2520
2500 2521
2500 2522
2500 2523
2500 2524
2500 2525
2500 2526
2500 2527
2500 2528
2500 2529
2500 2530
2500 2531
2500 2532
2500 2533
2500 2534
2500 2535
2500 2536
2500 2537
2500 2538
2500 2539
2500 2540
2500 2541
2500 2542
2500 2543
2500 2544
2500 2545
2500 2546
2500 2547
2500 2548
2500 2549
2500 2550
2500 2551
2500 2552
2500 2553
2500 2554
2500 2555
2500 2556
2500 2557
2500 2558
2500 2559
2500 2560
2500 2561
2500 2562
2500 2563
2500 2564
2500 2565
2500 2566
2500 2567
2500 2568
2500 2569
2500 2570
2500 2571
2500 2572
2500 2573
2500 2574
2500 2575
2500 2576
2500 2577
2500 2578
2500 2579
2500 2580
2500 2581
2500 2582
2500 2583
2500 2584
2500 2585
2500 2586
2500 2587
2500 2588
2500 2589
2500 2590
2500 2591
2500 2592
2500 2593
2500 2594
2500 2595
2500 2596
2500 2597
2500 2598
2500 2599
2500 2600
2500 2601
2500 2602
2500 2603
2500 2604
2500 2605
2500 2606
2500 2607
2500 2608
2500 2609
2500 2610
2500 2611
2500 2612
2500 2613
2500 2614
2500 2615
2500 2616
2500 2617
2500 2618
2500 2619
2500 2620
2500 2621
2500 2622
2500 2623
2500 2624
2500 2625
2500 2626
2500 2627
2500 2628
2500 2629
2500 2630
2500 2631
2500 2632
2500 2633
2500 2634
2500 2635
2500 2636
2500 2637
2500 2638
2500 2639
2500 2640
2500 2641
2500 2642
2500 2643
2500 2644
2500 2645
2500 2646
2500 2647
2500 2648
2500 2649
2500 2650
2500 2651
2500 2652
2500 2653
2500 2654
2500 2655
2500 2656
2500 2657
2500 2658
2500 2659
2500 2660
2500 2661
2500 2662
2500 2663
2500 2664
2500 2665
2500 2666
2500 2667
2500 2668
2500 2669
2500 2670
2500 2671
2500 2672
2500 2673
2500 2674
2500 2675
2500 2676
2500 2677
2500 2678
2500 2679
2500 2680
2500 2681
2500 2682
2500 2683
2500 2684
2500 2685
2500 2686
2500 2687
2500 2688
2500 2689
2500 2690
2500 2691
2500 2692
2500 2693
2500 2694
2500 2695
2500 2696
2500 2697
2500 2698
2500 2699
2500 2700
2500 2701
2500 2702
2500 2703
2500 2704
2500 2705
2500 2706
2500 2707
2500 2708
2500 2709
2500 2710
2500 2711
2500 2712
2500 2713
2500 2714
2500 2715
2500 2716
2500 2717
2500 2718
2500 2719
2500 2720
2500 2721
2500 2722
2500 2723
2500 2724
2500 2725
2500 2726
2500 2727
2500 2728
2500 2729
2500 2730
2500 2731
2500 2732
2500 2733
2500 2734
2500 2735
2500 2736
2500 2737
2500 2738
2500 2739
2500 2740
2500 2741
2500 2742
2500 2743
2500 2744
2500 2745
2500 2746
2500 2747
2500 2748
2500 2749
2500 2750
2500 2751
2500 2752
2500 2753
2500 2754
2500 2755
2500 2756
2500 2757
2500 2758
2500 2759
2500 2760
2500 2761
2500 2762
2500 2763
2500 2764
2500 2765
2500 2766
2500 2767
2500 2768
2500 2769
2500 2770
2500 2771
2500 2772
2500 2773
2500 2774
2500 2775
2500 2776
2500 2777
2500 2778
2500 2779
2500 2780
2500 2781
2500 2782
2500 2783
2500 2784
2500 2785
2500 2786
2500 2787
2500 2788
2500 2789
2500 2790
2500 2791
2500 2792
2500 2793
2500 2794
2500 2795
2500 2796
2500 2797
2500 2798
2500 2799
2500 2800
2500 2801
2500 2802
2500 2803
2500 2804
2500 2805
2500 2806
2500 2807
2500 2808
2500 2809
2500 2810
2500 2811
2500 2812
2500 2813
2500 2814
2500 2815
2500 2816
2500 2817
2500 2818
2500 2819
2500 2820
2500 2821
2500 2822
2500 2823
2500 2824
2500 2825
2500 2826
2500 2827
2500 2828
2500 2829
2500 2830
2500 2831
2500 2832
2500 2833
2500 2834
2500 2835
2500 2836
2500 2837
2500 2838
2500 2839
2500 2840
2500 2841
2500 2842
2500 2843
2500 2844
2500 2845
2500 2846
2500 2847
2500 2848
2500 2849
2500 2850
2500 2851
2500 2852
2500 2853
2500 2854
2500 2855
2500 2856
2500 2857
2500 2858
2500 2859
2500 2860
2500 2861
2500 2862
2500 2863
2500 2864
2500 2865
2500 2866
2500 2867
2500 2868
2500 2869
2500 2870
2500 2871
2500 2872
2500 2873
2500 2874
2500 2875
2500 2876
2500 2877
2500 2878
2500 2879
2500 2880
2500 2881
2500 2882
2500 2883
2500 2884
2500 2885
2500 2886
2500 2887
2500 2888
2500 2889
2500 2890
2500 2891
2500 2892
2500 2893
2500 2894
2500 2895
2500 2896
2500 2897
2500 2898
2500 2899
2500 2900
2500 2901
2500 2902
2500 2903
2500 2904
2500 2905
2500 2906
2500 2907
2500 2908
2500 2909
2500 2910
2500 2911
2500 2912
2500 2913
2500 2914
2500 2915
2500 2916
2500 2917
2500 2918
2500 2919
2500 2920
2500 2921
2500 2922
2500 2923
2500 2924
2500 2925
2500 2926
2500 2927
2500 2928
2500 2929
2500 2930
2500 2931
2500 2932
2500 2933
2500 2934
2500 2935
2500 2936
2500 2937
2500 2938
2500 2939
2500 2940
2500 2941
2500 2942
2500 2943
2500 2944
2500 2945
2500 2946
2500 2947
2500 2948
2500 2949
2500 2950
2500 2951
2500 2952
2500 2953
2500 2954
2500 2955
2500 2956
2500 2957
2500 2958
2500 2959
2500 2960
2500 2961
2500 2962
2500 2963
2500 2964
2500 2965
2500 2966
2500 2967
2500 2968
2500 2969
2500 2970
2500 2971
2500 2972
2500 2973
2500 2974
2500 2975
2500 2976
2500 2977
2500 2978
2500 2979
2500 2980
2500 2981
2500 2982
2500 2983
2500 2984
2500 2985
2500 2986
2500 2987
2500 2988
2500 2989
2500 2990
2500 2991
2500 2992
2500 2993
2500 2994
2500 2995
2500 2996
2500 2997
2500 2998
2500 2999
2500 3000
2500 3001
2500 3002
2500 3003
2500 3004
2500 3005
2500 3006
2500 3007
2500 3008
2500 3009
2500 3010
2500 3011
2500 3012
2500 3013
2500 3014
2500 3015
2500 3016
2500 3017
2500 3018
2500 3019
2500 3020
2500 3021
2500 3022
2500 3023
2500 3024
2500 3025
2500 3026
2500 3027
2500 3028
2500 3029
2500 3030
2500 3031
2500 3032
2500 3033
2500 3034
2500 3035
2500 3036
2500 3037
2500 3038
2500 3039
2500 3040
2500 3041
2500 3042
2500 3043
2500 3044
2500 3045
2500 3046
2500 3047
2500 3048
2500 3049
2500 3050
2500 3051
2500 3052
2500 3053
2500 3054
2500 3055
2500 3056
2500 3057
2500 3058
2500 3059
2500 3060
2500 3061
2500 3062
2500 3063
2500 3064
2500 3065
2500 3066
2500 3067
2500 3068
2500 3069
2500 3070
2500 3071
2500 3072
2500 3073
2500 3074
2500 3075
2500 3076
2500 3077
2500 3078
2500 3079
2500 3080
2500 3081
2500 3082
2500 3083
2500 3084
2500 3085
2500 3086
2500 3087
2500 3088
2500 3089
2500 3090
2500 3091
2500 3092
2500 3093
2500 3094
2500 3095
2500 3096
2500 3097
2500 3098
2500 3099
2500 3100
2500 3101
2500 3102
2500 3103
2500 3104
2500 3105
2500 3106
2500 3107
2500 3108
2500 3109
2500 3110
2500 3111
2500 3112
2500 3113
2500 3114
2500 3115
2500 3116
2500 3117
2500 3118
2500 3119
2500 3120
2500 3121
2500 3122
2500 3123
2500 3124
2500 3125
2500 3126
2500 3127
2500 3128
2500 3129
2500 3130
2500 3131
2500 3132
2500 3133
2500 3134
2500 3135
2500 3136
2500 3137
2500 3138
2500 3139
2500 3140
2500 3141
2500 3142
2500 3143
2500 3144
2500 3145
2500 3146
2500 3147
2500 3148
2500 3149
2500 3150
2500 3151
2500 3152
2500 3153
2500 3154
2500 3155
2500 3156
2500 3157
2500 3158
2500 3159
2500 3160
2500 3161
2500 3162
2500 3163
2500 3164
2500 3165
2500 3166
2500 3167
2500 3168
2500 3169
2500 3170
2500 3171
2500 3172
2500 3173
2500 3174
2500 3175
2500 3176
2500 3177
2500 3178
2500 3179
2500 3180
2500 3181
2500 3182
2500 3183
2500 3184
2500 3185
2500 3186
2500 3187
2500 3188
2500 3189
2500 3190
2500 3191
2500 3192
2500 3193
2500 3194
2500 3195
2500 3196
2500 3197
2500 3198
2500 3199
2500 3200
2500 3201
2500 3202
2500 3203
2500 3204
2500 3205
2500 3206
2500 3207
2500 3208
2500 3209
2500 3210
2500 3211
2500 3212
2500 3213
2500 3214
2500 3215
2500 3216
2500 3217
2500 3218
2500 3219
2500 3220
2500 3221
2500 3222
2500 3223
2500 3224
2500 3225
2500 3226
2500 3227
2500 3228
2500 3229
2500 3230
2500 3231
2500 3232
2500 3233
2500 3234
2500 3235
2500 3236
2500 3237
2500 3238
2500 3239
2500 3240
2500 3241
2500 3242
2500 3243
2500 3244
2500 3245
2500 3246
2500 3247
2500 3248
2500 3249
2500 3250
2500 3251
2500 3252
2500 3253
2500 3254
2500 3255
2500 3256
2500 3257
2500 3258
2500 3259
2500 3260
2500 3261
2500 3262
2500 3263
2500 3264
2500 3265
2500 3266
2500 3267
2500 3268
2500 3269
2500 3270
2500 3271
2500 3272
2500 3273
2500 3274
2500 3275
2500 3276
2500 3277
2500 3278
2500 3279
2500 3280
2500 3281
2500 3282
2500 3283
2500 3284
2500 3285
2500 3286
2500 3287
2500 3288
2500 3289
2500 3290
2500 3291
2500 3292
2500 3293
2500 3294
2500 3295
2500 3296
2500 3297
2500 3298
2500 3299
2500 3300
2500 3301
2500 3302
2500 3303
2500 3304
2500 3305
2500 3306
2500 3307
2500 3308
2500 3309
2500 3310
2500 3311
2500 3312
2500 3313
2500 3314
2500 3315
2500 3316
2500 3317
2500 3318
2500 3319
2500 3320
2500 3321
2500 3322
2500 3323
2500 3324
2500 3325
2500 3326
2500 3327
2500 3328
2500 3329
2500 3330
2500 3331
2500 3332
2500 3333
2500 3334
2500 3335
2500 3336
2500 3337
2500 3338
2500 3339
2500 3340
2500 3341
2500 3342
2500 3343
2500 3344
2500 3345
2500 3346
2500 3347
2500 3348
2500 3349
2500 3350
2500 3351
2500 3352
2500 3353
2500 3354
2500 3355
2500 3356
2500 3357
2500 3358
2500 3359
2500 3360
2500 3361
2500 3362
2500 3363
2500 3364
2500 3365
2500 3366
2500 3367
2500 3368
2500 3369
2500 3370
2500 3371
2500 3372
2500 3373
2500 3374
2500 3375
2500 3376
2500 3377
2500 3378
2500 3379
2500 3380
2500 3381
2500 3382
2500 3383
2500 3384
2500 3385
2500 3386
2500 3387
2500 3388
2500 3389
2500 3390
2500 3391
2500 3392
2500 3393
2500 3394
2500 3395
2500 3396
2500 3397
2500 3398
2500 3399
2500 3400
2500 3401
2500 3402
2500 3403
2500 3404
2500 3405
2500 3406
2500 3407
2500 3408
2500 3409
2500 3410
2500 3411
2500 3412
2500 3413
2500 3414
2500 3415
2500 3416
2500 3417
2500 3418
2500 3419
2500 3420
2500 3421
2500 3422
2500 3423
2500 3424
2500 3425
2500 3426
2500 3427
2500 3428
2500 3429
2500 3430
2500 3431
2500 3432
2500 3433
2500 3434
2500 3435
2500 3436
2500 3437
2500 3438
2500 3439
2500 3440
2500 3441
2500 3442
2500 3443
2500 3444
2500 3445
2500 3446
2500 3447
2500 3448
2500 3449
2500 3450
2500 3451
2500 3452
2500 3453
2500 3454
2500 3455
2500 3456
2500 3457
2500 3458
2500 3459
2500 3460
2500 3461
2500 3462
2500 3463
2500 3464
2500 3465
2500 3466
2500 3467
2500 3468
2500 3469
2500 3470
2500 3471
2500 3472
2500 3473
2500 3474
2500 3475
2500 3476
2500 3477
2500 3478
2500 3479
2500 3480
2500 3481
2500 3482
2500 3483
2500 3484
2500 3485
2500 3486
2500 3487
2500 3488
2500 3489
2500 3490
2500 3491
2500 3492
2500 3493
2500 3494
2500 3495
2500 3496
2500 3497
2500 3498
2500 3499
2500 3500
2500 3501
2500 3502
2500 3503
2500 3504
2500 3505
2500 3506
2500 3507
2500 3508
2500 3509
2500 3510
2500 3511
2500 3512
2500 3513
2500 3514
2500 3515
2500 3516
2500 3517
2500 3518
2500 3519
2500 3520
2500 3521
2500 3522
2500 3523
2500 3524
2500 3525
2500 3526
2500 3527
2500 3528
2500 3529
2500 3530
2500 3531
2500 3532
2500 3533
2500 3534
2500 3535
2500 3536
2500 3537
2500 3538
2500 3539
2500 3540
2500 3541
2500 3542
2500 3543
2500 3544
2500 3545
2500 3546
2500 3547
2500 3548
2500 3549
2500 3550
2500 3551
2500 3552
2500 3553
2500 3554
2500 3555
2500 3556
2500 3557
2500 3558
2500 3559
2500 3560
2500 3561
2500 3562
2500 3563
2500 3564
2500 3565
2500 3566
2500 3567
2500 3568
2500 3569
2500 3570
2500 3571
2500 3572
2500 3573
2500 3574
2500 3575
2500 3576
2500 3577
2500 3578
2500 3579
2500 3580
2500 3581
2500 3582
2500 3583
2500 3584
2500 3585
2500 3586
2500 3587
2500 3588
2500 3589
2500 3590
2500 3591
2500 3592
2500 3593
2500 3594
2500 3595
2500 3596
2500 3597
2500 3598
2500 3599
2500 3600
2500 3601
2500 3602
2500 3603
2500 3604
2500 3605
2500 3606
2500 3607
2500 3608
2500 3609
2500 3610
2500 3611
2500 3612
2500 3613
2500 3614
2500 3615
2500 3616
2500 3617
2500 3618
2500 3619
2500 3620
2500 3621
2500 3622
2500 3623
2500 3624
2500 3625
2500 3626
2500 3627
2500 3628
2500 3629
2500 3630
2500 3631
2500 3632
2500 3633
2500 3634
2500 3635
2500 3636
2500 3637
2500 3638
2500 3639
2500 3640
2500 3641
2500 3642
2500 3643
2500 3644
2500 3645
2500 3646
2500 3647
2500 3648
2500 3649
2500 3650
2500 3651
2500 3652
2500 3653
2500 3654
2500 3655
2500 3656
2500 3657
2500 3658
2500 3659
2500 3660
2500 3661
2500 3662
2500 3663
2500 3664
2500 3665
2500 3666
2500 3667
2500 3668
2500 3669
2500 3670
2500 3671
2500 3672
2500 3673
2500 3674
2500 3675
2500 3676
2500 3677
2500 3678
2500 3679
2500 3680
2500 3681
2500 3682
2500 3683
2500 3684
2500 3685
2500 3686
2500 3687
2500 3688
2500 3689
2500 3690
2500 3691
2500 3692
2500 3693
2500 3694
2500 3695
2500 3696
2500 3697
2500 3698
2500 3699
2500 3700
2500 3701
2500 3702
2500 3703
2500 3704
2500 3705
2500 3706
2500 3707
2500 3708
2500 3709
2500 3710
2500 3711
2500 3712
2500 3713
2500 3714
2500 3715
2500 3716
2500 3717
2500 3718
2500 3719
2500 3720
2500 3721
2500 3722
2500 3723
2500 3724
2500 3725
2500 3726
2500 3727
2500 3728
2500 3729
2500 3730
2500 3731
2500 3732
2500 3733
2500 3734
2500 3735
2500 3736
2500 3737
2500 3738
2500 3739
2500 3740
2500 3741
2500 3742
2500 3743
2500 3744
2500 3745
2500 3746
2500 3747
2500 3748
2500 3749
2500 3750
2500 3751
2500 3752
2500 3753
2500 3754
2500 3755
2500 3756
2500 3757
2500 3758
2500 3759
2500 3760
2500 3761
2500 3762
2500 3763
2500 3764
2500 3765
2500 3766
2500 3767
2500 3768
2500 3769
2500 3770
2500 3771
2500 3772
2500 3773
2500 3774
2500 3775
2500 3776
2500 3777
2500 3778
2500 3779
2500 3780
2500 3781
2500 3782
2500 3783
2500 3784
2500 3785
2500 3786
2500 3787
2500 3788
2500 3789
2500 3790
2500 3791
2500 3792
2500 3793
2500 3794
2500 3795
2500 3796
2500 3797
2500 3798
2500 3799
2500 3800
2500 3801
2500 3802
2500 3803
2500 3804
2500 3805
2500 3806
2500 3807
2500 3808
2500 3809
2500 3810
2500 3811
2500 3812
2500 3813
2500 3814
2500 3815
2500 3816
2500 3817
2500 3818
2500 3819
2500 3820
2500 3821
2500 3822
2500 3823
2500 3824
2500 3825
2500 3826
2500 3827
2500 3828
2500 3829
2500 3830
2500 3831
2500 3832
2500 3833
2500 3834
2500 3835
2500 3836
2500 3837
2500 3838
2500 3839
2500 3840
2500 3841
2500 3842
2500 3843
2500 3844
2500 3845
2500 3846
2500 3847
2500 3848
2500 3849
2500 3850
2500 3851
2500 3852
2500 3853
2500 3854
2500 3855
2500 3856
2500 3857
2500 3858
2500 3859
2500 3860
2500 3861
2500 3862
2500 3863
2500 3864
2500 3865
2500 3866
2500 3867
2500 3868
2500 3869
2500 3870
2500 3871
2500 3872
2500 3873
2500 3874
2500 3875
2500 3876
2500 3877
2500 3878
2500 3879
2500 3880
2500 3881
2500 3882
2500 3883
2500 3884
2500 3885
2500 3886
2500 3887
2500 3888
2500 3889
2500 3890
2500 3891
2500 3892
2500 3893
2500 3894
2500 3895
2500 3896
2500 3897
2500 3898
2500 3899
2500 3900
2500 3901
2500 3902
2500 3903
2500 3904
2500 3905
2500 3906
2500 3907
2500 3908
2500 3909
2500 3910
2500 3911
2500 3912
2500 3913
2500 3914
2500 3915
2500 3916
2500 3917
2500 3918
2500 3919
2500 3920
2500 3921
2500 3922
2500 3923
2500 3924
2500 3925
2500 3926
2500 3927
2500 3928
2500 3929
2500 3930
2500 3931
2500 3932
2500 3933
2500 3934
2500 3935
2500 3936
2500 3937
2500 3938
2500 3939
2500 3940
2500 3941
2500 3942
2500 3943
2500 3944
2500 3945
2500 3946
2500 3947
2500 3948
2500 3949
2500 3950
2500 3951
2500 3952
2500 3953
2500 3954
2500 3955
2500 3956
2500 3957
2500 3958
2500 3959
2500 3960
2500 3961
2500 3962
2500 3963
2500 3964
2500 3965
2500 3966
2500 3967
2500 3968
2500 3969
2500 3970
2500 3971
2500 3972
2500 3973
2500 3974
2500 3975
2500 3976
2500 3977
2500 3978
2500 3979
2500 3980
2500 3981
2500 3982
2500 3983
2500 3984
2500 3985
2500 3986
2500 3987
2500 3988
2500 3989
2500 3990
2500 3991
2500 3992
2500 3993
2500 3994
2500 3995
2500 3996
2500 3997
2500 3998
2500 3999
2500 4000
2500 4001
2500 4002
2500 4003
2500 4004
2500 4005
2500 4006
2500 4007
2500 4008
2500 4009
2500 4010
2500 4011
2500 4012
2500 4013
2500 4014
2500 4015
2500 4016
2500 4017
2500 4018
2500 4019
2500 4020
2500 4021
2500 4022
2500 4023
2500 4024
2500 4025
2500 4026
2500 4027
2500 4028
2500 4029
2500 4030
2500 4031
2500 4032
2500 4033
2500 4034
2500 4035
2500 4036
2500 4037
2500 4038
2500 4039
2500 4040
2500 4041
2500 4042
2500 4043
2500 4044
2500 4045
2500 4046
2500 4047
2500 4048
2500 4049
2500 4050
2500 4051
2500 4052
2500 4053
2500 4054
2500 4055
2500 4056
2500 4057
2500 4058
2500 4059
2500 4060
2500 4061
2500 4062
2500 4063
2500 4064
2500 4065
2500 4066
2500 4067
2500 4068
2500 4069
2500 4070
2500 4071
2500 4072
2500 4073
2500 4074
2500 4075
2500 4076
2500 4077
2500 4078
2500 4079
2500 4080
2500 4081
2500 4082
2500 4083
2500 4084
2500 4085
2500 4086
2500 4087
2500 4088
2500 4089
2500 4090
2500 4091
2500 4092
2500 4093
2500 4094
2500 4095
2500 4096
2500 4097
2500 4098
2500 4099
2500 4100
2500 4101
2500 4102
2500 4103
2500 4104
2500 4105
2500 4106
2500 4107
2500 4108
2500 4109
2500 4110
2500 4111
2500 4112
2500 4113
2500 4114
2500 4115
2500 4116
2500 4117
2500 4118
2500 4119
2500 4120
2500 4121
2500 4122
2500 4123
2500 4124
2500 4125
2500 4126
2500 4127
2500 4128
2500 4129
2500 4130
2500 4131
2500 4132
2500 4133
2500 4134
2500 4135
2500 4136
2500 4137
2500 4138
2500 4139
2500 4140
2500 4141
2500 4142
2500 4143
2500 4144
2500 4145
2500 4146
2500 4147
2500 4148
2500 4149
2500 4150
2500 4151
2500 4152
2500 4153
2500 4154
2500 4155
2500 4156
2500 4157
2500 4158
2500 4159
2500 4160
2500 4161
2500 4162
2500 4163
2500 4164
2500 4165
2500 4166
2500 4167
2500 4168
2500 4169
2500 4170
2500 4171
2500 4172
2500 4173
2500 4174
2500 4175
2500 4176
2500 4177
2500 4178
2500 4179
2500 4180
2500 4181
2500 4182
2500 4183
2500 4184
2500 4185
2500 4186
2500 4187
2500 4188
2500 4189
2500 4190
2500 4191
2500 4192
2500 4193
2500 4194
2500 4195
2500 4196
2500 4197
2500 4198
2500 4199
2500 4200
2500 4201
2500 4202
2500 4203
2500 4204
2500 4205
2500 4206
2500 4207
2500 4208
2500 4209
2500 4210
2500 4211
2500 4212
2500 4213
2500 4214
2500 4215
2500 4216
2500 4217
2500 4218
2500 4219
2500 4220
2500 4221
2500 4222
2500 4223
2500 4224
2500 4225
2500 4226
2500 4227
2500 4228
2500 4229
2500 4230
2500 4231
2500 4232
2500 4233
2500 4234
2500 4235
2500 4236
2500 4237
2500 4238
2500 4239
2500 4240
2500 4241
2500 4242
2500 4243
2500 4244
2500 4245
2500 4246
2500 4247
2500 4248
2500 4249
2500 4250
2500 4251
2500 4252
2500 4253
2500 4254
2500 4255
2500 4256
2500 4257
2500 4258
2500 4259
2500 4260
2500 4261
2500 4262
2500 4263
2500 4264
2500 4265
2500 4266
2500 4267
2500 4268
2500 4269
2500 4270
2500 4271
2500 4272
2500 4273
2500 4274
2500 4275
2500 4276
2500 4277
2500 4278
2500 4279
2500 4280
2500 4281
2500 4282
2500 4283
2500 4284
2500 4285
2500 4286
2500 4287
2500 4288
2500 4289
2500 4290
2500 4291
2500 4292
2500 4293
2500 4294
2500 4295
2500 4296
2500 4297
2500 4298
2500 4299
2500 4300
2500 4301
2500 4302
2500 4303
2500 4304
2500 4305
2500 4306
2500 4307
2500 4308
2500 4309
2500 4310
2500 4311
2500 4312
2500 4313
2500 4314
2500 4315
2500 4316
2500 4317
2500 4318
2500 4319
2500 4320
2500 4321
2500 4322
2500 4323
2500 4324
2500 4325
2500 4326
2500 4327
2500 4328
2500 4329
2500 4330
2500 4331
2500 4332
2500 4333
2500 4334
2500 4335
2500 4336
2500 4337
2500 4338
2500 4339
2500 4340
2500 4341
2500 4342
2500 4343
2500 4344
2500 4345
2500 4346
2500 4347
2500 4348
2500 4349
2500 4350
2500 4351
2500 4352
2500 4353
2500 4354
2500 4355
2500 4356
2500 4357
2500 4358
2500 4359
2500 4360
2500 4361
2500 4362
2500 4363
2500 4364
2500 4365
2500 4366
2500 4367
2500 4368
2500 4369
2500 4370
2500 4371
2500 4372
2500 4373
2500 4374
2500 4375
2500 4376
2500 4377
2500 4378
2500 4379
2500 4380
2500 4381
2500 4382
2500 4383
2500 4384
2500 4385
2500 4386
2500 4387
2500 4388
2500 4389
2500 4390
2500 4391
2500 4392
2500 4393
2500 4394
2500 4395
2500 4396
2500 4397
2500 4398
2500 4399
2500 4400
2500 4401
2500 4402
2500 4403
2500 4404
2500 4405
2500 4406
2500 4407
2500 4408
2500 4409
2500 4410
2500 4411
2500 4412
2500 4413
2500 4414
2500 4415
2500 4416
2500 4417
2500 4418
2500 4419
2500 4420
2500 4421
2500 4422
2500 4423
2500 4424
2500 4425
2500 4426
2500 4427
2500 4428
2500 4429
2500 4430
2500 4431
2500 4432
2500 4433
2500 4434
2500 4435
2500 4436
2500 4437
2500 4438
2500 4439
2500 4440
2500 4441
2500 4442
2500 4443
2500 4444
2500 4445
2500 4446
2500 4447
2500 4448
2500 4449
2500 4450
2500 4451
2500 4452
2500 4453
2500 4454
2500 4455
2500 4456
2500 4457
2500 4458
2500 4459
2500 4460
2500 4461
2500 4462
2500 4463
2500 4464
2500 4465
2500 4466
2500 4467
2500 4468
2500 4469
2500 4470
2500 4471
2500 4472
2500 4473
2500 4474
2500 4475
2500 4476
2500 4477
2500 4478
2500 4479
2500 4480
2500 4481
2500 4482
2500 4483
2500 4484
2500 4485
2500 4486
2500 4487
2500 4488
2500 4489
2500 4490
2500 4491
2500 4492
2500 4493
2500 4494
2500 4495
2500 4496
2500 4497
2500 4498
2500 4499
2500 4500
2500 4501
2500 4502
2500 4503
2500 4504
2500 4505
2500 4506
2500 4507
2500 4508
2500 4509
2500 4510
2500 4511
2500 4512
2500 4513
2500 4514
2500 4515
2500 4516
2500 4517
2500 4518
2500 4519
2500 4520
2500 4521
2500 4522
2500 4523
2500 4524
2500 4525
2500 4526
2500 4527
2500 4528
2500 4529
2500 4530
2500 4531
2500 4532
2500 4533
2500 4534
2500 4535
2500 4536
2500 4537
2500 4538
2500 4539
2500 4540
2500 4541
2500 4542
2500 4543
2500 4544
2500 4545
2500 4546
2500 4547
2500 4548
2500 4549
2500 4550
2500 4551
2500 4552
2500 4553
2500 4554
2500 4555
2500 4556
2500 4557
2500 4558
2500 4559
2500 4560
2500 4561
2500 4562
2500 4563
2500 4564
2500 4565
2500 4566
2500 4567
2500 4568
2500 4569
2500 4570
2500 4571
2500 4572
2500 4573
2500 4574
2500 4575
2500 4576
2500 4577
2500 4578
2500 4579
2500 4580
2500 4581
2500 4582
2500 4583
2500 4584
2500 4585
2500 4586
2500 4587
2500 4588
2500 4589
2500 4590
2500 4591
2500 4592
2500 4593
2500 4594
2500 4595
2500 4596
2500 4597
2500 4598
2500 4599
2500 4600
2500 4601
2500 4602
2500 4603
2500 4604
2500 4605
2500 4606
2500 4607
2500 4608
2500 4609
2500 4610
2500 4611
2500 4612
2500 4613
2500 4614
2500 4615
2500 4616
2500 4617
2500 4618
2500 4619
2500 4620
2500 4621
2500 4622
2500 4623
2500 4624
2500 4625
2500 4626
2500 4627
2500 4628
2500 4629
2500 4630
2500 4631
2500 4632
2500 4633
2500 4634
2500 4635
2500 4636
2500 4637
2500 4638
2500 4639
2500 4640
2500 4641
2500 4642
2500 4643
2500 4644
2500 4645
2500 4646
2500 4647
2500 4648
2500 4649
2500 4650
2500 4651
2500 4652
2500 4653
2500 4654
2500 4655
2500 4656
2500 4657
2500 4658
2500 4659
2500 4660
2500 4661
2500 4662
2500 4663
2500 4664
2500 4665
2500 4666
2500 4667
2500 4668
2500 4669
2500 4670
2500 4671
2500 4672
2500 4673
2500 4674
2500 4675
2500 4676
2500 4677
2500 4678
2500 4679
2500 4680
2500 4681
2500 4682
2500 4683
2500 4684
2500 4685
2500 4686
2500 4687
2500 4688
2500 4689
2500 4690
2500 4691
2500 4692
2500 4693
2500 4694
2500 4695
2500 4696
2500 4697
2500 4698
2500 4699
2500 4700
2500 4701
2500 4702
2500 4703
2500 4704
2500 4705
2500 4706
2500 4707
2500 4708
2500 4709
2500 4710
2500 4711
2500 4712
2500 4713
2500 4714
2500 4715
2500 4716
2500 4717
2500 4718
2500 4719
2500 4720
2500 4721
2500 4722
2500 4723
2500 4724
2500 4725
2500 4726
2500 4727
2500 4728
2500 4729
2500 4730
2500 4731
2500 4732
2500 4733
2500 4734
2500 4735
2500 4736
2500 4737
2500 4738
2500 4739
2500 4740
2500 4741
2500 4742
2500 4743
2500 4744
2500 4745
2500 4746
2500 4747
2500 4748
2500 4749
2500 4750
2500 4751
2500 4752
2500 4753
2500 4754
2500 4755
2500 4756
2500 4757
2500 4758
2500 4759
2500 4760
2500 4761
2500 4762
2500 4763
2500 4764
2500 4765
2500 4766
2500 4767
2500 4768
2500 4769
2500 4770
2500 4771
2500 4772
2500 4773
2500 4774
2500 4775
2500 4776
2500 4777
2500 4778
2500 4779
2500 4780
2500 4781
2500 4782
2500 4783
2500 4784
2500 4785
2500 4786
2500 4787
2500 4788
2500 4789
2500 4790
2500 4791
2500 4792
2500 4793
2500 4794
2500 4795
2500 4796
2500 4797
2500 4798
2500 4799
2500 4800
2500 4801
2500 4802
2500 4803
2500 4804
2500 4805
2500 4806
2500 4807
2500 4808
2500 4809
2500 4810
2500 4811
2500 4812
2500 4813
2500 4814
2500 4815
2500 4816
2500 4817
2500 4818
2500 4819
2500 4820
2500 4821
2500 4822
2500 4823
2500 4824
2500 4825
2500 4826
2500 4827
2500 4828
2500 4829
2500 4830
2500 4831
2500 4832
2500 4833
2500 4834
2500 4835
2500 4836
2500 4837
2500 4838
2500 4839
2500 4840
2500 4841
2500 4842
2500 4843
2500 4844
2500 4845
2500 4846
2500 4847
2500 4848
2500 4849
2500 4850
2500 4851
2500 4852
2500 4853
2500 4854
2500 4855
2500 4856
2500 4857
2500 4858
2500 4859
2500 4860
2500 4861
2500 4862
2500 4863
2500 4864
2500 4865
2500 4866
2500 4867
2500 4868
2500 4869
2500 4870
2500 4871
2500 4872
2500 4873
2500 4874
2500 4875
2500 4876
2500 4877
2500 4878
2500 4879
2500 4880
2500 4881
2500 4882
2500 4883
2500 4884
2500 4885
2500 4886
2500 4887
2500 4888
2500 4889
2500 4890
2500 4891
2500 4892
2500 4893
2500 4894
2500 4895
2500 4896
2500 4897
2500 4898
2500 4899
2500 4900
2500 4901
2500 4902
2500 4903
2500 4904
2500 4905
2500 4906
2500 4907
2500 4908
2500 4909
2500 4910
2500 4911
2500 4912
2500 4913
2500 4914
2500 4915
2500 4916
2500 4917
2500 4918
2500 4919
2500 4920
2500 4921
2500 4922
2500 4923
2500 4924
2500 4925
2500 4926
2500 4927
2500 4928
2500 4929
2500 4930
2500 4931
2500 4932
2500 4933
2500 4934
2500 4935
2500 4936
2500 4937
2500 4938
2500 4939
2500 4940
2500 4941
2500 4942
2500 4943
2500 4944
2500 4945
2500 4946
2500 4947
2500 4948
2500 4949
2500 4950
2500 4951
2500 4952
2500 4953
2500 4954
2500 4955
2500 4956
2500 4957
2500 4958
2500 4959
2500 4960
2500 4961
2500 4962
2500 4963
2500 4964
2500 4965
2500 4966
2500 4967
2500 4968
2500 4969
2500 4970
2500 4971
2500 4972
2500 4973
2500 4974
2500 4975
2500 4976
2500 4977
2500 4978
2500 4979
2500 4980
2500 4981
2500 4982
2500 4983
2500 4984
2500 4985
2500 4986
2500 4987
2500 4988
2500 4989
2500 4990
2500 4991
2500 4992
2500 4993
2500 4994
2500 4995
2500 4996
2500 4997
2500 4998
2500 4999
