100 500
17 9 8
263 4 7
336 17 8
438 3 5
420 16 20
47 12 20
295 3 3
19 1 2
496 11 1
160 17 6
333 8 1
260 6 6
87 2 18
143 7 15
149 12 8
421 9 16
216 4 2
63 6 11
7 2 10
273 16 6
421 19 3
116 4 7
57 3 9
443 18 19
342 10 3
225 1 2
371 6 7
266 8 13
170 20 4
79 15 11
50 14 10
84 4 20
38 14 4
190 10 3
247 16 16
46 15 4
312 8 10
449 15 8
301 15 4
476 1 14
140 5 18
301 11 17
461 10 11
393 15 17
337 14 7
54 15 18
361 19 11
45 6 2
318 5 0
155 18 2
53 13 10
483 12 11
165 10 5
446 20 9
171 5 13
372 9 15
213 8 15
12 18 13
401 16 19
239 13 14
275 19 20
136 13 9
251 7 3
67 11 20
263 10 14
144 9 8
75 11 8
344 10 13
188 7 2
232 15 1
128 4 19
224 6 9
474 5 1
248 1 7
161 7 13
416 9 11
173 6 19
492 9 11
242 8 7
23 14 3
281 11 1
198 9 1
423 8 16
213 1 5
459 1 5
275 17 1
419 4 17
396 6 6
172 19 6
58 18 12
423 9 3
446 8 18
312 16 7
430 9 0
494 16 4
279 4 16
107 2 15
208 13 10
363 19 17
306 4 3
