3000 3000
591 666869
845 823130
1464 666362
1838 797428
2107 161269
3172 272544
3407 837399
3520 326527
3632 746941
3876 566883
4009 149334
4237 221332
4689 923278
4799 901930
5058 595962
5325 15946
5508 16779
5710 937739
6439 798656
6826 697870
7478 259566
7587 908685
7913 73065
8162 688032
8185 688193
8191 370315
8378 812712
8481 189559
8562 962223
8800 932897
8821 339056
8842 329780
8963 794892
9178 343058
9352 588535
9775 691115
10502 945242
10507 753987
11293 275860
11976 353261
12169 75038
12382 804323
13227 844695
14163 223037
14382 472013
14560 346134
14857 282817
14961 29262
15175 594715
15182 950486
15710 171050
15978 754194
15992 773020
16691 535467
17039 848054
17111 423305
17508 621184
17865 68019
17948 152720
18093 587032
18164 842222
18738 474147
18743 933593
18788 493753
19049 410140
19077 783621
19742 920646
20052 900990
20061 659512
20375 214950
20656 308801
20819 557512
20848 36184
21035 298798
21490 787966
21665 251099
21761 648194
21850 303876
22879 133368
22914 333458
23125 321173
23171 277894
23635 310593
24079 918603
24409 574754
24487 497217
24620 264179
24804 289782
25446 799318
25636 334020
25789 149039
26137 387265
26224 673353
26550 940737
26765 832973
27623 494885
27891 168494
27975 886070
28144 39568
28348 582839
28710 971528
28765 316973
29041 522904
29085 305477
29575 415523
30414 108810
30535 617597
30590 701415
31170 129226
31187 10409
31760 241434
32264 354322
32265 434552
32631 712368
34027 520320
34047 32675
34088 19027
34194 443577
34526 168472
34714 808204
35005 745975
35105 804155
35470 616856
36206 209454
36398 792109
36408 289296
37415 164957
37444 38894
37602 390380
37917 954982
38528 684175
38682 659986
39138 379998
39621 436153
39745 909616
40024 998929
40118 333619
40120 587874
40607 486925
40627 203168
40709 511360
40895 88931
41023 796162
41525 404631
42066 654310
42158 780280
42390 235448
42444 947682
42659 986945
42710 485324
42815 72225
43056 639509
43107 678513
43488 218170
43575 777957
43822 281915
44382 260071
44847 85301
45346 618978
45389 756000
45849 694304
46218 305476
47302 297302
47574 53920
48198 175544
48600 254421
49289 208800
49454 42145
49767 399250
49797 9935
50106 503277
51192 2734
51294 381666
51583 96809
51672 161948
52134 696816
52373 72623
52583 780428
52616 680429
52812 640818
52845 530777
53018 722175
53275 220314
53794 406143
53940 17867
54025 4229
54191 415697
55294 616882
55344 965484
55546 838906
55668 53382
56032 917381
56124 395800
57120 414400
57525 159180
57899 91576
58163 451935
58249 544409
58786 852177
59394 664603
60185 191809
60805 595831
60830 820787
60852 247407
61798 292461
62322 257779
62932 972146
62965 147127
63168 632451
63449 361675
63465 724835
64415 500280
64502 218916
64775 859684
64852 537099
64928 21962
64937 218590
65293 168726
65882 322069
66167 162804
67137 645242
67253 608493
67277 387884
68306 257516
68306 635219
68847 375517
69188 767978
69516 863952
70455 719591
70917 939125
71491 301358
71552 851135
72269 405700
72328 857921
72812 617417
73194 286589
73221 280271
74062 857015
74159 483310
74168 152660
74206 580094
74586 141498
74885 61182
74915 260214
75126 775028
75130 208178
75200 863474
75696 40262
76913 337102
77107 4276
77150 687966
77376 615148
78300 784405
78497 815604
79689 907781
79933 423639
81130 366630
81369 608564
81737 485954
81744 193578
82617 432555
83235 391580
83294 888904
83423 80899
83788 726825
84043 705996
84462 913968
84566 568435
84655 705314
84681 123102
84706 873635
85786 51937
86431 608034
87078 112685
87122 229192
87193 687581
87508 383658
87931 686132
88029 220103
88246 95845
88584 346870
89163 505743
89672 809787
89760 866383
90377 378408
90431 942674
91038 563249
91219 184231
91378 503645
91684 679870
93248 762990
93860 119501
94028 972530
94404 556998
94813 4905
95231 285463
96176 832193
96517 54418
96869 311809
97145 678426
97299 127431
97381 717937
97732 589428
97781 268432
98358 810360
99223 72953
99427 193338
99697 764400
99975 602031
100130 216594
101642 392580
102487 848299
102835 173118
102952 64443
103170 498508
103210 203911
103292 682544
103403 244526
103754 189286
104275 613791
104425 959608
104688 548322
104768 966226
104798 991591
105386 751574
105713 574078
105830 372171
106257 78869
106386 528279
106596 179291
106832 566946
106866 433546
106878 556815
106938 575704
107198 560026
107887 927535
108140 553905
108762 117533
108973 884403
109489 741575
110150 367725
110516 443760
110533 562241
111091 391759
111126 669655
111363 998110
111937 52329
112044 917525
113510 990044
113839 862981
114045 463367
114589 663251
114763 466661
115103 373215
115559 156234
115936 200981
116158 477237
116332 282168
116510 208054
117235 609032
117437 282672
117860 832311
118068 88072
118072 226975
118091 424417
118647 214198
119063 836991
119094 492198
119187 61681
119194 204007
119593 698634
119838 308985
119887 299397
120045 210758
120416 12488
120890 758294
120892 325585
121566 243994
122441 105257
123342 505389
125128 738772
125130 947078
126331 932644
127204 17247
127244 495971
127345 485290
127923 549234
128204 426515
128365 927571
129176 593932
129471 435933
129601 962757
129725 517887
129795 8121
129883 627040
129920 965089
129947 653147
129979 199732
130005 838266
130046 35758
130202 847067
130262 134872
131109 841187
131780 178479
133254 146363
133585 251628
133800 503975
133955 692259
134365 512431
134582 70961
134697 947090
135192 838569
135346 366625
135455 37644
135516 409353
136595 963080
137089 953891
137125 168838
137871 197096
138098 976833
138285 338580
138303 696043
138388 928946
138620 825813
139035 804332
139127 612661
139442 807756
139575 235230
140118 904123
140530 213046
140860 123264
140870 769665
141480 991410
141681 759009
141927 623156
142207 88982
142712 528320
142718 178533
142770 540752
144251 409760
145179 140277
145310 544013
145955 791463
146299 714789
146461 140188
146462 936337
147554 931981
147685 358701
147836 977790
148217 190501
148355 400271
148739 840961
148757 85932
148855 394328
148955 9809
149033 211573
149398 356057
149496 834021
149882 625308
150057 94874
150183 796524
150855 758988
151010 306694
151487 173291
151704 734865
151984 937571
152064 219251
152070 329971
152274 332416
153031 966967
153242 50959
154180 18592
154596 181951
155512 462409
155652 965872
155773 36736
157032 797634
157897 525422
158385 890219
158660 963900
159232 717916
159468 249906
159588 910402
159626 11864
159768 987946
160228 413306
160453 269972
160521 883011
160711 498466
161236 385748
161377 305248
161900 419216
162002 248197
162386 517944
162559 435976
162972 263983
163594 5828
164192 151544
164755 781136
164799 708606
164992 923721
165399 149145
165630 926507
166190 887265
167113 350082
167384 954501
167618 983818
167798 845624
168016 556918
168145 871066
168554 154345
168598 132749
169695 138850
169779 694751
170313 960144
170350 194315
170389 136852
170390 885396
170437 878169
171132 127199
171518 33429
171544 278240
171596 273015
171921 7417
172074 145357
172200 835150
172363 63760
172580 456193
173008 716507
173243 714081
173368 309415
173425 133676
173524 426085
173813 360010
174146 447923
174152 292375
174233 475189
174712 974381
175147 7980
175219 229936
175608 849081
175628 499477
176169 783919
176276 79152
176530 989902
176780 2509
177212 786217
177782 245452
178155 711707
179944 804714
180227 734494
180405 954814
180479 222489
181204 852132
181502 617675
181988 183334
182594 218191
182966 90581
182985 902515
184601 330379
185048 346916
185263 121998
185907 803090
186762 556225
186790 204680
187964 795229
188040 536408
189399 792675
189761 705855
189839 431351
189901 356371
190001 892820
190716 181092
191664 101631
192210 858707
193068 687418
193769 925779
193919 610654
194119 999269
194302 431397
194677 63411
194799 665961
194843 251695
195242 392053
195311 368370
195838 326370
196302 516627
196315 598636
196504 70698
197075 893239
197426 347638
198412 737258
198990 346588
199071 119377
199369 329286
199405 225272
199840 304133
200110 668165
200161 678527
200720 191511
200854 705306
201201 616036
201364 162307
201545 580061
201567 56949
202368 660614
202576 265734
203915 589382
204337 937721
205217 706333
205762 558203
205942 569875
206138 247813
206606 468525
207709 54577
207866 492851
207873 968189
208213 503050
208249 744149
208272 902718
208561 565929
208564 129838
208836 990120
208890 508904
209091 427988
209437 62658
210149 723233
210168 846897
210582 532087
210749 185112
211026 706274
211035 189535
211360 347076
211908 238830
212969 526904
213030 649665
213938 558334
214180 165214
214338 234729
214401 219646
214625 510428
215024 963686
215194 655636
216006 859418
216122 90253
216269 24708
216558 544603
216600 229598
217405 332579
217619 730978
217641 93769
218135 878440
218370 412623
218782 593817
218865 42446
218910 62140
219248 673283
219770 37823
219817 636683
219837 311390
220600 300221
221692 955524
222114 863114
222193 306808
222319 384946
222972 294647
223196 119903
223471 953407
223715 650860
224511 714481
224603 423985
224973 208567
225063 630797
225100 245629
225544 913457
226249 944964
227407 967969
228077 214844
228561 296073
228763 862375
229229 465088
229459 558294
229606 713883
229812 210421
230072 462836
230558 83526
230867 30847
230904 968367
231718 722074
231978 621878
232114 204849
232144 295266
232177 919622
232573 993893
233015 642542
233085 923444
233146 394708
233517 843786
233530 727965
233967 221336
234472 921698
234641 14094
235019 268368
235429 493486
237533 938073
238002 352051
238375 109442
238592 722509
239151 670014
239194 119907
239634 689116
239812 388059
240494 421100
241024 940661
241219 832329
241412 977230
241421 702110
241678 386521
242044 373553
242061 141718
242486 67971
242740 511750
242896 159752
243092 582156
243390 212129
243496 502748
243760 898062
244496 465332
245099 924592
245174 300959
245330 134759
245390 707316
245439 433706
245900 668650
246382 578708
246634 435729
246970 363293
247612 217863
247916 991333
248121 203318
248217 461133
248640 892389
249560 816295
249909 982664
250413 623427
250596 284543
250822 868039
250883 65825
251380 942346
251581 447727
251768 681986
252125 894063
252359 518886
252364 820400
252400 838659
252587 509038
252724 911179
253224 248255
253314 157013
253411 708094
254605 824175
254741 411771
254897 30212
255010 429295
255070 225357
255295 71910
255449 165240
256315 602215
256470 379490
256562 796723
257708 219891
257921 603816
257970 268344
258940 283818
259086 149809
259113 742035
259151 281680
259173 670572
259636 688498
260234 554166
261698 662150
261985 681897
262074 97365
262809 772562
263303 518369
264020 814527
264117 110917
264380 57518
264584 646563
264678 307248
264853 984978
265335 306243
265513 451180
265730 344145
265901 558837
266535 212616
266597 960362
266724 273844
266821 919494
267058 984858
267296 338226
267527 816824
267534 896427
267661 35626
268619 970807
268835 383704
268883 338952
269070 803395
269280 167423
269338 27318
269756 968186
269761 17634
270885 637871
270904 568898
270935 420355
271338 826173
271417 816280
271599 24304
271869 618104
271980 858515
272915 389109
273226 124502
273591 574221
273634 16483
274169 383705
274565 499288
274785 214785
275226 585451
276011 827694
276123 472047
276694 542296
276767 189300
277130 8380
277183 471894
277622 250550
277777 631297
278073 100591
278574 452529
278754 516336
278946 783730
279134 52037
279712 889222
279792 153900
280123 918264
280787 811790
281171 890292
282341 925484
282429 82775
282536 361759
283753 592453
284048 331223
284092 660263
284782 870308
285524 203516
285572 317665
285672 871207
286112 330400
286234 81600
286356 746919
286766 293222
287145 583360
287491 65817
288216 565039
288504 813942
288593 444557
288608 364079
288765 769655
289782 525131
290296 474964
290411 174343
290822 678848
291216 828982
291326 337
292289 308482
292480 651616
293490 150013
293679 858453
293752 134380
293932 243896
294024 457447
294248 138032
294515 905580
295335 506449
295364 389576
295476 610672
295550 747397
296073 544238
296963 646294
298321 681488
298606 436154
299048 280125
299355 125384
301323 662715
301797 378019
301911 953390
302654 274347
302810 782620
302986 440150
303097 155134
303369 390317
303599 627669
303745 673362
304228 347515
304800 225917
304994 156124
305109 592751
305305 679853
305337 901058
305496 489726
306214 330791
306362 798724
306387 635128
306441 725174
306705 64463
306785 823329
307263 393393
307322 670675
307373 73128
307760 222
307883 30050
308128 75046
308158 87320
309741 861265
310244 548385
310364 61480
310726 998816
310789 430739
310801 681947
310935 662330
311252 355417
311444 825692
311803 966978
312008 409772
312186 354333
312708 422745
313069 831713
313147 502173
313207 101570
313281 10266
313651 661089
313699 148209
315367 766747
315459 599724
315477 211105
315606 68172
315759 669691
316069 160232
316091 980799
316195 513735
316348 327059
316530 804157
316736 617675
317020 658652
317156 788935
317201 452353
317274 43873
317311 159386
317584 991269
318321 623959
318837 23808
319575 147947
319785 106675
319808 256512
321246 654195
321638 927269
321646 571751
321828 499066
321880 922109
322002 130908
322664 898708
322761 642822
325030 235963
325289 767715
325346 174919
325468 591944
325573 460116
325977 107424
326007 937187
327067 195591
327242 365599
327468 636809
327565 270119
327741 94738
328282 300351
329644 376781
329835 806907
329944 545039
330042 922252
330108 139335
330118 826990
331405 985810
332696 983172
332712 299368
333834 100442
334334 764044
334926 440045
335465 640004
335611 97784
336115 964074
336542 395357
336698 965545
337000 7692
337090 293870
337900 469348
338159 369046
338395 209321
338664 980290
338670 548130
339096 936754
340286 518978
340898 786199
340985 641840
341073 137792
342078 698264
342426 747625
342444 716851
342476 491337
343603 48641
343850 830118
344284 968582
344324 66732
344423 42614
345380 431938
345833 736964
346078 449370
346257 818273
346703 880151
346931 595548
347019 616302
347318 643977
347613 371102
347721 203584
347982 910333
348239 259541
348542 826550
348897 518094
349353 739389
349354 787458
349451 883121
349454 838340
349494 327600
349615 834337
349925 869160
351717 641936
351885 198478
352363 985086
352617 798908
352885 384202
353228 303011
354497 814610
354783 659649
354944 374418
354977 906852
355178 989974
355630 678549
355860 831531
355998 596614
356289 304950
356320 798563
356462 700242
356790 880979
356819 347931
356862 938687
357077 694835
357718 750466
358488 842485
358627 455131
358829 839130
358834 890994
359423 970914
359732 599406
359741 61727
359991 241405
360330 197275
360515 140551
361090 378625
361566 587660
361578 989666
362882 82275
363943 957283
365536 546984
365788 801042
366037 827932
366773 353622
367571 702776
367685 743974
368047 329033
368105 924638
368108 881945
368123 10996
368209 854558
368345 386847
368364 957413
368887 58458
369314 842830
370254 511603
370352 276458
370545 491655
370760 834251
371378 428318
371462 455701
371615 883970
371972 840585
372634 220181
372736 511497
373230 400955
373478 191859
374532 201408
374704 111793
376121 167250
376304 421672
377228 252908
377559 725209
377895 92800
377969 239730
378040 961686
378050 570576
378278 183909
379490 821208
379507 16914
380015 305297
380550 138538
381205 411505
381669 467126
381735 916143
382354 495568
382630 899213
383148 958021
383239 44698
383257 106005
383417 810479
383735 294113
383821 463364
383895 654805
384237 427261
384299 866764
384363 26658
384692 262495
386365 61866
386534 259372
386558 985999
386988 28698
387561 543857
388698 218294
389075 741248
389090 163904
389163 743793
389612 519585
389702 962818
389718 79316
389736 523514
390479 910376
390793 520970
390796 425785
391319 923548
391827 828841
391981 781682
392036 406235
392928 327731
393122 282000
393256 973717
393600 77661
393707 135109
393771 632498
393975 883423
394139 978974
394382 608831
394680 860306
394899 363749
395015 515399
395189 768813
395292 174800
395485 702323
395711 424638
395837 45471
396050 356068
396300 740925
396548 799599
396898 684687
397007 723330
397008 370006
397441 310087
397798 398598
398051 438286
399130 326167
399328 885489
399403 700554
399706 151511
399929 132788
399956 477787
400282 636997
401083 693930
401924 427176
402139 577614
402258 605244
402575 294167
402956 805396
403288 344655
403744 131397
404503 144970
405163 648293
405253 474306
406342 844970
406761 876886
406999 232694
407842 780061
408225 682633
408301 562617
408431 995600
408839 169961
408966 419996
410122 409900
410529 269784
410545 616880
410762 855641
411109 479807
411387 81004
411644 262701
412025 719449
412247 459381
412651 45631
413789 253091
413802 530213
414314 322012
414943 205974
415131 381270
415195 110863
415446 886855
415546 321356
415560 469018
416173 520962
416605 449105
416684 921703
417609 154410
419486 493989
419630 155878
420186 60820
420437 704513
420919 334426
421014 740242
421192 488079
421844 36944
422107 80471
422117 26688
422265 575520
422280 404739
422598 291642
422667 300239
422845 431845
423536 864967
424120 891594
424580 823932
424831 745877
425445 120415
425870 371779
426091 821642
426094 203250
426136 725293
426142 108732
426241 814900
426821 258302
427208 258009
427386 964645
427408 110408
427426 899771
427438 294903
428359 279643
429218 144432
429410 57632
430186 378846
430568 444415
430919 313044
431009 6920
431441 891082
431766 842483
432125 629168
432470 136397
432639 149970
432768 485212
432922 171834
432951 281483
433102 219254
433205 769465
433503 668282
433963 207462
434613 948067
434873 603863
435832 793171
436155 671154
436517 463449
436754 469727
437007 427210
437360 68260
437777 942301
437865 344512
437884 55542
437887 103971
437888 383550
438317 714851
438774 499876
438962 330882
439118 906068
439563 68477
439718 268310
440252 883862
440605 468582
441021 465482
441387 80103
441598 596942
441775 728209
442207 838448
442225 113455
442315 571344
442360 815922
442522 892128
443073 93171
443350 144539
443388 905883
443577 382292
443665 423721
444157 733161
445059 218247
445370 146617
445388 559801
445754 617449
445779 935117
445844 101425
446210 645401
446630 124356
447364 583001
447903 643479
448612 416758
448686 394535
448949 413850
449248 822593
449492 849629
449553 451111
449845 744134
449967 435848
450075 440623
452155 622560
452634 608244
452829 457228
453310 478109
453931 861748
453995 332044
454181 626947
454265 141121
454473 977705
454659 43526
454702 780417
455544 166481
456149 658973
456342 4514
456762 326917
457062 41195
457577 421870
457684 619072
457770 17306
457985 549461
458147 401740
458162 872505
458454 395199
458460 27497
458635 240150
458739 874920
459132 486078
459529 390522
459604 313894
461306 288455
461444 139229
461581 566102
461968 139967
462576 141319
462591 145775
462890 236949
463453 894150
464365 198373
464572 30667
465314 949805
465828 489682
467103 969984
467762 787620
468289 469692
469167 428094
469789 494
469919 420043
470550 238574
470630 379009
470764 858244
471167 618977
471175 942333
471316 768700
472052 853196
472346 108749
472365 513249
473235 822533
473772 776960
474022 819157
474613 428468
474840 129218
474882 521086
474977 567698
475176 762368
475218 367403
477011 897450
477157 876713
477405 748404
477591 744645
477607 989707
477710 91134
477763 349856
478827 441900
478924 421873
479290 676264
479698 439158
479713 376627
479788 28187
480363 47906
480422 487977
480423 322623
480921 231018
481152 19564
481421 77068
482031 179575
484433 475134
484499 231104
484544 459678
484926 741168
484926 75579
485795 628351
485975 756610
487076 904615
487119 994070
487440 186886
487585 43512
488724 648685
489159 543770
489266 905736
489351 595304
489694 822235
490418 11062
490485 470141
490810 198451
491377 181512
491892 72074
491964 945656
492300 391613
492362 797024
492477 773993
492626 808029
492703 302392
493262 767806
493731 454576
495023 934584
495073 680597
495436 897822
495813 953391
496951 357376
497175 356789
497911 2866
499800 832689
500080 617594
500372 164430
500900 622421
501049 942881
501057 925667
501096 990991
501149 336910
501430 250583
501588 3194
502239 143421
502867 257268
503033 626821
503331 6280
503780 929273
504175 648191
504721 857525
505284 284539
506318 523477
507129 913966
507164 109771
507472 77986
507722 149634
507746 202994
507806 178186
507819 31228
508079 156862
508427 439982
508529 320612
508641 446661
508819 501977
508874 707339
509542 578637
509707 970846
509748 944803
509967 898764
510116 521902
510281 243249
510695 452203
510961 491625
511329 513963
511383 939688
511519 670415
511519 936048
511692 150893
511904 639931
512064 265112
512212 18241
512370 4267
512452 370752
512478 184080
513119 327257
513207 42332
513772 29463
513789 247692
514284 725180
514359 482228
515056 721970
515156 915756
515230 499327
515239 587203
516022 199560
516427 351315
516600 748489
518430 786020
518679 144440
518996 193876
520743 461694
520872 448160
520939 614310
520953 866296
521078 246766
521829 95101
522172 88150
522338 312236
522730 369784
523162 122047
523198 831748
523350 360362
523580 249364
523712 283581
524451 883576
524510 629092
525628 809412
526129 124549
526378 167398
526403 406556
526593 463920
527381 136571
527734 196934
528158 79364
528394 72710
528702 153943
529038 243903
529761 301460
530091 601779
530147 998837
530957 573458
531466 478970
532129 386339
532269 108627
532780 659913
532892 454288
533278 659176
533579 394691
533615 212328
534016 333493
534487 150296
534607 268444
534689 952387
534764 195876
535364 597961
535620 925837
535762 402432
536139 321940
536260 107441
536754 132590
537453 928194
537557 470386
537614 324557
537732 43155
537734 709381
537947 134139
538114 498946
538398 754549
538479 802520
538503 858757
538660 257448
538684 156050
538826 118853
539163 317791
539458 341651
539618 196444
540344 121539
540536 415602
541033 420467
541211 133038
541378 820310
541413 88839
541603 388618
541869 385913
541928 393900
541989 618395
542024 516253
542041 602202
542190 732180
542340 93242
542791 965452
542914 523294
543029 754344
544199 199551
544226 472969
544247 771613
544477 317631
544703 557397
544706 872448
544753 528431
544796 524038
544902 699114
545288 921596
545378 260515
545708 974360
545957 740498
547997 393218
548052 170504
548799 259575
548999 406758
549124 706312
549207 404009
549270 53669
549596 81625
549967 939336
549995 79517
550366 902821
550388 913847
550666 610843
550884 659472
551171 853596
551205 835917
551377 712987
551499 753950
551958 922487
552125 241575
552192 409880
552666 752464
552834 683564
553180 401086
553645 997301
553896 46406
553915 187959
554387 147595
555094 339017
555331 938464
556127 991426
556158 770947
556433 420642
556455 929286
557178 332462
559008 537045
559159 717293
559513 349254
559963 707351
560258 916200
560408 350462
560483 774343
560850 71312
561045 907509
561358 468007
561914 356864
562225 958282
562357 92402
562527 515444
562694 954707
562714 377450
562776 262864
563073 457808
563081 664795
563447 263669
563615 943860
564440 915542
564447 784344
564811 527626
565542 423737
565692 236416
565909 351183
566305 465739
566324 331406
566816 519571
566875 11573
567002 806491
567173 759086
567339 786764
567575 98980
567753 272647
569518 223977
569570 564899
569979 962631
570000 357813
570271 834749
570281 38953
570545 670916
570604 388728
570782 353328
571233 661734
571429 844577
571969 933514
572579 408792
572890 509103
573475 458279
573772 53272
573816 556885
574043 742578
574123 919620
574906 212476
574942 557210
575130 795542
575487 200030
575605 278935
575649 417132
575707 680239
575846 847814
575895 292361
576032 604899
577613 961608
577744 951575
577795 825468
578986 412951
579933 700272
580254 481600
580836 514670
581187 359092
582325 992432
582713 750242
582728 543672
582775 31254
583612 323222
584141 860185
584429 90750
584461 884426
584598 441286
584737 85579
584814 470939
584951 793556
584967 49970
585169 494186
585353 689466
585739 436076
586240 294412
586268 607317
586724 544205
587159 118966
587581 892590
588354 854112
588662 534006
588683 919733
589003 617450
589024 33492
589186 941744
589244 666621
589333 151508
589413 21817
589541 751882
589578 380866
590496 132498
591006 670208
591833 555089
592040 825564
592291 602183
592595 450431
593011 327874
593184 991766
593393 951471
593619 64059
594489 991436
594578 760389
594748 252168
594967 783230
595235 649715
595279 628394
595318 871603
595426 302066
595494 816746
595650 566951
595963 377964
596571 972203
596872 75648
597514 587679
597887 842783
598079 62580
598165 859767
598495 526908
598559 553209
599840 311043
600209 767809
600680 143732
601006 485194
601139 367616
602695 547659
603010 206365
603685 542006
603761 14130
603983 625410
604226 589158
604605 144019
604927 316172
604994 441504
605105 834823
605174 991629
605227 591820
605353 784476
605446 370302
605463 903719
605628 946720
605649 993195
605733 617886
605780 83868
606161 215726
606260 222861
606454 609616
607383 347458
607438 433295
607859 765259
608553 96104
608838 29252
608981 233441
609667 646147
609695 240054
610792 928045
610897 528991
610919 549013
611003 510099
611016 61523
611359 637206
611360 586435
611892 709495
612039 333810
612445 888671
612453 423733
612607 769263
613179 1485
613582 581219
613896 929824
614145 178618
614395 1988
615185 16771
615187 365883
615375 823369
615483 218352
615604 658885
616255 800853
616525 243481
616650 891836
617222 586686
617530 415344
617807 379495
617883 171080
618133 834387
618622 817250
620034 207796
620081 57398
620424 147352
620629 393040
620638 360332
620740 936786
621330 764054
622041 168628
622453 892678
622512 960868
623182 959360
623490 499791
623906 645111
624803 907143
625266 182753
625406 997535
625629 287954
625682 349753
625694 242351
625831 704611
625887 731486
627042 228786
627305 217755
627527 994737
627650 806314
628449 268829
629192 812419
629263 703291
629676 430249
629750 940845
629966 736875
630302 279953
630737 911482
630948 359733
631064 782959
632142 490150
632730 410901
633429 201921
633578 513543
633705 529658
633733 315564
633799 232542
634356 539754
634389 423391
634932 543993
635383 761457
635496 930265
636665 512587
636740 600941
636745 94615
637257 202632
637330 390714
637463 545181
637465 211006
637514 525544
637762 745514
638379 715983
638434 853336
638528 603307
639540 752356
640140 640090
640356 105193
641163 635991
641193 677957
641437 293956
641604 795600
641947 367527
642295 855561
642341 877385
642745 421693
642936 795506
643167 246416
643179 190316
643239 855035
643467 85467
643501 682212
643823 740733
643889 492384
645058 255958
645065 33583
645434 393955
645437 401530
646107 464274
646416 204321
646439 285413
647669 232358
648507 143002
648746 336761
648840 874141
650711 872886
651118 540326
651593 676916
651965 610720
652011 582004
652051 451416
652575 673850
653067 374086
653431 313216
653557 227313
654145 394348
654202 744515
654422 38168
654431 778045
654724 799228
654780 681260
654863 659476
656616 136361
656844 351590
657283 143867
657443 500660
657556 447000
657563 399099
658407 983728
658687 416699
659556 866033
659718 318486
660630 206850
660677 386315
661039 399931
661760 510267
661835 90177
662269 637471
662311 967011
662386 112579
662621 812218
662707 380051
663017 111769
663175 771276
663609 968590
663911 725719
664544 800731
664767 844396
664812 820068
665844 466801
665958 482940
666548 81842
666880 754141
667058 906281
667222 954070
667779 947812
668254 459556
668362 755256
668702 383728
669037 849623
669462 188789
669677 61332
669823 196695
670306 280330
670412 178654
670609 497421
671572 742949
671647 527679
671806 915088
672174 155243
672756 10150
673036 307597
673114 694011
673402 184468
674018 23956
674154 289415
674456 897214
674486 285170
675252 170741
675387 298360
675601 508624
675637 794726
676765 667286
676807 865773
677975 448549
678117 211456
678176 194377
679003 52106
679344 605877
679349 327737
679645 356441
680492 383116
680691 44136
681203 395373
681387 157239
681637 154025
682412 895642
682413 180787
683413 693277
683528 461034
684395 344861
684516 970635
684590 515439
684719 921581
684767 217687
685241 543710
685247 241447
685887 800512
686043 63230
686472 239904
686514 946281
686772 535041
686879 463753
687111 334455
687243 976875
687463 972892
687686 491828
688190 487905
688335 132687
688739 425071
688909 187072
689140 560647
689549 377739
689596 873754
690051 672406
690108 803131
690448 697882
690615 243408
690766 484144
690933 340078
691321 445153
691335 78741
691461 859783
692557 965976
692637 942571
694172 157246
694338 52941
694485 472499
695204 853988
695423 609713
696274 643469
697194 42552
697731 34769
698609 934944
699241 477329
699505 458661
699592 467021
700306 429319
700408 405792
700554 103738
700683 284893
700843 230139
701279 105488
701283 429505
701287 664362
701345 906076
701517 754377
701625 796508
702265 306599
702917 631033
702923 138827
703041 312948
703383 311392
703919 587001
703924 985864
703926 35613
704024 196668
704133 464557
704471 723545
704606 840478
706147 222690
706262 3371
706366 934451
706691 110893
706771 426482
707525 252321
707634 140014
707648 699978
707671 504733
707863 374667
708021 343390
709183 906474
709331 865187
709399 52438
710279 840390
710427 163439
710753 229463
711192 480197
711315 621861
711396 545921
711590 109479
712666 980134
713437 760912
713547 612856
714202 973069
714745 997728
714825 589185
714936 435234
714970 639437
715466 741237
715750 31032
715981 699241
716180 479277
716251 599713
716592 132456
717154 44535
718159 538028
718477 301564
718630 807107
718836 969412
719087 572101
719340 921577
719382 257154
720305 348701
721116 333111
721485 365447
721541 33913
722011 427225
723072 496584
723164 973150
723235 371389
723250 253077
723506 962757
723645 756002
724625 66067
724930 259613
725466 292675
725819 773410
725900 293581
726147 923244
726147 706628
726626 866744
727961 846989
728068 673078
728170 530419
728248 909597
729225 199103
729543 571713
729641 522883
729897 285968
730431 555291
731039 225836
731422 655905
731731 145317
732607 719004
732771 631134
733775 960395
733831 633236
734600 709355
735755 605793
736075 777971
736136 666949
736419 964895
736726 884748
737550 764432
739326 50664
739520 76474
740088 784204
740504 900268
740799 187684
740952 838898
741121 4916
741523 425890
741701 245895
742047 904998
742102 112574
743284 374296
743815 843597
743843 600861
744007 854623
744615 523359
744631 93988
744748 318356
745769 632095
746163 467686
746185 995615
746348 561686
746650 433019
746783 601312
746861 375996
747266 344212
747470 293218
747907 398379
748344 959982
748514 369222
748774 842181
749364 407665
749378 428343
749577 922401
749780 690802
749975 330606
750274 141028
750623 913689
751377 313542
751418 771839
752209 885065
752995 372633
753468 362545
754749 80098
754752 751873
754874 131775
755587 645186
757751 36242
757998 141502
758561 732885
759003 264507
759117 40561
759467 127646
759663 239931
759727 983597
759758 210803
759856 157450
761066 199108
761488 372466
761593 311166
762036 593594
762251 460138
762281 574114
762619 733622
762997 626952
763346 31636
763775 140885
764162 659746
764694 512964
764712 212551
766028 898328
766078 602753
766139 524416
766218 513616
767396 914720
767500 709708
767801 732411
768165 692413
768896 558970
769068 465568
769627 579596
769981 904518
770279 564997
770333 106325
770524 300040
771043 779876
771484 237567
772071 205584
772241 179122
773054 752427
773156 753332
775020 889781
775066 633013
775676 826710
775721 231113
775758 642140
775874 487832
776209 690078
776527 906097
776855 153328
776867 966041
776962 628312
776998 116627
777333 444930
778443 671393
778482 956793
778958 805527
779094 637485
779219 771016
779478 249235
780118 898056
780562 173429
780630 608929
780974 68219
781520 858501
781767 86511
781904 831689
782103 696886
782459 520079
782474 301988
782620 673912
782701 544628
783088 638298
783622 315408
783656 147333
783949 500011
784524 700021
784580 172655
784647 775158
784872 616058
784914 675
785319 69124
785412 539758
785725 921506
786190 48023
786424 866039
786666 647886
786674 533825
786948 459603
787015 566841
787129 977500
787500 17657
788117 355896
788724 80363
789187 64374
789559 177109
789768 573542
790065 577038
790879 193647
791091 669728
792185 943977
793283 486544
793458 347894
793745 857814
794097 910662
794401 490746
794573 102986
794861 863896
794984 540311
795096 176818
795908 913831
795919 97309
796232 299962
796411 900861
796671 620811
797098 571447
797252 537440
797285 575865
797405 580960
797443 439757
797535 756911
797811 439208
797871 785460
798161 532682
798223 589426
798439 303933
798590 269565
799388 837957
799519 827709
800394 988091
800763 33903
800865 869155
801368 716650
801701 489623
802087 943554
802712 820329
803084 730275
803235 717217
803563 666432
803780 955394
803857 577852
803864 435759
804224 243971
805191 540525
805705 72924
806920 674194
807314 253793
807550 681967
807944 767938
808253 338897
808287 917185
808292 381425
808359 131451
808549 971459
808655 324053
809103 406818
809140 81252
810203 582270
810347 975152
810978 434480
811560 394060
811955 570827
812272 770935
812342 616663
812998 756981
813056 133283
813419 847536
814033 996261
814546 17911
814911 642887
814934 53636
814949 440773
815004 345957
815076 818862
815142 326594
815326 802798
815630 698493
816136 960858
816438 725758
816919 622557
816987 214252
817040 200121
817087 389243
817535 773694
818568 708489
818798 278972
818873 161562
819283 669976
819415 766578
819686 607798
819709 70321
819883 618314
820150 570815
820486 544323
820734 243697
821340 499652
821481 449932
821551 544967
821609 112812
822017 970638
822897 324717
823674 714650
823895 377361
824108 224207
826025 95827
827034 450733
827354 111946
827769 764894
828506 991833
828556 251773
828718 514240
828935 302415
829422 19864
829890 604462
830036 681326
830203 384336
830678 431263
831027 501579
831452 448749
831618 475781
831941 256517
832080 738330
832165 786763
832173 577023
832655 67926
832942 122259
832975 384244
832976 118473
833509 267413
833849 852199
834057 92036
834197 344191
834363 392033
834594 674850
834787 936990
835297 746361
835304 644537
835333 641343
835499 400139
835766 261429
836159 675325
837527 385385
837578 15569
837617 676680
837702 537490
837869 73260
837954 404116
838391 107276
838598 771639
838694 911256
838853 955350
839748 461886
839804 404248
839959 406222
839981 25707
840625 280736
840719 776233
841058 486382
841133 418438
841192 776894
841283 176105
841329 189047
841590 376274
841745 283867
841931 930877
842066 953289
842386 547791
842626 413212
843326 146163
843793 982984
843819 297095
844181 650082
844782 585161
844793 31361
844844 523454
845623 293938
846198 487577
846269 937176
846344 740277
846625 778411
847135 752349
847143 383299
847434 702550
847630 493053
847908 814554
848230 781885
848992 419967
849077 294981
849110 881183
849547 347022
849782 342288
850436 244802
850627 943591
850911 836477
850963 94305
851142 154540
851293 315961
851870 592435
852165 999613
852522 474023
852895 385016
853526 544003
853877 234529
853988 525397
854569 550080
854608 916865
855287 417178
855698 385755
855860 959442
855906 8441
855966 854962
856091 571480
856231 562339
856278 316266
857156 793789
857162 883107
857588 871862
857716 629329
857848 218475
857885 437127
857996 176642
858515 567751
859173 721595
859265 297866
859385 895494
859787 472504
859947 769072
860290 526881
861009 883012
861246 861233
861835 639885
862649 239895
864186 70513
864530 856566
865001 325410
865022 655358
865494 610046
865529 219536
865607 773954
866015 161470
866169 822294
866266 56801
866718 356613
867347 866056
867420 618178
867664 304482
867782 41457
869770 446695
870011 983278
870118 746489
870222 173572
870319 560256
870367 808958
870385 680648
871211 498383
871296 723155
871464 306862
871610 158337
871622 667716
871916 530486
872868 728895
872917 820925
873412 757769
873510 429259
873542 242246
873768 977956
873885 363300
873943 936654
873966 352380
874313 713056
874379 366531
875392 676475
875535 662664
876561 686490
876635 42982
876659 569615
877177 921909
877361 518382
877425 385076
877495 95998
878052 2233
878718 2285
879073 179050
879122 109079
879138 373144
879763 512027
879911 400693
880031 437815
880106 606730
880264 515490
881663 272398
882316 479205
882394 182171
882480 658597
882697 992589
882813 648347
883010 77698
883369 936779
884286 161269
885061 224422
885467 287122
885504 852694
886026 905487
886128 49247
886180 602496
886337 6319
886348 695552
886871 12517
887002 912295
887192 442221
887225 191669
887266 376207
887915 149286
887948 339281
888191 618076
888593 108191
888675 811637
888851 615925
888877 339280
890323 422508
890396 722097
890769 165414
891282 500985
891384 468301
891509 881431
891907 82481
892709 215026
892794 600612
893501 140208
893643 248630
893759 239524
893826 858919
895006 361068
895331 522173
896010 571825
896605 197862
896819 32194
897306 98726
897910 411068
898186 860465
898320 812145
898557 505337
898654 229729
898748 56252
899394 168985
899605 792693
899679 664833
899819 431422
900338 538832
900413 268893
901090 750800
901112 898261
901428 787506
901718 537525
901859 295195
902076 236783
902209 545484
903089 329692
903555 556264
905079 739849
905301 413242
905390 544931
905693 598838
905710 909202
905767 777621
905781 533816
905877 28658
906021 477109
906034 204654
906085 98894
906333 439956
906663 631716
906807 931670
906940 494041
907154 551612
907247 755878
907974 447517
908347 679135
908353 192530
908678 755263
908885 651651
909000 635543
909223 604761
909488 876370
909570 7524
909667 812185
909858 667723
910122 386423
910419 804904
910482 505171
910495 273944
910765 565902
910829 767850
910838 558987
910988 452235
911193 380353
911761 394808
911773 55184
911823 60447
912647 353738
912651 727176
912863 459681
912885 470167
913146 37729
913393 974052
913474 191115
913680 321381
913755 913199
914248 299499
914419 937299
914914 732331
914917 248806
916342 701776
916378 157127
917031 889638
917538 588531
917707 684195
918648 873051
918841 374542
919357 107098
919682 689833
920351 424846
920768 424005
921370 816503
922290 223476
922334 176785
922542 595528
922613 620873
923192 467056
924308 102518
924395 401112
925068 866638
925164 753632
925444 191404
925504 680019
925549 573397
925587 941321
925786 357622
925813 595160
926771 539518
927214 811950
927618 589852
927897 237368
928007 385355
928404 613470
930469 266715
930772 162119
930773 960413
932188 784038
932543 212024
932547 344844
932922 180009
932956 996535
933098 290763
933527 115332
933706 835964
934643 647500
935118 14826
935166 288108
935430 145826
935783 579600
936193 608001
936355 548073
936441 123042
936524 656758
937118 202012
937357 624188
937506 795335
938915 717187
939150 604310
939289 176303
940256 658110
940735 190496
941772 955582
941822 891108
942208 110773
942314 582345
942363 912596
942636 269447
943421 2619
944273 637664
944427 716200
944736 877092
945271 303262
945350 539212
946106 404274
946128 317053
946666 134813
946698 881054
946729 607000
946783 159678
948561 461147
948671 383679
949228 93469
949452 442320
950808 121790
951487 186998
951984 942712
952169 860561
952198 812848
952336 742750
952468 298585
952636 357105
952960 700072
953369 670401
954187 841982
954308 753211
954729 539421
955169 643474
955258 823057
956297 431121
956640 261998
956873 534217
957117 908491
957324 630298
959425 236747
959439 664713
959478 800908
959905 662083
960072 787917
960079 52113
960327 758207
960422 943471
961536 860725
962202 704148
962218 58552
962384 663817
962390 57471
962465 991586
963386 36677
963789 354207
963808 852461
964016 169041
964122 180542
964932 187523
964946 812174
966515 644659
967279 43367
967425 612240
967752 613196
967904 627483
968226 875683
968686 679342
969220 494118
969595 627267
969600 541179
969753 239821
969797 971723
969814 240434
969857 107913
969880 325043
969909 176620
970032 905015
970265 515368
970503 386454
970666 353919
970792 916151
970905 341530
971048 437798
971075 473454
971208 723871
971249 163682
971261 60999
971495 702686
972101 328770
972720 568720
973050 31083
973050 153944
973146 196525
973300 827174
973308 609799
973520 467457
973617 226345
973776 59621
975061 614879
975199 164432
975595 453278
975616 582083
975883 891663
976270 1026
976404 46418
976580 620372
976729 73700
977521 705317
977942 402276
978095 891437
978504 792665
979412 688476
979560 820644
979755 339140
979953 102402
980235 389039
981222 316744
981319 598553
981471 201979
981655 977198
982077 993159
982158 697716
982584 645870
983188 591883
983377 305748
983624 293246
984688 504884
984896 160857
984992 168743
985128 911395
985299 566517
985509 657744
986115 690348
986835 570240
986954 435767
987019 793084
987050 960721
987188 96048
987578 436284
987592 549333
988031 516412
988159 462083
988276 739165
988968 666256
989049 806447
989513 572617
989645 192091
990398 982278
990569 708179
990716 861656
991419 316830
992065 947884
992498 118312
992518 118582
992544 51358
993074 555483
993205 355482
993385 895277
993597 105691
994062 894869
994394 58182
994441 327724
994532 437580
995652 821484
995785 458207
995789 126718
995790 531477
996081 113363
996299 593485
996805 931728
997727 81348
997788 428374
997901 508255
998160 85721
998757 355937
998775 946464
