1000
861 -942
-621 -762
451 47
673 -291
-283 980
796 299
-346 27
-900 -537
149 717
-11 -332
627 -179
661 -904
-715 -361
-688 68
762 -951
-981 146
-734 -327
-612 -466
150 -700
90 -830
713 515
-213 434
639 724
591 765
-525 -674
-11 -526
651 714
-838 -314
-19 -398
-198 963
204 554
771 923
693 369
-729 545
168 -812
71 191
401 484
-54 135
814 62
-525 -425
-167 -634
-67 158
-854 656
-925 -54
-119 -459
-400 -721
44 330
634 -268
941 20
895 -127
-713 -877
-379 414
-471 -804
898 -35
87 906
-186 958
-265 35
-842 -238
-503 775
-38 -952
474 -833
-146 433
-829 -930
284 563
502 829
802 -25
736 -669
-557 -306
237 -852
920 811
10 148
112 230
902 397
554 -606
-763 -636
192 -707
610 808
813 -451
-435 754
-374 84
-548 -79
806 -517
56 -984
126 933
981 -201
-517 -440
-516 590
267 366
-47 -120
-185 961
391 20
845 975
643 303
99 -268
737 -179
620 -994
-615 472
-897 218
483 346
842 977
28 237
-581 575
-969 -65
698 67
-766 -247
-418 -148
-922 518
-136 -909
985 856
-214 687
745 268
-889 397
539 122
472 -256
-623 256
157 984
611 -939
153 -121
-131 324
-321 47
-380 365
-556 -183
-273 173
910 -506
-942 843
599 620
-210 -92
653 -942
340 678
165 121
86 -545
-478 -435
850 -940
-159 280
-875 -176
318 -861
-371 100
432 615
-558 -626
-623 908
-476 600
-703 656
930 -349
-819 82
112 -276
-557 232
-476 -485
-907 340
787 321
735 -565
884 -967
-524 -786
-767 -525
566 -307
-322 711
-403 -61
-603 624
-550 922
-774 125
353 518
-582 983
-235 -935
377 995
758 605
-847 -655
898 -34
748 493
235 -17
-549 448
-954 -396
-321 -957
683 528
200 639
953 378
725 551
-773 -539
654 -199
-612 -221
311 544
655 -475
-510 -19
528 287
-928 -145
-381 -512
-402 -289
615 491
863 59
-573 717
-987 -809
-983 -816
-168 227
335 -83
-625 -60
175 543
-432 330
327 473
948 -227
-799 473
-769 287
-130 -511
894 -519
644 -781
-506 26
-653 -192
-855 214
-59 -230
-424 -917
-108 959
-340 901
-894 786
157 -401
442 -264
704 345
61 357
-777 974
404 108
-547 -701
783 -614
300 -943
763 -587
-683 968
978 308
717 469
-288 -751
36 895
-173 -611
3 -53
-711 -193
993 502
-992 664
886 390
241 -481
-401 320
-356 -945
-827 908
-889 -207
794 -299
-636 636
147 -252
713 -573
-542 149
-846 611
-439 -207
-853 -553
-357 188
-211 -803
705 207
-245 -609
51 227
844 -184
-929 12
988 -733
544 -395
-520 -533
909 -362
110 -975
-766 -376
679 450
-94 940
-15 987
-133 -685
-324 -254
178 -895
622 -174
-1 55
270 -468
-780 -192
951 198
-288 285
-159 258
24 -167
91 -33
179 147
292 -789
250 -436
172 -652
-150 849
716 874
-446 204
-922 -993
-327 711
-739 358
-736 455
610 696
132 774
-122 517
-289 361
29 148
508 -922
-99 -500
-69 286
-470 -762
452 -787
-509 -33
824 -152
-304 -63
119 557
81 104
-560 -579
-917 -628
726 -561
86 688
101 -64
690 -416
-407 -482
237 -736
-560 -27
-133 -797
-887 893
-198 156
-587 1
500 855
-199 -684
-438 280
66 -690
128 484
481 -809
184 -659
506 -251
-961 -688
793 413
-593 272
453 -496
907 975
-554 681
-307 -151
759 -499
-540 832
281 797
-608 540
379 -364
981 918
-663 -201
998 -144
281 -888
-525 821
-76 -765
-595 -24
885 -34
-966 -756
196 -597
345 -515
727 -491
616 247
-716 783
-659 -731
-467 31
-66 574
788 -597
494 -77
116 -419
692 149
877 65
-660 -339
-123 895
352 918
-656 200
768 473
198 28
-127 -861
-71 -290
-982 250
120 512
-702 -543
766 823
129 485
535 515
-687 -599
-176 654
933 -10
471 -184
739 -670
-636 103
130 -273
-758 362
900 -880
212 -921
249 251
887 370
961 -445
-358 490
-200 -675
903 677
387 -187
542 244
385 524
-748 866
489 157
-841 14
-450 234
-190 -626
265 -65
837 756
430 -654
-184 992
-607 341
-919 217
-699 -891
-951 -24
-440 -304
-17 77
-560 605
644 274
156 611
114 916
365 -756
-293 -993
-863 940
382 804
277 -199
712 228
-743 -515
-96 -74
-444 505
960 417
602 -470
-835 881
-514 -544
854 600
-830 -450
-818 -237
841 -647
327 965
84 783
179 35
-140 -932
132 837
-13 195
-102 395
-587 5
749 173
-62 153
141 83
-321 -456
608 639
164 -910
-543 -624
819 456
701 838
-760 -540
161 888
533 77
-794 -962
-16 379
-756 186
-551 547
-641 -823
-94 168
-152 139
-347 322
137 21
-237 409
-376 -988
857 -316
-696 -235
-616 -680
-206 107
-715 -817
-620 108
182 -990
911 217
238 -28
363 742
898 818
386 717
-80 192
-460 295
-368 -571
835 548
922 7
718 -217
-212 787
841 -948
-692 114
-725 -619
-225 -416
685 660
25 532
590 940
-60 633
976 895
137 -743
-353 -983
-86 101
-122 -855
-343 429
379 -5
-453 -970
-170 -980
408 106
736 897
-881 -731
615 -130
-799 -258
-875 -894
-305 27
316 625
861 390
-552 -437
-476 519
-240 -126
26 -358
472 87
93 439
-826 -990
880 792
895 -977
527 986
434 -818
-222 -679
733 -585
-320 156
-442 -6
-782 -865
-458 430
547 486
-732 -319
38 306
-909 247
-259 -419
-237 447
-412 428
-170 452
889 429
-886 857
796 -590
405 616
704 -364
-123 -394
-827 419
159 872
-419 601
954 932
-379 382
159 -896
525 -16
518 799
64 685
421 42
38 -481
287 117
368 -916
-107 811
-704 -240
203 469
-945 803
-108 -647
-211 157
537 150
550 993
988 -594
899 553
-64 110
991 77
306 -970
-601 346
-641 372
973 -358
-552 660
-449 -697
-796 -882
-743 -220
-917 -233
263 383
593 759
-243 -97
-561 -335
-161 -306
-270 721
810 102
-809 -272
-353 -464
562 912
312 -511
-747 784
472 -356
686 615
-183 642
-86 472
234 314
-921 -412
-544 794
-959 -999
514 -429
906 -277
-385 309
-234 -179
-679 546
-836 776
-335 -208
953 -992
-841 870
899 206
656 598
-243 -727
736 -861
-337 -816
648 87
459 797
852 -142
-510 285
-826 -559
467 -287
-198 749
348 -154
819 -781
-147 707
690 -159
198 -362
457 209
-739 743
-891 747
-193 -426
83 -911
-106 -378
228 281
25 473
756 179
227 419
592 824
-626 -760
-898 615
219 -44
-3 -114
193 -814
-894 814
-633 377
-375 -790
-74 -735
-526 295
372 -374
-881 513
145 775
597 603
-874 801
61 15
690 -636
-95 -897
17 807
310 -324
120 -24
-478 831
-25 -801
-350 -841
469 -320
132 -722
-29 -733
776 -476
-651 920
613 -418
203 -401
978 -660
743 525
-336 939
-108 -554
-163 -529
-601 -407
786 -133
-69 104
-965 585
275 325
-887 -857
540 258
-292 -855
-173 -427
-815 -998
744 149
-270 444
803 -475
107 815
473 504
835 630
20 -321
483 240
-762 -883
-868 580
-991 -85
-697 -149
700 -414
-831 561
531 -458
388 -149
-349 271
313 168
-68 -860
-743 439
243 115
468 -732
954 -163
109 836
-148 30
-26 126
-493 -462
-617 359
-81 -881
-244 -265
-581 626
-479 -766
-871 -743
455 512
-751 737
-393 -547
89 -586
-895 -394
915 -870
609 -506
-802 -601
130 -414
747 775
-892 63
860 -199
-235 -413
332 -299
406 -722
-984 -705
-270 -635
428 657
-845 -904
-704 -405
979 -884
-101 829
345 -226
588 -707
747 549
-376 485
453 417
-269 -688
73 -916
-928 -895
-756 -552
-609 -957
491 -64
798 -524
957 498
728 -260
-849 933
154 -160
511 -535
-260 375
682 -211
-94 -461
-56 -638
801 108
-747 -833
-743 768
-926 866
444 -589
472 499
596 -625
-543 766
-360 237
-262 -139
-444 -155
-50 526
-997 653
-547 -901
-155 -766
464 -818
767 173
7 -267
991 -669
-555 -307
-183 196
880 -899
425 -383
-399 383
-57 -771
97 584
-934 -919
-40 -607
657 -684
-892 -226
200 232
-269 -567
606 285
-302 -463
769 199
-613 678
125 -871
-330 -194
-973 -296
317 -483
903 354
-840 858
471 -953
171 941
452 284
863 341
112 -926
-512 91
-762 -376
-961 -832
449 181
530 45
427 -250
-905 -711
-749 135
559 -956
-461 276
-398 -159
-20 481
83 -810
-33 -540
-557 -300
-939 -806
755 593
495 841
-815 290
-652 912
134 692
-563 666
748 -679
913 147
865 28
211 881
-663 919
114 394
-404 -93
-152 363
-782 310
591 -23
-221 858
-111 641
-661 480
-274 316
-651 -605
134 -824
686 -253
852 877
233 612
-26 137
756 458
-901 374
-652 665
-103 870
511 -570
-518 500
-188 694
852 698
-520 751
-60 680
869 -85
96 -858
745 -950
-669 -569
-933 -312
384 84
-276 671
-323 566
-982 -142
217 -54
-590 950
-45 -416
-11 -752
-246 94
-613 -195
-485 930
-519 681
400 772
249 -921
430 409
-141 -967
-924 -993
46 850
-536 195
-639 807
965 -438
696 -999
-247 14
655 405
-960 -785
531 864
907 -500
-663 605
-375 -555
739 688
962 330
640 -117
201 -93
222 814
-423 -476
-158 664
613 599
-286 905
946 -392
962 -559
538 -842
-815 -806
-34 35
-582 -183
-468 276
935 517
-649 864
617 -33
234 714
742 374
-858 -742
912 -909
261 513
-568 35
-92 -246
221 -362
98 947
292 410
-523 -210
528 -315
-215 -473
-792 -249
-597 -593
587 335
265 438
913 383
91 -451
-781 963
-475 -600
-27 -141
-348 -216
-550 -676
-539 -969
627 -181
-596 816
-169 331
590 395
-605 109
-153 631
-297 -581
-747 193
600 696
-330 -411
395 -994
-562 589
-778 243
-433 -646
562 -322
966 -52
545 -511
916 -944
-226 101
-25 -521
-398 -177
-794 -803
779 -271
491 -598
155 696
-501 985
-578 -484
-883 -35
567 88
-74 -826
577 70
911 -664
898 24
-835 695
747 270
-733 42
283 -340
513 -579
-702 -633
-773 -315
-880 -781
689 -228
-393 762
724 135
538 -292
631 -525
390 233
751 707
-435 757
-503 787
747 982
-400 348
350 770
196 -188
-655 -590
512 362
110 219
-318 511
400 -681
838 -226
223 -334
688 -669
655 496
383 -405
390 -409
359 -334
-273 -682
244 62
230 -513
686 690
-485 -34
-687 -896
494 691
531 -980
-864 103
948 634
998 827
584 -670
-238 -281
-616 -995
382 706
