10000
560 728
-738 -620
-39 -866
280 -722
892 478
-815 469
107 671
855 -701
-886 -273
83 726
916 297
-358 803
-852 501
-890 -323
-436 -97
219 -324
206 -493
-898 808
637 371
-748 247
951 -635
338 -809
346 -517
239 -527
-954 634
-969 719
383 623
-203 -216
-92 -586
257 774
802 960
711 590
-823 528
-385 831
-78 98
953 -525
413 720
-556 339
970 -978
679 69
689 407
-814 -584
-455 566
-498 -537
-844 563
-899 -104
825 456
585 -867
-455 -596
77 -778
927 -303
-616 -148
798 -105
236 233
-683 407
-33 -139
703 857
-836 -302
-706 -967
383 -131
163 395
-711 -444
151 -178
-64 -912
-18 -616
-185 -866
257 -166
206 685
-693 -800
609 -952
-30 89
-534 -878
-991 -365
947 -73
637 504
684 415
357 956
-739 920
466 -560
157 528
581 -819
484 695
-186 -445
-756 910
-378 -427
705 835
720 -759
498 607
595 361
113 117
-663 -495
-326 331
-848 670
-223 617
985 -605
505 399
321 -756
194 433
337 539
239 244
-634 -615
846 -322
316 -191
153 723
854 -186
79 -776
203 -477
-682 593
-811 -107
-752 557
-745 429
239 962
-748 -139
926 115
884 656
-379 892
-719 689
282 167
-383 870
-609 -191
-178 641
171 263
908 452
-494 -407
-397 -52
145 414
-858 552
960 783
-152 946
551 116
-569 369
240 785
301 492
-42 962
287 -129
324 546
-758 265
-282 -735
537 -217
-537 255
-291 288
-495 -693
-517 658
412 -1
-277 -258
564 -121
-163 322
-8 -128
-968 302
904 -803
-496 -222
-469 899
-920 -722
341 819
626 707
-687 -393
407 -863
-984 417
812 298
-102 -248
-662 -296
807 980
49 -812
-436 54
901 881
50 -456
196 -345
28 -874
150 -421
920 -624
505 87
797 -584
431 -568
-220 -922
787 -843
677 -845
429 -207
-566 -497
846 183
-777 -175
84 -397
-512 617
-318 -710
-401 991
686 569
912 -227
-469 -638
216 889
966 636
739 343
-119 747
-214 24
367 -478
-219 -169
99 -19
58 678
177 -660
554 -658
-403 -28
-158 -352
148 -484
120 68
-709 -492
-249 451
-800 69
-696 256
903 -627
-446 -822
182 143
119 -948
241 361
765 -961
69 590
-902 384
437 770
-687 535
-303 -32
173 -292
-934 -322
-611 -721
993 813
-301 368
-439 247
797 -129
291 -17
758 920
383 132
-185 -247
-526 934
-522 -813
-310 -883
-719 770
561 -592
-760 130
808 556
727 -996
539 -433
-685 236
578 481
282 998
357 -197
39 -689
825 959
744 724
666 -804
104 -385
442 55
567 672
-5 399
-427 215
224 526
-857 789
911 -460
-885 90
11 741
-108 848
-10 -337
-207 988
-348 -996
-21 169
537 -124
180 153
-601 -348
-992 168
416 -731
-868 -868
921 -398
18 625
598 -842
-886 -826
-86 676
-11 -71
968 -552
-769 862
-650 575
-455 296
421 156
-333 -797
997 97
432 -230
83 -15
-135 -583
773 860
50 -790
211 185
-902 -206
18 615
-199 -513
-934 -566
835 753
-813 -850
757 -221
-74 575
515 496
842 142
669 803
812 971
738 -128
821 -890
85 -11
525 119
-803 195
940 964
346 736
44 926
-320 708
-450 820
157 482
-920 -319
-949 416
709 207
632 -123
968 -491
504 -117
-322 865
897 -529
364 954
-704 1
-469 -200
923 889
-126 -336
131 -511
600 586
587 -968
-692 4
-337 65
329 -105
290 -498
712 1
-606 255
313 -139
702 -865
686 -809
-869 -453
354 769
979 -33
527 819
596 783
-279 440
-564 408
777 130
180 251
206 266
-65 619
-761 -294
706 -519
624 22
-815 524
244 911
-762 682
-574 477
310 -160
859 -71
-546 -451
321 413
7 -336
-581 -179
11 -512
190 -611
-692 -951
655 -20
-432 331
-468 712
-41 -861
35 -129
476 -12
-823 -761
-74 -420
325 841
82 -271
826 -546
-369 790
-59 -174
-25 -647
640 -998
205 128
-458 684
-709 177
-990 -982
-787 -342
-250 610
911 777
156 -769
434 322
525 -888
-651 593
375 -633
-985 296
-280 -999
52 361
116 868
-505 -804
-379 807
-34 495
746 219
634 806
50 -428
498 223
755 -534
-288 619
-384 -269
586 -162
82 68
799 609
-594 175
-456 589
994 421
973 482
-944 -26
923 676
-266 386
-384 -768
740 29
-444 420
-839 582
-496 -757
668 657
250 -211
894 127
466 171
313 -580
-618 -318
474 132
973 -245
-795 -459
104 813
508 -539
-665 -268
-958 302
275 341
814 -988
454 151
-940 -137
81 99
40 -815
294 -260
-706 -39
119 146
-55 195
-926 -733
986 -708
-929 201
-833 -315
967 -152
27 -248
824 913
197 -329
-830 885
634 -846
-232 -56
74 814
408 -289
-378 -130
-160 56
-600 148
90 -447
981 -537
-79 820
5 863
-467 578
611 -572
-847 -857
-337 633
-778 -446
555 -65
-94 406
-63 -442
906 -656
-136 -789
306 862
-907 -200
-47 154
528 -390
-631 -429
261 821
-42 3
-142 -317
970 -649
663 645
-793 -578
440 -287
-175 -489
751 540
-18 39
873 682
-367 -335
-864 11
937 -565
-702 -794
-78 -474
540 482
-207 73
-454 -611
-451 -38
35 -869
-383 -689
-311 555
958 837
-285 837
-203 -865
-524 284
393 510
158 -5
-280 267
-813 -457
23 -980
-141 -913
-43 -957
-296 597
144 676
-168 36
754 902
-269 519
-833 -546
868 -608
-166 135
-975 405
-272 -440
-765 378
957 719
-211 428
87 -492
519 -49
919 27
-989 399
-241 966
536 226
405 -967
-310 -618
-603 -243
591 -16
537 -104
-681 -621
595 342
-920 -732
542 663
-752 -491
-143 -264
584 335
827 -112
-938 -757
-541 -890
654 -853
683 724
-128 -486
555 -204
-535 127
-645 -284
560 -516
313 -196
-674 728
-189 -669
39 189
-82 706
-519 752
-555 84
328 748
-91 378
34 922
159 -239
648 -840
-490 121
-502 642
103 25
-979 -625
283 -806
-301 -697
-473 -769
631 -584
-848 -468
-75 -595
-536 28
-850 -752
-987 -647
-657 -215
62 512
999 -613
568 617
818 647
-514 -618
-521 859
359 323
-307 -554
-198 -699
738 -273
744 738
17 600
576 -899
728 995
229 -624
-789 -560
560 -12
740 -422
-763 -591
-491 425
582 607
-824 370
-443 -706
-781 -964
813 -919
27 -843
-744 881
-656 182
-15 -707
-103 -251
234 -716
989 94
-849 947
528 953
342 746
756 942
-274 655
379 931
152 877
49 -2
-824 -341
-655 -410
566 -361
810 -686
-709 -687
150 635
-569 417
-156 -7
-859 -615
697 678
-159 418
108 -945
-465 -918
885 644
94 569
825 -224
-310 9
313 -900
575 272
130 -222
-745 767
81 -216
-175 454
-502 -413
-744 536
-304 453
-571 878
946 -891
77 645
819 568
52 -430
-930 939
370 -226
995 382
-402 -356
-893 441
-740 -586
374 208
88 314
572 909
756 110
-423 166
-593 -91
-837 -398
-568 -388
123 330
-684 -696
657 179
-193 511
635 -148
-619 -928
-527 520
380 -483
-236 -555
-904 875
78 -679
-87 -788
-9 -179
972 -931
769 475
-941 -26
966 513
-926 -739
-37 901
-7 828
-605 146
-59 -539
528 -534
-670 -575
-705 -573
-431 171
215 13
-831 945
-376 -988
39 -707
-477 729
-911 -169
997 -72
913 399
309 -833
6 -225
548 75
-252 649
-997 -490
-241 -728
-939 682
-835 -606
829 -61
-732 -208
-87 -190
246 432
383 595
-985 -899
588 -719
-339 -476
537 276
291 31
-814 -693
50 484
-145 -815
-569 -18
-77 -412
-746 -499
567 346
-228 -376
-971 -865
-221 -292
-42 -550
-45 514
474 -345
819 391
367 646
598 -8
582 -793
188 356
127 364
-396 -874
-700 950
335 601
-551 362
592 -80
-483 -920
-175 -1000
-426 395
-811 -941
-385 -189
957 324
463 -413
-92 915
-286 -142
460 837
-762 547
961 -811
-831 685
70 578
374 -173
488 164
153 -143
-44 253
-646 -122
-423 -968
-590 228
281 449
-155 625
9 -749
-417 128
446 -86
-134 335
-787 294
562 -724
-290 3
815 868
392 -192
-385 -800
-24 978
-566 284
-164 -716
-770 -954
921 -417
986 -672
-150 563
366 -608
-932 203
-309 640
879 -456
-993 -724
358 -731
-922 268
160 -893
292 143
253 -414
-107 -238
390 -769
-520 415
422 49
841 -622
-17 524
-333 -739
-750 169
-965 -389
313 726
906 -672
136 -410
-560 -907
-199 872
-572 -29
-221 -596
-598 4
446 793
66 363
626 -547
930 673
818 -340
384 -290
-194 120
883 815
86 -971
343 447
663 -675
130 -729
458 498
344 -502
-662 -832
-710 676
811 3
-555 -257
26 -481
-314 178
477 119
306 -195
74 167
271 982
333 -545
-569 227
677 435
-825 -895
-428 32
657 766
-701 506
-567 500
903 -129
780 428
895 -233
400 -369
578 465
-361 382
-726 104
254 -244
711 -867
305 -275
919 258
-984 -140
673 -742
-208 -982
588 -341
-246 697
585 -374
787 452
596 150
-135 -394
-93 3
703 -728
-684 -174
-680 966
654 -943
-783 -828
-45 788
-740 629
91 -678
872 825
542 -347
146 -625
73 -741
836 -906
884 -779
167 280
-672 753
-634 -867
-805 -519
146 -633
-648 -250
783 619
675 -227
463 289
352 787
675 161
-994 -528
-4 -670
-308 743
370 -355
-333 -118
19 -36
-223 -112
-102 -405
282 -968
-739 343
-532 106
-342 790
972 -995
-963 -288
711 519
361 -281
582 975
204 -925
884 -632
-965 410
-195 -178
359 371
893 768
-712 325
561 275
-575 -283
681 -170
417 -166
-363 -446
-212 378
19 -772
-937 646
1 843
45 645
61 416
-616 -952
632 -377
135 -736
262 -40
-612 454
-534 -862
-73 657
-42 705
-222 76
963 515
658 -890
198 -817
-698 14
-21 -391
100 147
-703 -888
732 260
53 322
183 71
-99 619
618 412
386 -713
-737 -808
-122 -348
132 -91
186 -136
146 -725
441 -551
-436 -846
178 547
-356 881
-449 668
-413 803
-159 -677
-574 691
947 139
699 873
-170 -397
875 62
-386 874
414 570
-524 248
852 -481
29 -993
-845 242
153 -84
-819 -157
-661 587
-631 -934
-286 -778
-817 -203
591 -37
-143 591
-765 185
-656 -654
160 -406
730 908
784 440
768 -389
-478 -334
794 310
533 -818
252 107
328 -990
-146 542
-424 375
818 -698
-978 -464
-366 728
718 429
177 438
142 -11
-928 -459
879 -236
-735 943
-93 -892
-341 -223
-560 2
-772 279
-949 470
57 103
611 -530
-650 -930
440 56
135 -826
650 -718
-141 956
497 -434
417 -823
-595 966
771 -475
733 271
891 310
870 534
-799 -21
-426 463
-217 -584
640 -842
74 -846
554 13
961 210
96 362
208 -455
281 -917
-937 -800
29 59
558 226
848 -492
-989 908
-186 -853
-938 -52
-493 629
-836 -946
-510 975
-571 -43
-442 459
-562 -4
-532 865
-272 -297
-851 -913
-20 696
-855 -162
586 -126
-216 -519
-657 -956
198 -204
-680 -491
-321 562
496 347
-965 -422
-212 -278
804 -442
-776 -592
-974 470
39 572
-515 -119
689 691
-739 -807
277 237
-590 618
220 22
-505 621
-991 720
596 956
323 607
-612 -366
-75 190
-982 -569
935 103
368 -765
-862 336
986 142
-264 -465
-146 -177
728 -862
656 553
191 -355
-272 437
149 -657
131 467
-862 -903
-430 223
-251 -218
-440 -329
-237 -661
-796 507
-853 238
-887 790
-812 -313
-749 -690
997 -210
-244 874
-737 182
916 -206
503 975
224 -91
-321 209
-603 109
-264 936
-898 -363
791 712
-285 -798
-319 -51
973 -673
964 -92
-685 819
107 401
-855 346
793 -236
-113 572
688 44
495 -294
-809 902
-8 -641
-244 313
-881 -141
-103 955
-941 316
216 514
780 7
690 -238
552 764
-844 398
891 206
588 969
676 -778
-884 711
-782 29
-108 673
384 -192
737 -116
-929 -3
-415 29
-162 -171
-508 -33
113 882
527 -817
-466 -288
-184 373
-83 880
-562 628
-472 561
727 971
-259 753
-682 743
53 -437
292 -567
433 -234
34 -543
-376 -439
397 203
771 668
-101 552
-873 479
-508 -428
80 161
-145 -427
916 215
-590 -731
-337 696
-348 930
103 846
792 177
-439 711
746 -114
603 161
150 -735
-150 828
602 166
-112 829
330 -854
788 886
-370 797
816 -403
-324 254
-506 222
817 163
745 644
-909 496
49 -142
-890 -623
209 -523
526 -54
104 -834
-788 -965
-438 811
-75 386
-520 394
575 -368
920 -930
338 -824
-922 447
-343 218
-640 198
662 234
-357 -356
-902 323
158 932
-613 -580
347 616
-92 -592
500 953
-799 -300
873 -609
771 560
-831 -845
157 -354
-624 295
734 916
186 -202
-373 -842
316 639
44 177
-949 -126
985 906
-544 -138
-894 -263
-562 -224
491 -27
357 -612
578 -891
-49 -276
-756 865
-634 -600
-120 876
684 320
362 -336
528 699
-668 -85
560 -199
-216 703
-150 -436
499 982
749 -602
-880 -919
307 -616
362 -475
623 -655
-305 -609
-718 -821
595 -711
-517 -346
-737 -404
-84 -409
-60 -398
-526 -546
986 -101
-122 -447
-444 -487
900 -406
-52 -940
139 -24
176 -967
-982 187
-403 116
-394 -149
639 865
-37 -668
-105 -577
190 912
-568 814
945 -445
-762 -740
-744 219
-790 -927
-900 193
694 16
-35 -609
-168 -663
-834 -531
295 454
122 -45
-780 481
526 662
684 16
491 933
-368 -621
782 279
-496 475
866 -69
-245 217
912 -425
364 30
-211 -961
-394 213
927 227
-645 483
-786 -645
104 260
-757 356
73 -472
185 -493
-257 558
-713 -964
10 339
-173 -879
216 -221
-350 -563
534 -61
-396 -860
243 -39
-789 822
190 -270
-15 895
175 -130
789 -53
-92 756
-353 -905
575 -16
-932 139
762 -140
128 -553
-78 634
-975 937
-60 615
49 166
122 421
725 -80
-478 390
958 -554
-245 757
-573 470
167 244
-115 -16
-424 -856
139 358
-767 -871
547 -231
-647 754
64 -868
-625 -452
711 -75
256 284
-932 -910
54 -125
94 349
778 -947
-546 785
-104 961
-9 -367
974 -422
-645 917
-776 404
-237 919
-76 217
377 -184
-243 -176
901 434
744 -621
-472 -248
993 946
735 -594
-244 -441
-440 -320
879 90
777 963
299 913
-230 -870
537 -292
-669 -584
459 370
521 -537
287 741
-303 506
499 341
570 710
-299 240
-157 462
-873 -300
-227 378
-385 -608
-946 -185
402 998
66 -76
472 -190
-34 -34
467 371
536 -46
-410 905
-6 853
-682 323
-615 983
-665 -928
-392 -995
307 906
-158 -269
612 -631
271 -576
-786 450
332 -476
-99 786
-350 881
-955 63
58 383
779 457
201 969
508 881
634 838
-382 415
603 3
-629 -368
-635 -492
-774 42
457 -682
271 906
33 428
856 -605
-250 -10
-408 -256
-295 34
-331 715
-356 -740
526 -722
543 385
-479 584
961 630
-759 -43
583 991
173 407
-353 482
768 -172
-398 -384
255 -370
815 -512
-890 115
-684 -924
579 682
-87 559
-145 332
-331 -835
-798 -815
-323 677
397 -312
-237 955
-48 883
-790 -835
-101 -664
-348 842
-23 -66
-726 -10
-515 294
135 -950
-548 -222
-214 -408
501 -496
80 471
-924 -751
-871 -256
-457 93
523 63
-846 -52
220 757
-900 -583
725 380
269 36
171 151
75 951
0 655
679 309
-815 -338
-569 683
299 494
-724 -676
294 -830
-170 -535
-816 -875
-961 940
141 -299
-394 7
535 227
688 704
372 619
-713 515
385 -807
114 249
682 912
-746 -598
-194 -834
391 -408
-64 468
-818 400
758 -908
-901 296
113 563
129 394
655 -81
-61 -834
-651 749
-57 679
384 323
840 178
620 -194
216 316
-720 -347
-199 776
-910 264
-754 -237
344 856
793 753
626 740
-57 135
-469 -580
944 407
717 -719
619 999
23 -364
129 240
112 -235
-401 -174
-903 177
-505 424
728 509
-762 -312
813 -130
147 12
488 350
-198 -325
111 -582
861 -247
-557 721
-94 -599
480 -417
9 569
-837 33
-610 221
247 -440
736 263
-419 -269
-900 -386
478 578
-56 581
885 -888
285 -197
-362 -433
901 649
869 756
495 200
556 148
136 -263
866 62
-235 -171
-230 -568
749 193
-436 -627
-277 -336
-766 653
470 886
193 -515
201 -906
-822 56
-366 216
555 -750
-713 -10
-6 -374
503 985
-861 -261
-400 665
273 -362
-842 -200
-303 -198
835 154
316 605
-573 -738
-101 -888
817 351
66 -815
-417 -161
505 -506
352 -336
566 844
-878 295
942 280
-491 -755
-581 301
-117 -958
-27 735
-804 -909
-572 -442
294 -554
353 -382
-3 781
-531 341
-537 432
-214 173
600 845
-581 -520
-612 272
249 -397
-339 385
-809 238
798 -183
-594 884
746 -822
-588 696
-199 781
639 949
39 -583
-203 744
-582 501
-84 383
700 672
-539 226
76 372
-979 697
293 63
-41 -916
-213 2
866 550
926 166
-145 -40
766 -315
-609 992
-3 126
592 512
448 595
-791 -49
-847 -222
-306 -951
928 872
404 -494
759 -178
522 -623
-109 226
-919 -821
-117 380
870 -979
806 -2
-817 -282
-224 6
-395 309
529 229
881 432
605 -451
723 608
754 -14
-861 442
118 -406
586 -787
202 328
-957 416
-15 59
280 -620
374 712
969 -700
493 201
-810 188
-261 223
-119 6
-370 -728
575 46
-457 776
24 114
-996 -189
-301 -75
558 -962
-242 -617
469 345
-898 513
-178 -415
-47 807
777 -815
861 745
630 -582
-788 291
-616 -201
223 -852
-143 393
-452 141
-368 675
862 492
351 338
-471 437
771 -895
936 -170
649 -274
507 931
664 -500
360 421
-232 -764
-720 -845
143 -985
-934 -37
-237 75
-463 852
396 -559
-290 176
676 -788
421 -658
128 -283
840 -25
853 394
620 891
437 -537
-508 584
127 474
270 -574
-628 559
326 -378
-937 737
-373 -163
44 248
221 652
501 -653
-35 -589
-825 36
367 -831
-236 -138
-241 288
705 -516
-822 968
950 -350
546 738
29 -268
80 520
604 666
-495 -751
-636 135
-19 13
606 145
585 -683
-295 -875
-346 999
621 -668
-391 828
276 -799
-830 -608
-480 737
-218 803
-900 608
-453 270
774 -171
-374 763
-632 443
829 282
-197 -331
-865 340
927 -535
-264 576
274 699
216 155
-382 230
-847 332
-276 732
-48 -889
-690 -193
95 321
-715 890
976 -196
645 628
16 -644
492 613
-384 -489
-693 193
81 -56
-138 -104
828 176
-810 55
-958 -513
-818 991
118 856
673 22
754 -311
-548 879
-937 -601
616 -404
-268 837
-812 -115
1 754
-750 -392
-957 799
684 91
-819 176
-774 368
965 798
-65 -681
819 -4
-923 98
-110 452
951 -194
149 -702
-736 630
789 -201
865 -816
572 -801
759 218
761 -590
873 807
-176 689
847 -699
656 861
636 -51
242 253
936 -923
621 -639
964 -179
-77 357
-469 -330
753 810
-686 -561
267 -726
278 -671
-615 -305
-442 646
836 104
-312 361
348 631
372 491
421 992
-319 -804
782 706
-859 -327
-205 -311
-564 878
-1000 -299
777 137
835 573
783 -394
717 -602
-247 853
-453 -350
258 845
-571 -972
908 -518
223 -955
-678 453
791 -594
-797 -779
684 -578
-867 -711
-85 -710
-252 -907
237 -577
-256 468
-332 -235
935 500
755 708
340 -455
336 706
581 426
-221 662
143 768
521 292
664 -737
942 -672
-228 98
-472 -808
-663 894
527 -372
665 -657
-770 -811
-512 448
-611 -698
321 -835
290 907
550 151
945 -913
793 -825
908 -962
48 -524
-148 -352
-276 -245
-434 -969
-353 -567
308 -834
655 470
474 963
-411 -883
880 -381
788 -799
891 -382
-281 -385
-267 622
-565 411
278 697
112 -319
512 -511
813 -394
-521 394
-512 70
-105 -313
-830 -604
547 518
871 -620
-120 821
-130 -839
-964 201
-460 -760
-196 799
-96 -596
-10 -810
481 -462
-536 199
244 -846
-979 -894
-249 -701
-748 665
-125 908
167 -664
444 548
537 -46
30 0
801 763
-432 208
230 330
-63 392
-867 -342
-980 59
464 369
115 -337
374 836
-1000 -640
465 294
787 856
270 124
474 -430
-736 804
-996 -958
-398 -302
-350 264
-65 -383
-149 205
322 633
-767 -301
980 211
-668 697
327 585
485 701
512 -23
600 -505
-10 657
-840 -367
287 857
102 393
665 130
-979 931
-233 -175
-530 779
508 -150
-215 339
-830 4
495 -33
953 727
564 -637
-373 233
179 78
49 -543
-572 117
767 -669
649 -950
162 -424
-409 571
414 -572
56 -737
-571 107
700 195
-106 -60
717 645
513 237
743 664
987 -218
73 909
243 -451
-17 704
-681 964
-688 248
203 -57
-947 697
296 847
983 976
922 820
834 -919
-678 493
-971 -141
248 608
231 934
409 369
-623 -398
-399 895
-108 702
-645 617
374 488
496 292
572 559
-826 -219
-389 -913
671 -98
-179 983
-490 -47
-825 -655
-296 328
-916 -193
-51 -148
-115 -648
-129 80
973 213
-735 -763
711 816
-518 493
444 619
82 546
-765 976
-750 -902
178 -372
-236 -652
958 -831
724 613
-142 -681
353 981
-554 509
-106 681
-319 912
-254 -981
35 -222
-602 -135
468 -493
783 -573
373 -446
207 -975
-216 -316
225 32
-287 156
-928 362
-761 -750
284 -279
-439 -32
-171 667
-685 -208
335 -614
557 -769
-606 -826
-6 -801
975 181
11 657
928 -574
-517 785
943 675
-28 -641
365 4
-691 5
530 -857
-165 919
800 342
-846 -351
286 -766
-670 158
661 -902
154 -617
-222 -895
-659 -795
244 547
882 -215
20 -679
869 -654
422 555
-80 932
350 -360
-221 -112
570 570
-59 319
298 847
263 641
-425 552
491 -906
851 68
-40 163
-852 645
-28 110
751 909
-347 557
-794 122
23 -270
-269 1
775 183
756 381
-337 668
240 573
23 427
30 443
-984 -545
561 -208
-29 -455
890 903
-36 42
185 961
731 302
-613 -569
650 -445
-172 -856
-715 -886
-992 209
-159 622
603 168
-143 -933
228 -446
108 -395
398 997
363 -790
-225 239
747 644
968 -712
-724 497
-992 -329
-95 161
-362 -932
-189 785
683 862
5 -973
700 576
-833 -733
798 -143
450 -420
-566 -469
0 -399
674 879
370 -404
567 -814
481 66
375 612
-705 -909
922 -33
-673 229
836 -303
-653 -246
987 -746
-869 488
224 -887
-479 911
288 452
369 -712
-382 -913
898 399
-43 429
281 -744
-409 -937
264 560
964 -457
-646 195
308 722
-167 -270
163 -722
619 653
-90 -171
607 -390
-983 -695
-154 337
73 -2
864 -740
-483 -967
588 -283
195 -299
-338 99
-647 -383
207 857
-349 227
-874 784
-238 350
361 -119
904 -522
-825 394
119 135
-217 -988
663 -856
807 374
-684 582
-793 -536
-412 161
462 -736
-649 -663
91 481
-468 815
912 -551
188 472
-81 -725
-539 -938
-155 -648
-593 701
-938 -796
-161 -603
-360 -277
142 -954
-915 746
-187 -890
345 -300
462 -943
209 -192
-282 809
-740 -797
53 570
-35 6
-761 -126
595 -198
-88 -291
723 -486
-393 -973
-833 -906
-334 647
-628 -868
551 -874
644 811
-602 -643
-162 802
544 -999
-750 -228
201 -63
143 714
876 492
665 -521
-209 944
-3 348
-7 -112
112 -69
-413 -432
-622 -314
-382 146
-333 -249
-94 88
-487 -524
-266 502
18 738
-252 822
-912 720
-844 -601
-755 -857
924 806
284 -22
-548 -149
-494 -469
-342 -566
446 -931
-264 -528
-183 126
-951 -133
-848 -635
-388 203
-6 -652
-797 -588
-862 918
987 406
-104 -551
21 -107
266 654
-790 643
-195 -585
-554 111
-255 195
-133 -731
738 182
-647 447
567 -409
-945 -492
907 177
-919 -628
-953 755
792 -306
-766 -300
456 -789
-89 -886
429 631
-726 -833
-543 -679
747 -478
-484 552
-898 -419
74 -375
635 -566
-384 354
-431 -724
-845 45
496 -802
627 224
-419 898
-103 -195
-901 546
92 -177
-850 467
-882 -603
893 725
89 893
180 585
872 607
636 568
204 -986
-69 486
196 746
868 -213
963 902
216 118
525 -260
7 56
-166 -114
857 -370
-49 -509
299 757
917 -724
-764 901
139 108
323 -203
-706 614
127 -962
887 -774
-899 -718
-393 215
1 -841
847 -753
-561 24
932 -721
-729 745
34 97
-775 -714
-67 -404
828 556
412 -818
272 -883
287 714
-374 782
510 164
-206 -910
-698 -960
606 -185
-986 377
-45 856
601 -111
-390 160
240 606
-57 273
-369 -61
-838 148
656 -620
-919 -804
229 -92
-2 809
139 -206
504 721
54 884
580 -453
845 757
-632 -802
158 -968
-571 -473
-215 139
178 841
984 0
799 193
-640 360
892 -304
203 -917
-243 274
-72 -559
136 -280
530 911
-27 834
-625 71
958 970
245 545
-712 -131
-91 614
-57 237
-434 -132
159 876
-291 401
-851 -149
851 -865
955 897
249 -566
570 705
-883 845
124 651
-500 -76
706 -806
985 169
152 506
849 722
540 289
-777 370
490 158
294 -195
627 731
-82 -950
771 195
32 600
45 -919
641 -296
-294 885
-19 -554
992 -50
-538 -691
583 983
268 651
-80 -444
-12 46
417 -294
-485 162
-630 322
641 401
-544 -535
-569 -579
747 -41
-987 -804
-46 -492
891 -333
71 54
-710 206
-346 -752
-714 -1
513 -71
818 -159
687 -842
-531 -792
-77 294
743 52
-973 -96
740 -951
896 673
-441 -522
483 -315
-992 -763
419 -463
752 154
-742 600
-485 315
22 898
-805 -934
-458 -970
689 -787
-679 754
411 73
478 -482
-572 301
544 175
857 990
803 -435
426 -306
977 302
-422 -390
725 -73
289 -636
715 -564
764 -988
808 -807
-932 580
643 782
-305 218
-103 -531
523 -924
-481 -69
-850 -322
-71 -39
750 -756
-460 698
43 -528
-420 562
-578 986
-995 720
-557 -217
-752 -390
348 65
-394 -158
574 -350
101 317
820 817
451 -10
-74 634
317 327
378 -800
-427 -835
-621 931
-165 771
397 947
561 -868
956 -375
265 847
216 -734
981 -144
173 -754
-69 -112
-26 940
803 -372
-55 127
930 322
-632 894
591 -454
278 -283
927 587
-486 978
204 -312
961 389
704 633
-740 96
596 591
462 534
-407 -174
278 -792
-539 -37
935 142
-202 -620
-774 -811
-483 743
169 428
-537 -147
568 -186
-786 422
-45 583
303 234
33 -722
-987 -382
-338 448
-980 988
-405 821
838 -483
701 46
-923 550
166 118
-920 -497
-163 321
-734 945
961 -627
698 33
508 802
-401 -89
-426 -523
961 -99
669 796
782 101
89 339
-130 332
147 481
-806 -514
-438 701
-130 808
-446 249
-544 42
151 877
-213 159
621 673
597 -565
922 -444
-850 -161
-141 574
-383 -926
235 -602
578 -40
603 -741
-12 -274
94 619
848 -603
496 -188
-76 -733
342 775
-760 -473
-841 718
449 441
-164 -289
-458 618
-422 514
107 -123
25 549
390 -511
-990 -846
755 102
-249 -482
637 -334
638 800
-394 -224
399 -151
889 -515
-793 661
-954 502
369 949
549 -425
484 485
-419 -982
349 439
901 -573
-356 -986
-384 -92
-283 252
-150 33
-614 273
923 940
121 -954
726 -815
-345 -618
949 85
888 342
243 -63
-363 -989
-329 486
-541 -544
-665 -99
-646 -117
-637 -491
-431 585
670 -854
898 615
234 436
-927 628
303 -573
-645 -280
-19 -748
911 354
-577 474
-873 455
537 -194
166 -454
-995 -400
-780 -36
961 401
909 -330
-648 503
-361 -58
-450 -509
-219 427
349 -846
-386 -197
90 -767
-256 -392
658 -438
-454 343
-758 680
538 396
486 470
803 861
849 -319
-704 550
-585 -87
-235 -644
942 322
394 -329
535 759
414 353
-566 865
-849 -894
-640 -431
-600 -92
-754 309
-414 -499
750 -857
691 -918
750 -330
47 -466
-523 -221
-606 -39
997 979
882 -334
-569 521
38 -616
600 914
-455 -507
-620 -54
115 421
-949 322
870 -374
506 513
-851 75
807 -984
63 -44
130 -850
551 680
-949 334
-213 262
-969 -559
360 942
-299 987
-852 -130
-315 -397
-850 -509
431 773
769 700
-982 -238
508 590
-512 -392
765 -459
933 -560
224 -95
346 -486
-297 577
-863 297
997 -829
-403 -823
542 -159
-750 -784
613 892
-255 956
18 -563
105 -560
-252 -826
687 662
888 596
-287 838
648 -908
-515 -860
757 179
715 -135
352 -198
849 -160
706 182
-681 556
143 762
284 -208
-141 -34
-662 736
-652 319
616 176
-464 26
904 431
-399 733
-499 -676
-797 13
-417 806
-407 -185
780 535
-91 10
-94 354
43 706
-66 -946
-549 -84
53 842
932 540
615 -178
-115 -887
-842 963
616 -656
278 -374
102 -374
436 -6
671 -535
-593 182
-507 -164
29 -123
148 556
194 -496
-59 -706
303 -828
-605 85
-272 -379
-309 -456
-900 -675
-662 -31
921 85
-977 -678
-490 144
72 -149
-875 -610
-126 -565
947 957
-666 -558
539 45
-293 94
-119 -859
-806 766
-97 642
884 152
293 -849
316 288
-56 -819
-467 -551
191 -583
700 -110
426 -949
-36 558
-634 -777
511 -997
-190 -462
-476 -427
-828 739
959 -251
-555 471
673 251
-730 848
-315 -327
624 -2
-847 -676
-336 -294
-58 685
-592 503
-35 175
-537 520
-470 313
165 201
-610 -167
-434 -352
987 -274
-937 -159
-829 -946
-735 313
-855 -707
-488 -169
473 -416
-571 -964
-931 547
307 136
-502 561
826 -950
-960 496
11 160
986 746
23 707
-247 778
-740 986
-677 -193
426 271
111 977
-794 -888
-373 -893
-553 -892
-704 273
-649 881
722 616
245 771
938 697
933 -309
-474 691
-756 387
-469 -161
595 246
-685 -369
-171 -671
61 960
-854 401
-924 -683
-909 51
143 -281
-242 759
-417 -317
721 -640
263 292
-901 39
608 -108
60 -358
-564 356
-292 -282
-665 -693
-211 539
71 864
-259 -408
767 -951
-652 850
424 -692
341 871
544 222
-77 706
525 -349
-860 -208
965 -30
-240 885
88 672
546 -375
673 866
-416 -335
-533 433
712 -265
574 885
66 398
965 -906
-348 674
920 -640
-226 12
-886 -550
-628 844
377 -639
-356 -832
438 79
671 793
201 -838
-273 -148
-800 69
595 -457
848 913
-952 587
143 281
511 27
182 293
512 782
-391 906
-69 -217
-374 -1
830 960
-977 656
354 -848
-764 -943
845 605
-83 489
-437 -502
-20 -204
-589 897
-364 -876
-467 -429
-143 83
621 1000
-66 210
551 -902
53 -754
-176 539
-428 144
757 327
-459 638
-186 468
-8 932
-76 -690
-802 -517
-635 -961
-742 128
-720 90
-595 737
780 -563
-402 -202
-395 -531
225 955
614 -316
-798 -76
371 397
-109 -228
408 -601
-305 -158
-3 560
342 -889
-801 625
364 -756
-292 203
344 -655
392 16
-530 41
577 42
-61 719
826 -589
-198 -388
747 390
-287 823
-124 -715
-26 -996
-191 -176
650 -162
-156 697
156 -875
81 23
444 -733
737 10
-239 -817
-656 142
-330 772
-893 -757
152 31
-748 -401
390 -981
203 17
-585 -850
1000 -237
-961 -956
873 553
-528 602
-400 521
-585 866
-512 364
-189 972
792 916
709 -620
581 206
-177 -922
569 -330
241 794
55 615
156 950
300 -373
-491 -774
588 704
330 -830
-100 -383
119 -165
519 49
-52 -724
-21 -273
-525 -883
115 -655
441 202
-891 -892
-699 -772
-541 -841
-422 -593
102 266
-306 -303
880 -45
-5 371
-711 602
-841 -313
-252 -324
181 558
920 -713
-393 -441
214 369
-905 -569
809 -706
584 -39
94 690
541 -299
652 -860
621 -295
285 -369
-10 -623
548 -549
-486 -748
-91 -478
263 -286
-514 -215
-855 38
-73 -34
-41 -577
97 -82
286 198
-178 596
-953 -316
-209 318
107 -492
350 265
241 -999
976 -536
-63 -498
-113 -763
-635 -547
-459 910
262 -879
970 344
745 -633
503 -223
-763 696
-955 225
-54 -244
-690 -294
292 264
903 566
-898 -155
123 534
-22 186
302 781
-421 229
591 -128
-261 777
-119 -37
829 -125
537 714
-41 853
845 334
952 106
986 970
-401 -971
-657 -196
-868 -696
-432 282
-733 -914
752 -6
-489 729
-240 356
-327 681
-13 -444
-221 135
878 -765
-430 -797
-71 210
-500 193
618 274
550 -2
485 -831
-856 304
-295 324
-221 974
-955 751
-189 619
82 344
435 592
74 24
390 738
-15 -273
-710 240
375 615
1000 -382
97 -75
21 275
-204 -421
929 -860
5 458
733 -428
177 537
224 -670
528 -405
272 -697
-739 41
95 -740
767 785
-818 790
-324 -550
-761 -859
790 -386
345 275
-242 -506
-564 -373
-659 50
-990 165
763 -278
-632 18
-848 845
-4 -506
867 -1
2 314
-249 531
-785 -828
-139 -282
23 69
830 978
297 760
-366 1000
-145 -889
287 -268
212 -482
-865 530
879 558
354 420
15 -620
-410 142
-984 676
640 154
162 -848
915 -378
525 -754
-190 599
96 403
-345 448
-839 517
939 575
204 653
645 716
499 -532
-996 208
316 352
56 915
811 -45
-414 -248
712 -744
524 -47
-481 -354
742 -484
-731 -833
699 -609
198 444
-741 -615
140 -260
-311 -375
660 395
902 476
399 -953
270 966
378 792
-128 54
433 -139
-382 -276
222 -871
71 667
-485 76
-250 660
858 -246
811 -378
928 -826
425 697
31 -646
414 -707
935 -578
492 917
-815 -987
803 745
689 -502
-952 867
-145 -27
-803 902
-214 765
-98 -775
522 -471
-447 -826
-571 -859
-179 805
-481 -560
-337 -959
700 893
-534 -123
485 -888
788 58
712 756
531 -573
-61 -100
-467 979
-802 -439
846 -172
598 554
587 699
-215 290
130 -635
-381 -340
714 755
-743 999
-770 224
-163 -788
387 232
28 420
7 376
-732 4
-913 -577
72 -739
-266 200
630 -261
478 476
-812 -749
873 -127
913 -988
213 -858
964 314
-528 299
594 -653
-751 423
465 -149
185 700
437 -592
-75 -763
-622 -181
-430 43
-167 -108
965 246
479 27
-795 -586
391 -936
-238 92
-386 -436
268 450
-525 149
422 -819
239 866
759 -471
-161 609
-88 -449
339 59
-747 -944
961 -983
72 540
195 471
-560 36
897 101
-559 -76
-78 608
-176 774
-785 -834
-660 874
-135 -596
787 532
746 -290
-330 -587
-656 12
725 -986
-781 503
541 -585
-685 -930
-695 -205
243 -647
576 758
-416 30
-943 -356
149 -512
-563 244
-97 -173
-78 -45
-763 -865
-824 78
-344 -244
-297 96
331 426
53 -876
-756 -444
-202 588
-880 698
115 502
-435 -528
315 647
-954 -8
294 614
266 201
530 -212
-628 204
36 367
-476 119
-390 -272
357 728
943 290
-240 -32
-495 287
-584 -952
-157 -282
728 -80
-693 54
572 82
159 249
-378 -677
515 -781
-645 209
956 -904
-833 769
-857 -499
115 292
588 -711
-746 151
635 -724
548 104
679 695
-879 793
-45 -964
-305 -72
660 -940
557 -365
-199 -13
-61 182
554 820
-883 912
935 246
-119 921
-780 293
-448 43
781 -801
-256 732
456 -983
586 899
600 -271
717 221
55 -897
-269 18
-23 -537
-693 345
-24 523
851 -671
-519 -467
438 586
-555 626
-48 -301
699 675
-701 -663
742 507
-450 -560
484 369
-358 -610
-785 -169
-553 784
753 -767
-902 328
949 -940
-702 106
-418 452
-285 812
16 -489
-940 -494
-742 -261
426 594
-710 -537
-965 94
383 437
-832 683
941 183
494 572
-135 -315
702 -251
681 225
234 -496
652 -118
-101 347
-381 -503
199 116
24 -867
485 -574
-878 561
-64 -98
-188 666
-680 -353
-297 618
58 -755
-234 -616
-739 227
420 854
-378 -963
171 -196
-117 686
814 125
-989 -915
-455 126
975 -875
962 -214
163 749
-673 873
-654 -606
-674 575
839 -227
-597 7
332 -769
232 200
-34 -69
938 -24
136 -833
140 -994
-112 16
823 837
-538 -329
968 -815
-691 -278
-497 -526
812 252
-200 133
21 -24
217 171
-707 2
-522 -829
-459 603
364 137
634 -97
91 354
-266 -506
-587 589
-607 660
833 -698
-123 466
-167 -252
-476 -495
-132 559
46 -852
-153 -797
-147 556
-775 218
626 -960
463 166
-505 -600
611 -133
48 971
921 982
600 928
181 427
-194 67
-1000 -399
242 150
696 110
714 -529
-615 462
352 -88
-487 -5
504 171
-140 -173
-102 -93
-257 -991
801 964
360 -197
236 -408
-202 224
-83 -1000
759 462
338 223
315 -228
-725 148
748 -723
-435 -662
922 -456
-516 -689
949 589
932 897
-582 -331
-83 266
742 587
32 -106
610 54
452 361
147 188
-381 237
-768 149
279 10
841 908
124 533
-229 -595
377 -308
-527 868
-766 614
-62 81
528 -444
-59 15
-869 -793
-324 -113
735 -442
-847 -497
-371 449
-62 -341
-952 368
-582 52
-633 -806
-700 -513
-672 -724
812 -727
-711 132
-549 -655
842 230
308 -695
850 436
448 -200
-522 574
-800 -366
-455 249
-447 391
651 -110
927 395
448 331
645 -759
-980 -231
885 534
622 -600
302 389
-686 954
-628 -648
548 112
-665 590
759 952
-75 -150
-569 920
-474 443
618 -450
349 -318
-542 -7
-544 718
-565 654
-287 693
-307 846
-389 930
-544 845
-559 -179
987 -605
-105 167
-181 36
-48 -420
525 845
-235 -987
425 453
699 -590
-245 904
-634 41
189 -952
999 -693
-532 28
328 491
-133 -981
-672 251
739 949
740 -637
853 267
-675 272
705 146
-810 150
840 810
665 -390
59 -765
323 633
-886 -82
-355 -724
9 936
569 279
593 637
-955 -929
478 901
734 -279
995 -774
926 21
-575 982
-168 -328
-249 -631
718 -52
454 -949
235 -283
575 -166
202 -157
-481 -721
914 740
708 547
940 361
865 -425
70 337
-288 -305
65 -808
155 -337
281 567
-517 124
442 -477
997 882
107 -338
-498 67
6 -359
-236 141
-605 595
-92 338
529 -278
-16 -996
-435 -808
-287 421
42 -780
816 428
105 -840
-765 -152
387 -420
70 -524
-119 87
517 199
-971 241
-871 996
706 27
270 174
369 647
-491 732
898 940
-822 -102
987 870
814 416
519 272
-278 -392
292 290
907 -160
-88 900
-156 287
-973 715
-311 -37
-357 -644
-824 -579
-60 953
549 28
756 910
-890 -164
-99 131
137 -510
176 -246
886 -469
866 690
-603 -926
-220 -115
-186 -292
-675 278
483 -191
631 -921
-344 408
-967 841
-831 -473
816 -541
-814 -947
703 1
329 957
-955 329
301 -580
115 -576
-617 243
926 -997
197 -690
-772 133
-583 -26
175 -591
-470 87
706 213
413 -308
444 -531
199 -277
864 -974
874 -193
-950 965
922 -875
-352 -155
321 564
-726 -967
-396 -830
-706 -473
264 -149
-12 -728
945 -644
-884 -258
-931 889
379 727
415 -150
-710 249
-800 -845
268 -441
907 -521
309 450
-428 -359
-697 -116
123 -641
-467 348
-905 -214
582 752
-687 324
99 -27
404 -41
202 406
400 -516
-454 204
-247 6
-749 821
172 -965
-118 -989
-138 603
314 -658
-724 227
-609 819
553 -158
-747 -975
38 -127
-784 -807
243 388
302 -932
-989 -445
-432 -908
-892 925
382 223
57 283
-862 678
977 367
959 890
-148 755
414 -893
754 -860
-359 -806
226 -216
979 -535
29 725
-672 590
-657 27
-203 127
-215 166
746 971
-464 860
933 621
-976 -734
-749 -196
937 653
925 -888
877 -250
-630 -371
475 -389
-306 890
681 97
325 -912
-945 -985
804 425
-740 161
274 -173
67 925
665 820
-222 -512
-604 -975
290 -894
-844 -577
168 -480
667 -896
-763 -624
-718 678
390 -643
-65 191
659 -34
-732 1000
-687 805
895 -171
511 -970
-415 724
-379 -483
-778 -651
-903 804
-778 951
-751 -396
421 -924
223 -480
-899 -831
-641 -679
173 -258
483 -412
-484 -343
637 -570
-643 557
851 657
-897 -295
799 863
-488 -211
-149 171
449 -967
966 -118
-831 -133
809 -239
606 -426
386 515
732 -77
698 59
779 357
385 -651
-544 217
390 798
-787 -889
947 -175
-43 -927
47 -120
-959 -91
766 94
-33 -889
263 -456
-386 -706
239 -945
-176 -45
-458 -475
-273 609
-62 -82
-663 -597
782 -646
-837 -705
991 642
-178 -331
953 -57
370 562
263 992
786 234
-74 725
-639 -365
887 256
-773 756
568 227
-215 990
-318 -894
840 -11
-393 494
838 -428
-231 -871
760 -772
-525 487
-296 -605
-12 -293
-911 -111
42 -404
-663 -804
366 -405
220 -643
378 -754
935 708
-723 863
461 -525
-894 324
-910 794
-333 93
-294 -968
879 -321
-430 -187
81 -56
136 77
135 553
620 745
776 -588
427 410
-724 -739
887 -978
-371 -646
514 -28
-782 145
874 -639
-433 600
-263 501
356 -75
-130 -331
889 579
-512 922
69 422
766 -619
-589 643
-745 -358
620 368
680 -170
-236 -866
351 -673
856 203
943 6
-147 -671
-165 733
715 -424
317 -795
-841 -877
216 -858
974 -916
-542 -391
-689 -307
-538 -422
-613 231
-911 -718
694 482
-758 -601
552 -226
690 382
350 335
677 -852
830 -347
200 775
-83 -976
-314 -80
777 957
-606 567
861 -857
882 -357
337 601
547 691
321 -367
960 -407
518 359
-599 -196
-296 724
-238 -688
6 -977
338 -497
-468 -800
-84 866
-290 -434
-276 377
-899 132
-556 -362
543 -331
849 -997
652 761
-451 921
-364 -226
-282 -768
-502 -997
529 -568
-945 -540
-916 -88
-583 168
401 -328
267 -909
-159 667
-871 941
913 314
666 -803
207 773
78 -907
-544 868
-747 -179
934 127
659 165
-253 -902
-925 -594
-707 -846
140 -105
997 -961
-255 315
-545 -39
-383 -217
517 530
451 191
251 596
-41 -487
-289 369
934 -314
233 -905
-91 -676
-503 739
181 351
690 381
-924 -615
986 -688
-935 494
851 -978
-94 163
450 585
14 -278
-28 163
-922 254
-746 708
406 -384
-870 104
-22 -548
529 592
-847 -814
-48 12
96 -706
-576 -474
-997 -55
241 821
-410 -846
149 -860
-163 84
-834 -234
396 -632
129 -691
540 69
880 -180
-569 -808
575 138
745 85
-479 -316
-161 -736
-712 -278
-743 24
859 -948
420 -22
-615 -30
436 105
772 364
-563 -74
-989 -730
-786 -259
725 -984
-792 321
-157 -530
283 20
-281 14
938 -607
-230 -434
414 333
-981 -74
200 460
-27 27
575 584
484 -742
634 -564
-225 -186
-598 -317
781 -35
470 -737
-16 31
-367 -94
-524 20
913 298
600 628
516 986
755 -200
-600 82
-840 327
-309 -271
652 -231
-522 895
169 -761
-997 81
137 270
-949 -632
198 300
560 -978
274 756
-103 -647
329 703
641 917
355 -463
-776 -398
-964 -282
-471 -363
208 -531
304 935
-514 689
483 430
980 -304
-227 -909
-617 214
-339 -949
28 957
995 569
138 -103
199 267
-204 497
751 -830
-200 100
985 -460
808 -589
-169 -392
-360 744
725 776
-980 -289
499 32
701 170
-142 -9
513 -697
818 -819
708 -962
14 -20
466 872
697 588
698 -550
-475 77
699 -380
947 -805
-372 270
-696 -503
723 166
529 -818
-639 591
273 160
-751 -451
700 -768
723 -937
158 -867
383 28
221 -368
680 -33
-970 841
610 628
750 399
-632 123
-683 -123
773 -426
206 -817
-379 -842
-695 303
28 605
-389 720
581 -61
38 -308
6 -717
776 -381
81 234
-175 -29
-200 739
927 489
-472 -762
286 -614
-634 -258
-795 -792
959 -8
41 -557
888 807
121 -769
-268 504
-178 725
-911 -621
787 -27
-557 -797
89 -667
665 501
-411 723
-429 629
-22 731
529 736
277 -528
821 744
-217 327
243 994
440 789
889 617
734 863
-539 -493
671 -57
-751 -955
7 704
993 -568
744 -796
62 509
-294 -339
757 -354
355 854
652 -219
32 227
-93 548
-703 -409
497 20
-747 249
-6 -912
141 932
980 893
170 -665
-423 -919
-800 641
858 998
-815 769
-109 144
-380 -381
731 -618
323 672
-502 -324
410 -199
302 372
775 -805
-627 967
-272 -858
-29 -951
466 77
9 -373
-417 135
-788 396
-640 710
749 -757
-651 -191
-547 569
968 899
955 -1
-212 441
-390 -941
515 191
-331 657
-775 -495
563 -77
-967 756
37 313
-118 432
39 689
-60 -171
-602 87
975 326
99 2
-480 80
16 730
-498 642
-674 -344
915 443
-120 734
-338 -840
-1000 -663
488 608
794 -118
-468 -455
-286 -600
940 -523
-88 969
162 759
765 296
434 -664
623 -844
25 90
278 575
353 913
-492 -198
115 719
546 134
697 -564
50 674
-296 585
351 166
427 -599
-568 400
719 764
-23 -212
-664 641
-16 840
-996 951
796 650
-766 822
679 -288
343 -424
105 866
628 -318
972 265
-271 -327
-978 -246
-928 686
669 540
859 441
-245 138
-938 -30
513 904
-698 298
-890 -904
-934 491
-350 -598
-315 40
-882 -914
246 -763
181 -589
-790 -981
114 -709
931 368
516 181
630 220
979 -786
161 177
406 271
897 -332
-974 144
-781 40
-141 -294
-533 -246
-243 -734
-122 821
490 249
-370 -881
-196 441
893 -608
-300 523
-211 484
-174 -387
961 97
891 -598
126 -232
518 91
-467 237
-177 526
614 -304
-327 784
-308 402
-132 855
-160 703
736 366
-568 -214
136 -684
-721 -954
67 388
19 -212
-981 -779
678 874
-985 -941
-352 371
934 551
38 -889
-94 -911
-866 -355
453 -400
700 -64
-858 -437
989 -855
70 814
572 -818
-508 -825
-143 697
879 -441
356 -128
867 -487
-163 431
-130 -67
-362 506
655 946
-109 629
-798 -500
890 952
-810 919
694 672
-421 957
129 -897
-793 707
629 369
-284 -524
-78 -553
-369 579
577 -14
-144 -751
964 -447
-963 -308
639 949
-880 -535
674 492
-607 816
-207 -103
-164 -552
-94 785
-911 -811
351 463
134 174
-923 -876
-306 -652
-302 -957
-637 -397
626 -365
-670 365
-54 -360
450 -105
467 167
601 -273
321 829
-347 -534
670 -26
-558 -202
407 512
-358 225
-251 -3
942 881
-968 -923
433 764
-90 391
9 -824
420 -232
801 402
630 -654
341 532
986 -843
-815 -592
826 593
-587 820
-946 224
-665 740
196 -929
-708 306
24 -259
192 823
-452 -975
569 915
824 -29
-253 -757
107 -451
140 674
-495 -326
610 -164
956 826
101 911
249 602
-665 528
180 900
5 390
-437 917
-121 -5
233 -594
-600 249
-530 -88
-353 71
32 -484
-274 -437
-409 975
989 -10
-886 -545
954 -366
-705 642
896 141
-800 904
-891 -374
-255 611
-546 -780
-411 644
-281 -331
-106 -452
256 789
-517 406
-101 522
904 -228
636 -986
353 153
-187 -803
-718 -46
-199 -696
-33 -595
414 -703
140 -738
-788 -236
-146 -81
-892 -985
604 -359
648 -375
-718 -653
-246 520
361 423
799 124
3 85
733 747
-294 -693
-77 -636
-609 251
-192 924
-588 183
-123 -167
-879 -862
335 495
963 -514
163 999
-820 -307
-971 -291
-7 -468
871 624
746 -668
727 -720
-857 -68
-849 -194
880 -470
-810 977
-765 299
531 252
-273 195
799 722
298 -664
-496 615
-841 -872
-726 778
-96 -407
-250 -383
-585 -579
382 -402
399 322
975 -545
670 -76
207 -791
1 271
395 -198
-886 39
522 -841
-55 -467
598 523
-161 605
61 -812
513 -5
-385 -925
761 -605
-270 877
-817 -788
-561 153
-339 630
-834 -769
-450 463
20 -258
398 -635
319 496
154 -344
-537 -489
818 -295
-933 171
382 -682
290 358
-260 995
-212 -876
-395 -500
-30 -537
-671 186
295 -330
-342 62
-351 -898
105 -668
542 979
367 -356
880 482
474 750
421 -815
-100 840
146 495
-143 315
219 -521
312 958
469 -179
-809 838
-911 5
-134 -386
-309 555
-33 -260
520 -546
-442 -654
908 -681
343 527
159 868
982 822
-203 -458
-995 -375
-245 -107
343 777
674 -199
981 -968
976 853
-450 -366
32 420
412 -251
182 -716
-564 841
-392 869
-24 3
282 824
22 -38
426 803
-484 -571
-599 373
526 569
853 389
233 -349
111 -50
-608 -634
-113 -756
682 -186
-198 -685
189 -206
-934 521
826 456
-76 -379
-570 165
566 -411
-653 -972
163 -255
-996 663
-418 324
-89 556
642 -447
213 -86
-375 -125
-456 -409
753 89
-27 928
-425 385
92 -579
756 -239
786 312
465 719
-187 673
-52 3
946 466
599 162
-542 -678
275 -667
421 -48
62 -583
25 -30
685 -136
-882 913
169 415
-466 -834
464 52
380 -285
-164 871
277 -101
181 866
-757 474
-311 477
-717 -492
-413 -121
-555 -20
-385 -794
260 -647
528 355
430 58
984 328
328 -959
339 -393
976 -258
-920 969
470 185
188 -515
415 -991
-290 -628
522 305
-625 -531
866 749
-52 184
922 356
515 445
386 627
-383 -734
822 -974
-206 -710
858 688
-849 -761
257 500
939 -232
-291 641
-335 -432
671 -665
229 -451
107 -794
-10 -791
-298 -211
385 -857
-817 -952
-820 -782
-82 400
123 -547
653 389
143 -981
-808 181
796 603
555 -302
-471 860
10 450
108 84
-83 545
-218 -282
-369 837
31 184
-686 -914
970 -57
801 -37
686 -648
-795 -209
-729 53
946 -770
256 -442
647 931
-942 403
-208 -754
-369 -532
-82 -845
-449 -443
614 -769
-302 944
648 879
-64 -807
315 -767
0 -451
646 483
-59 -385
460 -564
702 688
772 402
-873 -138
-28 -829
747 662
-185 -110
781 143
136 874
343 464
-327 -249
-275 867
186 136
833 -4
504 763
445 -268
-742 78
221 367
862 822
-306 236
231 740
731 -859
-660 46
-39 -485
573 -666
-421 -545
603 350
-264 -818
554 -855
680 -83
51 -840
388 -471
-897 -688
786 786
448 -830
348 173
-478 -838
-432 170
-639 291
24 696
-676 903
142 625
790 -568
-169 -137
-593 583
25 834
132 527
-769 -807
-877 -69
-382 -685
-7 -837
-365 -409
-6 -326
-997 -837
975 359
149 -717
272 -378
324 249
640 53
498 352
-465 -347
-957 -806
-845 849
652 114
238 -512
623 -454
-35 -473
-629 -606
-887 253
287 485
-517 887
766 779
-536 -210
-692 -677
314 -304
370 -406
-183 581
298 -306
304 -555
117 -555
-123 315
-764 -15
-491 -155
150 -987
177 226
-136 -296
-827 154
-606 716
912 777
-966 -348
-76 -540
-593 -977
531 439
-776 -605
465 100
402 -671
797 574
88 936
-340 -899
90 -424
-740 481
-480 -681
419 701
-313 696
-221 406
-277 -207
199 -221
-808 -961
521 -171
782 -334
612 648
-252 -623
-768 -894
-68 196
-485 313
314 743
474 134
655 247
-831 241
751 442
-747 456
19 -764
839 -397
905 -687
137 -740
664 551
434 297
-972 160
539 -439
935 -161
-82 563
-477 29
413 689
979 689
-391 -522
-503 -789
300 -82
205 928
-423 304
-781 576
150 560
165 187
-125 283
446 -294
961 431
439 974
511 -521
492 467
414 860
-886 781
218 -881
-370 72
613 822
-610 373
-460 463
-537 -241
836 -430
20 -185
-641 -782
-200 -374
-68 816
909 936
-531 -865
380 371
-825 833
814 362
-782 394
589 -628
-244 -892
-643 -469
703 431
612 -910
83 60
220 119
672 543
-471 -590
880 310
-83 -670
801 -541
-899 299
-808 172
101 -180
398 122
377 -555
-606 -38
833 346
-480 -692
417 591
571 -891
444 159
646 -538
954 894
692 674
636 574
799 609
-5 -283
-949 473
-740 125
-475 -926
207 957
503 -122
691 -762
-641 603
970 -503
991 -80
607 -97
926 -864
-54 499
-949 -793
228 -551
518 -647
922 395
754 622
852 983
-511 -252
-878 -184
-542 496
-327 -882
845 657
-490 -55
118 -709
598 -542
-442 -953
302 -225
869 160
-166 910
781 352
53 827
216 478
-708 -625
-745 -723
483 0
70 -616
-684 530
-872 95
480 -465
727 779
-51 744
271 -421
190 -650
162 -342
550 178
-157 18
988 739
-840 764
-629 909
-327 -449
508 -550
262 -756
-455 387
-692 -316
741 -970
-449 695
121 -71
-171 421
-431 736
435 342
-10 -159
261 -683
681 397
304 576
383 -649
36 572
254 -591
937 -738
541 -997
-95 -412
-981 707
-400 -843
-112 -548
612 -818
977 513
61 -175
218 -394
578 -561
-271 601
818 625
981 484
-17 114
-692 -975
351 673
824 312
-122 -698
-504 164
-757 599
-801 82
271 863
403 269
-708 5
766 -233
-419 111
537 613
801 -622
185 -816
-335 451
-697 -821
401 864
628 -239
810 70
-120 30
-910 -959
-455 -495
-459 865
455 -477
314 848
-769 -242
-490 721
326 -177
-360 -513
-728 153
701 87
-361 -7
-39 920
-730 564
430 475
-269 7
766 835
-744 -915
-736 149
362 555
-622 -348
463 463
-923 -69
842 -174
384 -405
338 -446
311 532
-575 -501
579 -661
588 832
266 706
30 325
-865 -23
852 532
42 -646
63 -451
535 695
-515 599
-463 221
477 -851
876 -154
-818 119
-459 -444
105 -387
120 -50
-273 -179
-619 -314
770 -714
706 -553
-107 821
3 110
-514 544
-508 938
403 -220
803 -656
127 181
914 -699
-192 -653
-227 209
-890 970
162 -452
766 162
600 868
817 149
-791 111
-704 21
779 -154
-297 -548
-648 -403
476 -480
817 705
-125 -262
289 -936
-609 319
-746 178
736 -881
627 -323
903 -259
-752 -331
-301 -329
-712 758
-141 300
107 -415
287 -582
938 477
388 -446
-383 -698
-761 -258
-604 -546
-746 723
890 162
-945 -81
-499 -180
-747 -497
223 -366
-576 -318
-764 -631
-890 110
-249 -690
216 -540
838 740
144 -592
-63 -873
10 -753
811 -367
91 -404
133 -228
-122 107
808 389
-473 611
724 -648
446 -194
-586 -754
257 600
-501 -534
509 -617
-583 -882
670 321
574 -638
240 -50
621 -356
-419 -652
309 353
-717 -723
-296 -418
-929 -979
-246 -224
693 -808
54 103
-845 60
-168 416
16 -17
-214 432
920 678
65 -870
-278 -577
-583 -789
-723 -158
726 116
-622 -300
-827 -163
338 -157
927 931
-595 488
-464 221
759 697
-240 -772
-365 783
-614 -537
-41 -759
-133 -81
704 703
-256 -233
215 -103
-734 863
-532 -228
395 284
-622 467
-894 -853
728 -759
102 440
-23 -425
622 -544
541 555
-739 -115
-635 93
-33 634
22 -298
-500 -422
291 734
86 487
321 464
-269 -890
-212 -860
-415 -450
-209 915
-538 312
-398 -454
995 -636
913 529
-365 -315
-841 -81
333 -485
159 -488
-72 751
-474 -552
-396 -438
-86 700
-270 -102
753 187
577 -561
-885 -336
-883 -599
-385 -175
-840 -338
-900 -691
371 -616
-545 988
-172 129
-140 611
876 417
-694 -799
938 -583
230 -336
-414 -33
-812 431
-626 119
779 -147
226 762
-686 784
74 194
627 820
-783 382
719 -65
-265 396
-492 116
-285 636
517 -803
710 -813
0 -265
378 94
338 -229
-369 498
684 199
-891 -199
243 782
78 -84
777 -503
-951 446
-445 -420
535 -233
213 331
-761 -986
-139 326
-79 209
700 -832
678 64
-120 -159
408 -634
-940 205
515 -47
864 808
892 -973
-351 600
68 481
-340 -950
-868 -718
-99 122
-13 -962
565 -969
775 -879
956 -443
-131 666
809 796
513 -864
569 773
-629 -232
-213 -671
465 599
-947 392
964 -452
-224 -734
-840 608
-146 970
-930 -989
270 317
-555 677
265 -492
-585 747
-892 -35
870 -714
-297 434
-552 58
-932 -309
-949 579
-578 51
347 -249
587 52
-200 -944
-943 298
-859 -421
16 -460
840 797
-657 1
-745 -588
-238 299
-684 -940
-974 230
-771 359
-382 405
-949 -224
70 -694
-53 -930
178 758
902 648
-479 -278
-590 -40
-235 -142
-637 930
-175 665
933 98
477 36
-942 217
326 950
-635 -555
69 -366
856 -607
15 -720
-981 -91
-579 -667
-664 949
93 785
519 -99
874 -917
433 -631
-188 -117
-58 983
-784 420
-328 -562
-67 305
-419 481
-883 262
655 766
780 -732
17 -182
-548 -64
-517 870
-20 741
686 -586
-263 -50
159 914
152 -398
-488 561
-183 -497
528 -762
470 -484
558 -759
-495 -328
117 943
375 768
-717 520
-815 576
-223 471
947 -23
-636 406
-687 105
960 -576
-339 -523
-393 -633
-928 587
-14 -151
585 179
411 -556
-779 521
9 -536
-404 -37
-437 123
629 -344
234 254
-953 -405
-435 598
450 770
381 286
228 832
-484 377
-115 -918
588 793
-821 209
442 758
-18 -713
733 -167
173 282
-322 875
333 828
427 -74
421 862
-511 -57
-933 521
-794 -145
-898 562
-548 752
958 784
-828 -476
-352 -899
853 -590
548 150
-505 -484
471 22
-402 -598
-30 -671
-194 -730
-375 491
-539 875
742 608
-587 -194
-588 -919
-300 -609
291 250
-880 -358
306 42
745 -161
-728 -881
829 -215
-956 780
570 -929
-119 759
-844 29
129 271
-728 72
220 -816
-915 426
250 -352
-282 -672
-573 -723
773 927
94 430
-150 408
91 616
-813 -700
-593 -850
-244 318
959 210
-952 754
-366 840
-156 159
442 100
-377 -329
-558 -810
181 922
-550 -164
991 -428
419 425
201 -499
338 534
-478 560
-877 -765
867 949
366 -311
-527 -694
-424 12
306 -201
-597 241
-143 -494
-319 55
-860 677
-506 879
-865 522
127 -590
-364 -295
167 -569
875 978
792 273
953 -708
719 -385
-221 928
759 -728
695 -64
-389 -202
-597 -197
869 -465
-653 -179
343 -637
982 480
-757 531
969 -869
36 -318
379 749
-753 432
-727 950
-845 969
-49 185
831 824
-729 520
-843 470
-261 -150
678 -804
428 752
-159 639
89 -23
418 945
991 -48
-685 -517
-668 718
-713 363
301 970
381 -732
-739 6
-849 665
-46 501
55 37
612 730
-569 172
-274 650
242 243
-143 48
-945 -759
-981 471
711 197
263 412
36 795
568 821
-90 -245
-825 325
515 33
997 95
324 -672
653 -474
-601 -286
33 208
-704 -671
846 28
801 285
978 376
-100 -287
-151 206
126 -453
-890 -258
-906 -412
503 -390
-737 673
-739 124
308 444
70 -111
188 333
-688 982
-275 196
-643 -590
-685 -930
23 21
687 -923
206 163
-298 -133
792 733
-660 873
-138 -181
-81 -258
443 518
-249 -424
-877 288
-777 409
-319 -606
771 803
-894 687
497 -684
-625 -677
-986 996
624 -672
563 92
-611 -668
459 -1
172 -567
-82 -49
315 716
-417 -490
760 -207
-889 169
-115 28
-639 -785
-80 299
608 173
-993 607
747 271
749 527
70 181
-894 -476
-62 -248
-182 -355
974 -296
480 -375
-465 466
-320 -263
586 -625
411 -810
918 777
-322 300
-138 278
-912 -157
132 -98
-488 12
-155 -308
-848 -395
-720 -44
-552 709
348 164
-10 291
859 694
-143 -770
-426 -256
-513 655
259 973
951 -75
-331 465
-868 -474
-585 -767
-708 -641
-771 416
-275 -625
249 699
318 744
431 -628
-983 -364
392 731
988 442
-575 101
-792 16
52 115
-175 532
-838 -755
753 968
195 -881
-608 -280
-929 -970
66 352
-366 650
-79 -498
318 -888
-179 738
319 -111
-620 -391
-559 695
-498 -42
-371 -980
-20 451
-412 685
310 840
-849 964
-327 630
-805 -674
-989 251
165 536
98 395
407 730
-481 -84
-284 185
39 -996
-805 -206
544 -299
-560 -124
501 -716
15 688
706 995
-511 200
886 -288
560 -40
9 -13
696 -900
645 -473
471 -777
329 898
-623 569
-603 -658
719 -344
-251 -446
-975 -22
549 -386
-236 -581
16 -796
-545 593
855 927
548 -608
-501 778
86 -905
43 -948
977 -590
210 18
519 30
51 433
651 955
-596 358
-505 -620
96 25
-798 -220
-233 411
-884 430
-249 494
-295 986
-893 -514
473 -842
-608 873
-48 -351
-388 -550
687 258
-565 489
-772 713
-17 -791
174 133
252 -236
750 582
122 227
306 -502
775 -380
-1000 959
-864 144
-906 121
-575 172
-222 215
0 387
60 -112
-230 715
688 350
18 -949
818 -48
604 -227
14 36
320 -103
206 -445
-141 -247
59 -476
15 -415
-364 -52
225 -653
-226 -544
-375 403
300 226
-890 555
704 -769
-274 82
-760 940
839 44
888 -99
642 663
-102 51
-2 258
451 685
240 805
-638 -982
891 716
-181 -447
717 204
49 -389
820 -457
-229 -690
831 -832
748 -560
-377 643
684 -852
469 -424
-372 113
-432 -921
448 -712
-497 702
-969 -491
228 391
-279 222
784 57
-733 -56
-835 810
-382 272
-395 782
-987 27
-720 -8
840 -135
-601 902
821 982
-89 -236
-332 425
224 821
716 604
-639 -176
328 -501
-259 991
508 -229
-898 487
816 86
728 402
673 535
238 74
878 -596
993 -117
-768 -287
451 -416
-890 -741
-546 54
-839 -883
716 -266
336 850
125 -313
835 -458
637 548
-325 339
127 666
939 -943
-80 283
-470 -832
219 -65
316 -127
52 117
206 897
-430 -557
534 89
-637 -93
64 -452
-127 -681
956 585
101 -25
-928 996
139 -856
-377 385
-216 -978
174 -406
-231 315
668 622
204 -199
677 -602
-660 882
60 -531
-583 -620
457 -361
-317 51
0 -25
-334 727
-522 -306
416 -947
44 324
-466 -831
783 87
82 -529
-745 -900
374 507
915 -490
-603 898
925 -563
-710 216
-60 -248
432 715
424 -128
937 354
930 480
-517 -659
463 -643
831 377
-657 -387
511 -463
33 -719
-251 747
-880 99
-587 396
966 -870
903 255
151 -287
383 745
699 -364
-749 289
-241 263
14 465
573 -662
-275 538
296 187
518 -403
645 -746
-580 827
-490 886
-814 969
-727 -97
974 173
95 -280
598 421
675 -351
-427 -208
296 325
850 603
51 -245
-349 -459
-502 -280
-335 -977
0 163
785 -470
553 670
0 -624
786 341
787 622
-945 987
680 -647
-316 677
-107 263
801 867
829 442
-348 854
178 -993
-234 827
68 -781
-747 20
-406 -2
-115 -934
889 585
751 -664
-329 -96
-985 -474
262 955
746 6
-296 -444
993 534
-87 -282
175 856
-144 803
815 -574
-812 -678
971 -390
448 579
-534 7
452 771
-856 419
-250 812
-641 606
667 -541
757 124
828 310
-449 947
-917 -278
-669 975
-932 -332
-399 -459
-278 594
611 8
-383 891
556 495
14 334
103 -417
-803 62
688 230
-872 626
-722 145
920 -977
-934 -919
-636 610
206 -943
-566 329
-619 -565
104 -211
719 -62
615 960
494 -322
-493 68
-240 84
117 -560
115 -154
740 693
862 -230
-43 758
-512 518
-603 -151
212 410
-975 -181
139 345
-577 -34
912 92
784 -537
178 -652
571 625
401 -956
-625 -224
-639 -162
-397 -773
239 973
762 -588
248 -761
872 -639
-890 -32
-355 503
-552 -1
469 708
-840 262
902 -783
-446 -574
-920 -834
-304 79
891 -914
941 -619
161 -829
-682 -812
88 -834
-615 -496
969 349
-543 -234
-268 -136
206 -762
356 -485
-216 204
-917 176
949 -933
-658 -5
-312 -424
716 -869
-730 -576
-229 -320
-482 330
150 478
-82 206
232 729
-627 513
797 -322
-411 -59
-11 -569
-849 -348
-640 -71
-455 -346
325 -855
193 777
-906 -55
-937 -64
836 -968
155 91
207 955
685 852
527 -864
530 -658
-583 -897
-146 238
-118 524
740 371
936 -828
-682 -52
171 803
465 -106
-877 -176
281 -814
-995 174
998 386
25 527
68 -99
-107 411
158 749
829 160
647 -34
556 -424
-29 490
-834 287
-677 566
-18 266
-833 -613
50 -850
698 281
535 814
546 -187
539 -36
564 -200
803 -722
-562 -585
-93 587
168 627
216 -90
635 729
823 -743
392 -288
-93 950
-65 -181
558 799
-855 -536
983 -69
-925 -21
-149 89
-660 -130
-795 -59
-954 388
74 -754
-94 -765
222 -695
387 -757
-993 -191
820 602
683 -616
-821 -915
954 -820
536 -350
349 -156
-986 -413
524 75
-695 -237
468 -121
784 -820
141 -667
68 -846
-966 380
-359 -314
807 -815
438 -730
751 200
-894 -971
208 -9
792 628
755 -577
-203 236
190 573
554 -970
322 134
100 -221
-666 42
254 -520
-234 26
443 -733
169 -650
-272 -568
16 892
806 983
374 -171
-738 -46
-811 -204
890 -990
296 -970
930 -141
418 -336
-562 920
-971 -655
-656 -554
-933 -272
33 -385
-844 869
-211 48
-574 -318
471 889
-396 274
-859 342
60 983
10 369
-129 -319
51 -923
789 -933
-579 197
98 593
4 142
348 -408
171 -286
746 70
-965 -32
-793 44
-334 282
203 737
677 -649
504 -775
-141 -489
402 179
955 770
56 -224
919 163
-840 9
538 367
-644 733
-185 -405
-374 -39
199 -605
-911 -143
801 -33
932 -446
821 268
-659 785
865 -679
-637 -121
-90 -602
-807 -753
-57 -733
-171 405
-722 -247
-591 -671
94 -552
-770 -602
-826 430
-771 -87
0 330
885 -792
-856 599
-609 -389
199 829
593 -379
-214 -923
-221 -361
364 339
-687 992
-142 -180
-452 218
-628 176
726 -326
626 -569
-690 549
553 573
441 400
232 -775
726 -691
-218 -331
439 -490
342 -342
745 -950
-205 -301
-725 52
-608 255
-555 -272
-37 38
-129 -909
303 -914
-698 95
328 -63
399 154
-188 772
-10 156
-872 701
-833 -933
26 577
-405 810
196 73
-280 113
-490 785
-946 284
493 -941
-312 -968
881 -503
-946 -15
819 -537
280 70
-547 80
-958 -201
359 204
-255 469
656 11
903 -208
-332 993
-80 309
101 317
-274 -462
732 362
813 623
-574 -861
-350 600
661 699
-69 767
917 -405
-732 -627
-313 -107
745 95
571 474
403 -867
-849 24
379 -662
-153 368
-386 -337
840 -694
-858 984
507 -842
224 341
-376 -365
839 158
606 367
41 697
-350 828
16 -658
-761 -379
46 -717
-92 -402
-297 -120
595 -875
81 980
706 -642
395 683
969 -45
-9 348
710 -421
631 407
-511 -447
726 -729
62 -754
-19 -822
-829 -189
916 -310
271 911
-714 849
-716 118
678 429
-860 693
-223 630
754 -865
77 -315
-363 -949
36 -159
-30 318
224 -67
-957 759
777 90
106 -950
77 -482
607 984
-321 -57
468 140
585 -144
650 -440
-417 -911
-84 -550
-543 -711
619 -641
551 -79
507 774
-985 187
-337 -966
-429 358
-442 32
-25 -333
-68 -147
-972 -566
-697 212
-529 -851
331 -311
-505 385
342 738
231 -553
401 -925
-875 79
215 -746
413 -949
-531 -456
302 -755
435 -743
-887 393
-225 376
-814 414
768 -341
-848 -689
-845 -572
-334 832
-883 -314
-260 -326
420 -446
-47 152
-603 -400
-38 -14
321 193
244 103
-307 346
-402 -253
-119 188
726 -45
811 581
642 789
207 450
493 -31
772 572
-418 -544
-867 -124
475 369
-75 -958
-595 508
-968 -612
-420 630
812 627
-431 -227
-749 510
-851 270
29 121
-368 759
631 692
-643 -388
352 -785
7 729
-273 361
65 -53
996 -775
619 -346
-118 691
-652 38
-557 -258
-234 648
-976 -73
-343 599
916 62
184 -717
989 -834
191 408
516 -124
745 253
496 -686
-783 -815
-82 -80
-117 9
514 550
436 176
368 -653
376 -220
-34 712
-816 776
-551 -717
812 633
-284 -464
91 902
-182 337
-876 519
441 99
-623 809
774 -315
979 -70
-72 404
751 -666
905 507
-825 875
-992 -812
-30 576
796 791
539 -923
-447 -11
-752 618
789 259
98 885
3 361
-768 378
-803 -740
554 812
-964 211
92 -252
285 -634
918 -683
911 -792
921 384
-806 380
855 926
388 672
-883 491
-292 -913
320 -230
398 109
-749 -169
-1000 98
608 -330
281 175
-61 -825
-94 -857
575 -451
888 -48
826 924
397 -322
-165 541
-897 384
730 -878
-570 -461
360 -197
-240 150
109 -250
-895 -751
-894 -880
-937 573
-50 -153
512 784
-928 -712
598 776
-69 942
-232 848
-450 402
197 783
685 -490
-727 200
-718 687
-277 -42
465 647
740 -972
675 -35
611 -632
133 870
-696 168
-388 -767
972 -543
836 142
279 -825
555 -671
278 -158
151 -904
411 -50
462 136
479 -252
867 -398
-988 -370
-572 610
101 -865
-119 550
-809 -836
7 -73
870 -743
-226 -971
57 424
617 -260
-205 -708
-627 662
-320 489
211 -770
-191 -564
-977 218
-234 -876
-50 773
211 -978
-83 -622
-590 190
-414 846
176 918
-422 352
-942 -847
830 41
623 457
571 595
-171 766
-881 -485
523 -179
-692 518
628 84
564 626
-455 -422
51 -90
-255 608
544 401
-643 793
655 -323
639 640
50 861
-763 -133
-766 846
-284 442
559 -210
717 -484
652 388
777 -50
-799 70
938 371
-466 -489
242 -726
-440 -304
643 -77
-192 115
671 840
202 991
-78 471
878 -147
765 -695
233 760
-734 811
916 -569
-287 105
-427 -643
-682 924
-932 641
991 459
314 -642
-748 -367
584 -377
317 -238
-873 -954
165 499
721 300
650 -353
47 58
-381 -842
-739 -753
369 690
864 -12
-846 884
481 342
-61 667
283 -704
-652 -767
935 -677
680 300
785 -452
398 -518
-267 -155
-958 -268
-421 364
-840 -836
372 -969
-420 -567
307 -650
-322 128
273 -952
945 -501
-129 -322
-636 400
598 93
-192 782
920 -320
781 -186
-459 -962
-796 -906
317 -509
498 -349
-867 445
-251 -157
126 64
-249 544
294 831
-18 -908
936 382
36 -808
767 653
-169 899
-939 -195
830 739
-580 -745
-33 -803
336 -406
503 161
-101 -61
-69 805
351 758
-854 -910
-624 518
-187 956
-221 715
-321 -694
942 -210
216 121
151 242
-740 534
417 750
808 294
730 -596
669 974
635 -673
-963 556
591 457
-333 -694
128 867
-185 357
835 345
-915 540
343 -544
-674 626
164 408
36 -660
-818 548
-64 856
-975 -785
-872 -705
-466 -113
210 340
-782 241
626 397
-896 -412
974 -671
337 -703
-155 814
264 97
-914 -982
-755 774
-199 269
542 -323
860 574
212 -137
-503 -563
-556 -66
-176 344
-472 -121
881 -655
69 -375
151 196
486 -939
-924 522
841 -448
963 -247
270 980
490 3
-653 998
-848 -795
-16 -550
-725 607
907 -11
-96 -884
-284 492
867 543
108 704
-129 -386
936 945
281 -991
352 -414
-521 323
768 397
-477 -654
123 742
-317 -548
-237 -361
401 980
757 28
789 -439
-220 -776
277 866
398 11
727 473
332 -750
805 845
707 -42
-741 -708
-87 -534
-640 860
-848 -228
-624 -446
255 168
169 190
374 -285
-909 -100
-752 -673
661 704
365 -181
-279 -176
563 -498
-458 -232
-76 -956
870 914
-112 -1
22 -330
136 418
-451 243
935 487
914 -461
-597 -758
977 431
204 -672
-702 716
-331 557
-924 957
622 495
-799 -831
78 693
-782 -786
-202 655
925 257
390 -522
236 736
-50 -853
-265 -959
-880 131
-17 -32
275 802
947 935
508 -828
-576 -935
447 928
356 194
-229 -188
-860 -588
888 -50
145 -530
-458 -248
-926 -41
-455 599
871 -181
-919 776
-773 -381
828 713
308 731
-68 -759
125 155
-323 -627
-767 968
62 -433
864 -627
-531 -12
-859 -573
929 -929
441 958
321 42
957 -475
-163 -739
345 -444
-980 -432
777 -380
28 -324
1000 341
423 277
62 907
-929 -272
-861 -433
-866 634
91 -793
429 82
750 305
400 767
407 377
-642 -176
914 -306
-424 319
621 -195
448 313
-771 -791
-751 320
992 -290
428 281
-508 743
-658 -826
767 430
718 -548
-449 371
-627 409
693 187
793 955
564 -351
754 624
709 -126
-769 270
-640 383
-525 56
-491 -236
-239 -810
-436 -703
-301 543
383 -398
577 -521
718 628
859 620
186 -314
-351 911
859 486
-3 835
535 -667
420 351
-944 360
648 979
-403 190
-835 184
560 13
-1 670
91 53
680 974
640 102
123 69
-289 -647
323 207
534 84
-874 -256
-42 977
649 197
912 -62
-806 -666
-931 997
180 -87
-750 -520
969 -645
510 -701
570 4
-255 -675
-525 -354
-932 861
981 -801
693 859
898 731
470 840
-20 281
747 304
174 -948
689 -901
-267 -519
491 851
-61 -905
-357 925
465 -840
-839 -257
-729 996
377 -84
-411 46
-202 -408
-772 428
84 -274
-967 -980
-902 111
541 -871
396 -466
-840 479
-542 155
382 495
-257 -539
388 -294
236 -166
-383 910
363 765
-803 3
-735 -949
-8 -227
872 -612
-491 481
-164 -381
473 521
-121 -339
168 621
1000 -15
-383 212
908 315
-176 -335
-802 10
-98 528
-10 769
-702 -8
-942 -511
625 -274
-25 -479
815 -710
-619 -230
168 929
-745 -429
-304 -247
157 589
-53 -725
0 796
-318 -877
-206 -189
-974 -417
-564 514
-826 -877
922 374
-613 887
-817 614
-382 457
135 -95
218 -522
-836 187
-636 -478
-351 -604
139 -597
927 907
346 -384
-153 193
365 438
-552 -511
-529 -669
-464 686
574 411
992 -557
-621 4
298 -435
759 193
641 865
720 891
-972 -282
144 320
12 526
498 271
-137 -99
803 -516
-541 -653
742 430
-555 464
-758 428
-377 -682
-202 496
912 289
-806 209
-118 -958
-202 -970
921 -582
-970 218
-774 -729
533 -338
321 -368
-141 624
-492 -666
-241 948
804 -868
-792 553
167 -984
-74 69
-751 872
-740 293
643 -704
616 -365
522 485
-416 -761
967 477
814 -687
345 -271
-757 -325
710 -482
-523 164
127 -404
-617 387
231 -880
-562 -18
426 -548
-534 -957
999 382
-244 -940
795 839
531 832
-472 -716
-919 75
-177 -535
-66 122
868 471
-707 619
377 -236
501 588
291 704
-370 473
70 -92
136 712
-221 959
632 781
-355 -385
697 -961
-956 -478
141 -225
-441 -186
-132 133
468 574
-147 -737
736 -937
-949 -155
187 549
-979 239
499 -661
10 -901
302 884
930 -904
761 906
668 -935
-914 -413
952 815
523 842
497 402
307 45
-787 568
173 291
78 -252
-752 -671
461 -284
-908 833
-513 219
15 -954
764 866
-427 748
-448 -733
-691 94
0 256
462 794
384 -161
-986 -688
-178 -999
-523 -96
832 -693
123 -620
281 -175
-689 753
-928 -643
-778 -718
-80 966
898 -329
-797 -428
-45 346
875 347
972 858
-46 -152
-142 210
455 455
-198 981
936 551
209 -610
438 -314
-204 919
-450 829
58 -205
813 831
-265 -778
-116 973
-806 -680
-667 494
-448 362
380 723
479 384
676 -889
751 -754
-170 -944
-322 996
-685 547
-805 -882
-623 813
734 828
333 254
-177 148
454 384
-225 983
-745 -344
-403 -780
-150 -353
-168 184
122 653
-383 -94
-556 326
304 -268
985 142
790 430
877 -213
-413 -115
186 161
262 -691
-23 446
-521 -378
-904 281
-732 9
840 -355
-298 -334
789 -594
888 -287
862 -89
373 -481
-452 -343
-439 -878
-377 911
-375 693
610 -507
760 -752
542 -106
338 -43
-758 588
429 722
578 -328
214 735
-870 -120
927 -676
-697 638
-333 235
20 -857
-291 -883
326 601
426 -625
-978 -724
214 702
362 86
518 -39
-532 -751
-665 179
-306 623
-160 773
-411 984
809 615
-207 -390
854 118
249 942
882 862
-200 -264
-601 653
368 780
638 -798
590 -43
603 361
556 -671
-848 -529
819 547
175 275
204 -432
-981 -728
-422 -734
-400 119
294 -535
-914 296
-701 990
-283 502
-759 -689
253 -456
124 233
853 452
172 613
-295 444
-471 657
-688 523
818 -926
525 768
873 21
-712 309
514 -951
-991 -286
-108 692
-1 329
-213 -463
-68 328
-859 710
-260 -388
-124 176
166 -122
783 -481
-143 39
-915 -574
-190 271
-314 8
326 437
-934 -577
223 724
-133 429
933 -33
649 458
519 -470
-795 724
-171 -623
-898 21
252 55
36 -649
-162 -996
-967 -213
800 781
-255 -475
944 -117
-461 -783
-335 -573
-811 -961
166 331
-831 350
404 744
681 604
-791 429
595 -468
616 -13
-977 -59
912 318
196 -672
-296 259
-253 -771
25 -295
-227 -161
910 -457
130 -942
-86 -525
-736 226
-54 941
198 -661
-118 176
274 902
-498 101
685 396
-204 -424
-558 -125
-748 -679
-910 -124
-132 -586
-396 -669
-982 -506
-250 -619
83 -643
677 394
627 996
476 975
-5 803
529 567
-23 -377
-834 68
-769 -167
-442 -76
-708 -491
-576 -788
435 849
-941 263
-812 -682
449 -884
597 -443
-181 -24
-886 -926
-360 -634
-228 -177
-679 -374
680 -194
-394 -925
234 360
-357 -732
-252 -183
-136 296
965 -901
464 -976
-489 515
455 -948
-456 263
8 -719
-953 563
662 554
-474 489
-683 111
-327 -491
876 -171
-794 881
488 234
-825 -499
504 -512
761 211
-369 -56
613 -185
994 392
-167 -685
405 410
151 -177
-151 -532
865 -770
-339 -567
291 713
863 294
248 553
-493 904
-977 -896
-38 -653
379 -678
-672 -75
613 824
-723 -151
543 732
644 48
920 -106
-882 -442
127 57
20 -983
948 -236
-530 488
-367 663
202 535
-879 778
-418 -582
134 433
-169 -480
814 -430
332 -429
-851 -172
-644 144
576 -432
-33 -481
-251 698
732 -755
234 483
924 854
-476 47
736 -537
-198 -952
731 -813
979 158
599 314
780 -173
443 898
-986 -209
-956 94
-670 952
-107 760
-784 458
-932 -260
-243 -675
-731 187
-891 561
-917 -763
-711 -556
902 -260
-587 135
377 -929
-100 888
50 940
-973 -961
381 607
586 -609
268 -9
-520 -316
-548 498
864 -673
-859 -628
-222 331
357 -936
946 723
-301 -484
660 -596
-510 -102
730 -893
-626 -693
-112 -301
362 -444
583 220
-48 203
393 939
-935 -999
-93 465
231 -97
-119 -961
-54 834
-974 -464
-83 582
-649 892
586 -394
-406 -502
236 -405
255 72
-149 340
-491 0
-987 -366
44 -815
-409 287
596 -725
272 221
-371 747
-942 -983
479 306
91 -500
-725 473
-940 -462
-454 -412
-73 156
-541 -178
545 -972
-382 -182
140 149
-476 266
943 844
-892 -784
-624 -164
972 256
-469 -81
-222 832
32 835
568 -351
-625 881
-795 -364
-791 -430
-199 -956
-452 -469
-620 915
84 -600
336 -772
561 565
638 -615
-99 -524
447 -343
-451 -895
634 361
704 -526
-698 288
258 859
-704 -866
790 653
422 558
966 513
-162 254
392 -32
25 -669
-853 -919
-950 628
781 -199
-142 347
-805 -63
164 877
-936 -83
308 -807
-563 637
750 513
-599 416
714 970
-372 -822
-409 -935
274 -918
533 467
-849 107
559 678
-448 -353
654 322
-899 -165
120 489
-417 -31
687 121
-570 172
-608 -965
234 -220
538 941
-681 25
427 351
202 806
999 -736
455 -553
130 -850
-32 -120
-708 -214
-741 -106
-750 -586
248 501
605 -412
-820 999
911 -270
812 458
589 -522
-105 -395
-189 -785
-734 -196
-245 -767
621 -313
145 713
910 -744
-917 218
-413 199
853 992
-990 -823
-417 950
-244 272
723 -832
880 596
-542 -445
301 25
441 359
195 -264
183 -328
-308 -32
-147 322
711 -158
-267 140
909 -446
-874 -779
-305 717
-543 -530
-282 -614
905 754
83 -223
-332 -911
-5 -478
-403 -668
-573 853
-836 518
-154 -92
-99 856
-156 -363
-494 139
683 -390
237 -413
-162 -429
-990 -710
-822 -721
79 441
-578 -363
223 -422
-304 101
243 -505
-386 -491
156 437
-171 8
-221 890
825 -672
708 -222
449 858
-478 456
653 218
226 154
-939 -917
522 217
420 428
694 -380
-910 465
183 -591
395 151
-160 716
1000 -979
-432 736
-205 59
-859 701
-967 -617
-351 -1
-699 -993
69 375
-219 686
-759 358
-454 -206
-34 -869
-909 -611
404 -674
517 -794
-188 803
-947 550
353 722
548 -665
894 133
723 573
367 262
21 903
388 519
335 252
-60 351
322 -554
9 131
931 -953
-75 -983
-111 597
-182 -656
516 16
-141 -513
90 695
-260 60
140 -125
522 331
428 968
-457 -986
288 -558
-128 732
-552 754
-348 -940
-760 542
829 -873
154 449
159 800
150 306
-174 508
801 -689
532 431
-777 189
506 873
402 822
-72 -2
-307 216
706 510
314 489
-61 553
-660 -696
-870 173
441 470
894 518
389 582
-262 110
695 957
303 117
296 942
537 517
-356 341
916 791
-734 733
-511 -927
420 -876
120 852
28 -894
-244 293
-702 -387
967 123
476 198
-193 68
998 -106
219 325
-428 574
326 193
109 -187
-585 578
435 -253
-871 774
-81 668
237 809
730 -755
884 965
933 -666
182 115
674 -414
-625 996
337 -308
405 -211
149 945
429 -328
-346 -701
-766 -242
-575 395
837 330
367 289
-42 -189
684 657
753 184
873 714
-19 783
496 -467
293 56
-237 -510
-511 983
769 973
646 669
-987 -429
612 -678
-253 321
804 367
-360 -788
-225 -180
233 536
38 -287
-169 752
-798 -63
365 -783
367 -449
96 -124
136 273
877 350
911 313
832 592
438 -481
-409 335
-853 789
575 -548
-305 676
-68 98
-694 31
-453 477
-414 914
398 278
-540 79
-107 289
339 64
536 391
-740 -839
-829 813
416 -807
-954 504
-992 160
280 319
-739 627
-312 -201
813 -621
-721 -972
388 916
-349 227
-808 -759
-355 526
596 507
-918 -99
348 -429
-228 -927
979 -73
367 -175
220 541
427 656
279 320
490 439
-858 962
-213 -117
970 612
-453 454
774 255
353 -447
-54 954
-123 440
462 -683
-242 896
-869 549
-42 647
-408 -644
-389 986
-963 908
-725 330
-676 849
-66 -362
728 489
-454 -749
283 363
-593 844
-748 573
-77 -177
-849 680
309 -242
272 533
436 552
35 934
819 248
507 245
388 -808
927 -245
-538 -19
940 650
-149 -949
-456 -915
-507 -761
-56 582
-748 760
-136 401
307 627
709 886
409 -660
-525 705
-992 -158
450 74
439 -533
-76 319
44 630
25 665
244 -950
-131 -307
-751 906
57 -214
-311 13
731 -941
991 356
309 -419
-464 -209
596 -572
511 -188
-274 140
717 497
40 -164
685 570
923 -73
-798 587
594 671
375 -906
-940 -214
-981 -726
-352 723
-672 -469
-741 -43
-276 -212
187 861
589 398
283 172
772 753
967 -415
-148 -400
-538 743
295 618
900 644
-524 -627
-673 -145
99 768
-284 587
904 719
508 -613
639 -250
509 -869
-332 -149
-890 487
603 219
410 -604
389 200
-545 598
-218 -813
-187 -259
990 414
-821 -765
-163 370
214 -228
-931 -951
-166 -69
351 -237
407 922
-950 693
693 131
746 -763
458 109
616 -376
986 -474
-952 734
-488 -210
826 402
-369 -11
-924 751
-709 479
454 -542
-548 716
725 220
825 -63
-77 136
54 505
931 -355
-752 160
-52 -483
-195 -843
-495 510
-469 51
785 616
-332 -885
417 -135
350 -43
-62 -383
902 -426
-663 -550
-999 249
-90 -165
-1 192
115 -596
-851 -588
211 225
-620 685
14 -463
904 -909
658 786
-229 507
-831 -363
786 421
292 399
-418 -467
-700 339
506 -717
-127 853
-402 -865
26 -170
409 120
-126 -23
-9 178
255 622
293 -95
140 -126
-745 -939
796 346
-522 -385
-320 133
449 -427
-490 -129
151 314
-512 21
144 195
-961 -12
-157 -587
243 -656
89 561
389 -464
383 835
-525 -538
834 602
615 856
550 891
-605 -402
992 142
-812 -251
681 362
-305 -602
70 928
-565 -999
-96 754
669 -397
-719 201
-586 -623
-376 -96
-760 691
-275 659
-289 16
-529 -427
311 -465
766 -56
-795 447
794 -581
935 -613
978 -934
-133 -232
-365 926
-769 -155
-975 431
-162 414
-267 253
-497 -502
-451 -224
-596 -188
620 699
695 -590
-378 690
-449 -768
682 461
5 521
954 505
849 -563
-673 799
-148 -362
745 785
180 -640
759 422
-676 -18
-914 -614
-89 315
87 -312
-908 520
-171 182
68 -984
843 187
-979 -515
-988 -14
-295 -104
-809 685
444 725
-488 663
384 767
336 853
-639 614
-484 -785
-183 -29
-315 618
-749 -48
380 161
710 134
988 -6
-174 -134
-495 -247
-294 900
-953 -631
-225 304
-804 -944
-707 -181
-229 645
-133 371
925 -408
802 411
-46 -977
897 -143
771 633
-401 193
188 -66
745 744
-305 -884
325 -648
951 -654
181 717
-346 833
-292 -50
-560 466
941 -868
-770 -811
-312 349
-489 -682
28 -295
-22 -431
506 647
-18 24
548 401
-104 -701
-188 -804
-355 -919
964 203
247 540
736 -926
93 -895
935 441
53 91
603 -610
-990 752
-136 -395
830 -953
-755 111
692 -560
-1 -587
734 192
-537 -450
863 74
728 -820
-713 -959
-691 445
-412 -1000
-487 982
260 -226
277 -455
878 883
-218 -981
-991 -240
603 342
-94 271
-402 -289
-588 -262
843 52
959 101
870 -148
-543 569
-208 -60
-140 599
114 -113
-240 286
145 27
-518 310
-451 775
-406 88
-96 -121
-836 -316
-533 -942
794 -124
57 -829
-865 -215
234 -877
-547 -930
329 -492
-700 393
-559 643
309 366
415 -954
-938 674
-935 586
84 -158
-962 -742
-747 82
-934 845
307 -116
590 38
-171 510
-389 646
393 -269
328 288
871 315
522 -785
916 621
-964 -197
364 213
-560 -53
552 -227
-572 -532
780 -272
-546 575
-596 40
-304 354
636 -820
-704 266
-663 355
414 248
72 213
-883 -197
-758 -156
164 369
815 501
486 -478
156 309
333 260
227 243
556 -716
803 731
-87 37
-265 -317
-981 950
-730 704
-220 751
46 120
-804 -138
-969 829
314 -697
630 38
-93 -658
834 371
783 159
-39 -841
-497 723
268 985
-678 -501
-759 701
603 388
477 344
842 285
396 -685
-671 -866
-561 -686
-311 -65
-744 251
-68 378
716 798
-270 556
-847 694
-275 -241
434 -885
-48 355
753 -997
-551 -169
-56 300
-709 -887
-511 -336
-21 -822
369 -51
-599 121
-496 228
187 26
-900 35
-199 -843
682 162
375 2
182 -197
621 566
-540 -381
342 829
-119 -113
-721 -627
-740 -10
-42 -208
-687 468
-584 728
997 -278
-607 -192
-724 698
393 166
-266 -777
643 -391
452 -803
-876 -184
808 903
324 -719
-144 -703
894 -600
-306 158
-559 802
-485 -641
-277 288
-945 -859
971 171
-538 -811
254 523
-965 424
589 501
707 700
-589 -486
27 -717
-852 -300
-562 -848
-970 -363
-669 270
-161 667
-287 -535
488 -969
-766 -578
-413 -822
27 889
-438 881
649 -84
-313 -611
-987 272
-479 891
41 -437
483 -246
690 894
-921 984
680 -80
-681 -91
-945 -757
-282 819
321 -839
-31 -195
348 251
820 686
586 298
873 -181
636 468
-705 390
-784 -309
455 617
668 -638
222 -537
889 -472
37 349
1 -155
489 -433
811 961
-114 -659
-856 -178
-246 340
-220 14
-578 -712
-699 -3
-808 -464
591 726
175 -785
-757 -766
-849 -145
-939 -90
-509 301
-562 -56
491 -991
49 -26
-314 452
-454 -805
934 -405
847 658
660 703
57 940
887 -393
-885 -430
-757 184
727 799
-174 556
714 802
-526 236
-771 43
123 -913
-357 191
88 -854
301 332
-250 -869
-395 -215
858 902
-780 -602
44 -444
675 855
77 -648
559 895
-578 946
764 414
-834 -14
-424 77
-872 -772
-323 -191
224 428
-769 87
-632 -100
-3 912
-750 51
759 583
-947 267
587 -417
-134 570
608 744
773 -222
-113 -788
-133 -416
854 748
801 640
-491 128
383 -309
602 425
17 -787
-873 681
-336 460
597 903
-72 -211
518 -661
-355 197
-285 -331
-395 188
-70 506
619 -89
-346 889
751 105
-193 -804
92 185
986 -98
293 997
-100 774
-561 -442
-243 -919
-176 -452
214 831
789 858
339 698
466 531
852 -143
-607 -423
-255 -843
-637 189
-359 -386
115 962
-932 -271
743 -754
727 953
-448 718
314 -445
-871 235
820 186
-656 -147
-262 712
-59 -276
931 -626
-158 -674
528 433
-8 -371
-371 -475
-337 817
152 -98
-172 270
185 -953
-788 -565
-142 -347
-475 -238
182 -964
274 790
-454 699
504 -431
-791 378
152 510
-647 23
-494 999
-680 -328
908 -508
283 388
-785 -117
971 -264
29 84
-470 -809
-878 -119
-642 154
442 -178
275 -467
284 486
852 563
-101 -974
962 -444
224 725
-943 358
632 -994
-576 -844
497 863
-539 -823
-82 598
64 635
511 693
-460 -575
-193 68
-816 859
-445 771
-358 523
-726 793
95 23
986 -402
970 -137
-704 -844
-523 -694
-847 -441
-836 -323
-961 588
-274 183
-632 177
-543 -35
136 39
974 118
-786 832
242 -49
596 702
782 466
408 926
-976 -166
-672 783
321 -367
-832 421
293 31
-682 398
-180 204
440 -245
179 -144
-699 800
-111 502
-801 739
-40 -362
3 -325
-488 633
-180 665
80 -928
-568 -539
452 500
862 716
-79 683
-282 -616
550 838
25 715
-675 566
-144 -225
99 181
-979 -649
569 -844
-10 -707
-97 697
-687 -881
-214 425
-600 3
-568 -139
963 708
-456 14
-787 -331
53 -233
870 341
397 624
-936 -523
-763 903
-51 -745
-868 -939
-397 351
812 477
-417 -579
-301 471
-60 886
-661 -297
31 -884
485 412
932 -496
788 -289
-552 748
-870 698
780 -649
-138 -474
110 201
407 840
172 759
-519 -138
-181 -328
-224 618
600 131
768 402
121 363
-996 910
600 631
913 -420
-961 465
561 -978
214 832
546 -637
665 -20
-872 525
654 -67
152 -756
-341 632
-716 -289
785 -810
283 -886
838 -686
258 368
186 -568
674 -56
-899 35
-5 132
643 129
-953 -181
486 -73
-14 238
584 -213
561 768
49 871
-885 667
882 94
619 419
-785 -614
187 -903
277 569
-944 184
-269 126
559 327
-134 -543
-433 576
965 -904
240 -885
215 -655
-78 -485
-432 636
818 -433
-588 -504
-636 37
-395 133
-836 -709
645 445
549 -382
324 750
-922 546
-548 -651
100 607
444 621
-669 302
207 -290
-617 179
29 912
333 525
255 -983
-852 -537
-205 -924
706 732
619 364
-648 490
481 -175
-914 631
185 338
-261 664
215 -947
-44 -892
677 -436
-817 -167
594 620
-728 603
-295 -129
462 346
-936 -138
-750 431
-647 226
-161 -321
464 952
160 -832
578 182
-813 -563
-27 -99
-512 -4
-628 37
730 215
-277 -770
-586 -189
-714 -206
445 -232
-540 179
453 714
173 -811
-873 876
-987 -723
732 -181
-817 -104
-32 456
-609 44
173 -708
231 -979
-139 -564
871 -521
-426 -780
-752 -298
694 789
293 806
182 -536
-669 525
585 -418
710 -617
357 942
-247 671
52 -515
-548 181
801 464
669 571
507 335
-488 112
63 -55
72 -385
-43 707
300 165
-399 -653
-670 309
-454 -448
-897 -748
249 -387
40 725
604 -840
-421 -604
-256 120
932 99
729 486
-676 -320
82 -534
478 125
-318 -914
365 126
794 578
-139 -118
654 -617
970 -30
112 6
-117 9
-836 -420
322 -287
298 945
622 167
-631 172
-495 432
-936 -533
793 374
945 -891
-26 -70
-483 572
-532 287
-197 335
-359 906
-117 -428
-322 -155
72 -334
-232 -390
717 664
-707 -16
-950 343
519 -150
-878 993
206 252
-448 506
-68 -411
-632 -739
667 739
536 -370
-20 541
782 541
-352 -275
-399 -537
-720 828
-906 696
614 708
854 -683
504 182
-415 563
-874 212
-649 -44
-508 519
925 -919
-763 -349
694 -221
986 -562
410 692
794 -246
326 636
672 628
730 656
-851 552
-523 -609
-512 -740
-353 -958
779 852
-300 -832
397 282
-355 951
-944 439
-850 460
-32 -783
-419 -528
-216 894
-639 -616
-479 181
26 937
-858 -601
391 957
-336 724
172 -814
-231 303
-959 -785
-639 293
-710 805
917 311
678 -59
-437 -153
166 -972
546 -319
-445 216
-733 877
-176 863
568 348
858 -742
390 -992
-496 -242
534 -325
495 694
-452 123
-237 -938
-95 -818
-849 -783
-558 459
-793 531
-812 978
-833 -424
892 829
-105 978
641 95
60 189
572 277
-514 -448
-553 -627
-28 -751
-659 -717
286 -24
72 416
769 789
533 701
-120 342
918 -665
100 642
139 -348
929 88
-101 -351
-607 933
-771 -585
-169 -35
251 509
-184 -102
675 115
-464 950
-799 186
-652 820
530 -680
787 47
-149 -571
-337 -280
-621 962
-410 -765
-455 -42
704 249
53 -181
678 -802
627 202
585 769
-19 979
-194 -678
192 -940
66 262
-631 424
-897 -880
329 -993
-606 69
924 563
842 563
-865 -812
698 -311
635 177
-86 -437
100 -447
17 778
361 342
599 -520
13 595
-817 277
-586 -74
581 -17
-736 -332
547 470
419 -972
508 -92
-720 583
961 224
-335 110
131 -658
238 -996
417 -721
821 356
913 -186
57 -82
-413 277
-701 -852
98 -472
496 8
167 -623
-203 -442
-755 635
-287 -941
465 14
-208 74
-263 591
-205 -936
633 -328
-787 -398
-858 69
-885 875
-632 -716
706 -504
-86 -513
-543 851
-946 -643
-915 -995
423 540
-53 401
726 629
675 364
131 -128
-80 -399
-741 -942
-514 482
388 619
325 -474
895 452
-322 309
570 -396
77 -198
-233 -378
396 963
-160 756
244 587
82 875
-200 305
-780 221
-107 398
-446 886
642 -629
706 -651
-233 -200
542 -968
66 -607
-384 482
300 943
31 -217
-418 910
-94 295
-534 534
-983 -279
447 539
175 451
-250 276
-187 -562
-675 162
-348 -683
-426 -385
-896 816
15 -612
330 697
-988 -628
954 469
352 484
881 853
966 -914
-975 341
-174 -319
-498 -765
360 824
-242 576
710 843
-753 -382
173 -497
41 -658
-779 -175
-188 322
-458 402
918 -773
-60 -901
-141 300
-243 -239
718 175
124 -185
-246 -765
201 864
-625 608
171 242
-497 408
-166 -205
292 -176
-574 751
823 -562
863 -494
-721 944
486 -549
-837 281
610 -971
697 -105
-701 -635
753 429
-86 732
-439 -206
74 752
523 -875
692 977
-823 764
260 -743
-987 -323
-710 -564
228 441
49 375
377 -170
990 -78
159 946
-965 -748
917 -195
633 865
92 407
-266 -643
694 -282
-950 -406
120 949
846 123
228 181
359 783
886 235
-175 327
27 -59
469 -139
-810 -810
-770 1000
255 -19
160 -600
-278 -543
560 609
-238 -236
-198 770
-732 309
932 -370
259 368
-525 -892
-172 987
-285 -864
-176 452
228 370
654 -526
99 860
351 298
725 895
18 415
-235 -773
880 -267
-877 -622
-722 249
-535 -957
-517 -245
407 706
-642 -305
869 816
704 726
570 -913
-720 338
-926 588
-578 -386
-208 995
-714 -77
485 539
-917 75
375 474
-283 574
-382 -999
831 -630
-163 -85
165 -417
255 -483
660 604
-470 -327
478 -78
421 922
-479 168
664 -312
-501 -88
267 853
321 104
-960 624
-120 -647
440 463
-557 -803
-632 -420
-284 -857
-793 734
831 -263
275 -916
732 455
-529 358
280 755
786 306
-743 564
-506 621
-91 102
904 -779
-862 -560
-873 236
471 408
763 586
-459 98
-276 112
-102 536
662 -98
-588 -343
-837 103
679 -552
671 487
777 -206
-773 -619
-890 171
735 -977
226 669
733 -46
319 -640
598 347
96 -149
791 -975
-618 227
462 611
-304 -13
553 -821
-150 -828
601 899
-423 -396
508 -998
940 -676
-582 -890
127 -901
784 101
140 -661
458 758
-787 216
-656 -855
-940 -244
-232 -380
-516 -156
-909 -758
147 -641
33 -189
-378 56
601 582
-142 -786
273 369
96 773
-232 97
-225 -531
595 -410
-898 -445
-616 977
95 438
-602 605
-641 197
607 465
835 -743
988 101
-937 -174
-963 -973
-663 290
-577 -229
-76 -929
-368 -229
-369 -36
-743 237
-968 851
-102 838
-564 674
-523 237
522 -641
-652 428
-372 685
362 -220
831 523
-852 952
-436 95
929 -908
-688 -716
709 -870
-927 212
-570 -154
613 538
-416 976
-665 661
-885 204
-265 -645
224 -847
979 425
980 -891
-943 434
-77 101
-48 -819
-79 496
-567 271
-39 356
603 606
405 -224
60 217
992 -894
283 -751
-712 578
155 -117
-371 -908
-341 992
35 -708
821 -843
-549 -4
-711 281
-241 306
-871 -547
380 -131
-564 -215
468 649
370 -28
-331 564
-582 -160
-574 961
-688 -646
749 -693
-319 -822
775 -629
-171 -57
-767 -581
-499 518
-114 923
-358 -27
-559 913
955 -628
378 -811
869 808
-144 699
-278 486
-596 -169
-875 -126
-345 392
94 244
205 -572
938 -216
951 -731
-794 -100
-585 488
920 923
-625 -364
-510 -288
802 -743
297 393
-255 713
881 168
-118 -599
234 -684
593 -669
770 -600
952 -502
-134 -235
399 -124
-806 912
-287 -757
-51 461
-877 999
885 -863
202 444
119 -739
1000 197
575 -461
-450 -720
-625 523
-534 -669
-524 -903
-155 360
224 231
-521 631
992 491
-285 293
-11 -152
-739 929
-452 -536
387 208
280 455
61 47
975 980
410 -715
-875 -635
-506 886
556 934
-2 96
602 498
325 503
997 -451
-774 187
-478 753
-595 821
484 727
-132 -665
-626 -226
-532 447
407 247
770 -824
-144 83
-153 137
121 473
-865 -738
650 68
938 36
-477 316
-296 190
743 -869
-989 -591
-516 -129
723 -884
-169 -247
-71 -276
809 558
525 -480
-143 809
-433 -839
878 -546
683 780
-955 -293
28 -526
779 732
853 877
-57 391
-165 439
-981 351
-752 -893
914 -129
-57 -561
-488 269
-966 -804
-796 741
-540 440
-419 -15
-306 379
783 701
810 -146
999 110
731 702
-656 -142
599 -629
-749 819
278 571
-622 349
-172 54
465 -793
96 -524
167 175
-900 -663
-917 -13
762 571
-740 819
312 491
896 67
292 872
-121 -915
403 -693
381 189
369 -839
-816 -596
313 -393
-113 9
230 262
-209 376
-700 -762
418 -220
-661 915
175 347
342 -818
-654 83
-988 -277
-591 -774
-628 171
-474 343
191 -684
-524 88
412 -735
-536 -69
268 219
-526 -672
-819 283
661 32
-118 787
-489 -765
49 -822
705 -867
-165 -167
-733 -548
297 831
238 -98
144 -74
-342 680
-687 964
433 -502
-247 724
771 -220
426 85
-697 981
212 -388
-302 876
754 -241
729 -982
282 -63
42 171
-115 -385
-2 197
662 653
-833 -775
-43 -154
-821 465
763 -831
875 523
-301 -650
-875 -524
-917 277
441 -825
-760 -20
285 -51
231 -127
258 78
-490 -446
636 -348
-126 -498
-455 -273
840 841
-331 -106
151 -347
-399 -587
-442 -121
-443 -410
-107 600
225 39
-236 -141
-440 647
720 -779
-72 -996
-628 -76
-784 619
-243 770
-271 918
-774 883
349 14
-718 -917
30 -283
-197 -531
-234 272
-510 540
-877 -667
-739 781
-324 912
778 -173
-482 899
-872 -470
-221 -528
292 -609
-626 -120
-166 -394
410 -974
163 -239
684 -516
-417 -622
-452 -323
864 -453
318 349
949 320
844 84
-190 179
-156 -312
895 65
-89 -502
-990 783
870 -954
-407 339
217 -497
5 792
-246 764
537 -200
-753 -222
-629 324
602 -603
348 556
-577 678
508 -539
-254 -152
-311 -368
652 -714
216 -76
683 699
-461 183
-949 -608
-523 554
687 571
961 -663
234 351
597 -891
549 474
-607 278
172 -591
-975 -132
191 -215
656 -790
803 783
42 756
137 -451
-842 368
-673 40
607 -322
-202 731
757 777
-406 52
719 -983
133 -690
785 -403
648 -212
154 -820
-105 968
-851 132
-555 771
431 -741
475 -44
355 -526
-646 966
229 607
326 893
-292 -626
118 -962
111 125
-244 980
499 -363
165 879
-373 15
244 667
-405 986
-704 942
-881 24
322 -539
756 88
370 -887
652 603
36 382
-669 706
-569 -640
257 694
-839 647
-151 -660
-454 252
309 260
161 -328
-548 -242
-545 -982
-878 -115
272 -891
483 273
-216 -766
461 606
381 907
673 558
974 625
186 -390
768 421
-698 -762
504 558
-328 974
-707 -976
171 -894
261 519
-545 748
-341 -22
240 264
105 -363
-989 -758
-62 -754
236 -352
-596 807
459 700
695 -429
-469 -355
19 332
529 675
-220 -661
174 813
237 760
621 -353
787 -152
311 711
-901 -192
-944 780
-838 235
5 17
-228 216
-129 -519
-189 940
-313 618
-339 629
-594 166
707 883
-313 363
-112 579
-232 680
-56 797
56 -952
-736 -732
753 -529
-836 -569
66 157
463 -583
484 -235
741 311
-286 -453
-137 626
521 10
313 -525
-13 -125
310 -591
-626 -653
-684 629
-452 541
-365 210
-565 6
-139 -708
-28 227
909 858
582 583
101 -874
648 -512
-693 134
932 805
137 405
453 -32
218 -774
676 726
-229 -959
931 86
-709 -211
828 -533
-424 -267
-424 -483
894 -467
-348 621
665 -244
430 972
797 437
480 625
-538 762
921 -424
-175 -554
-663 -211
151 760
33 601
504 705
312 245
-542 -694
896 678
113 563
-945 -624
849 468
749 664
-861 675
538 117
-245 -267
642 -224
-926 -859
743 210
-849 934
-334 547
-736 367
156 -552
-811 -134
850 534
783 825
-929 -527
935 -129
934 -742
-584 580
60 710
653 -880
909 220
469 -911
282 -736
971 744
-292 -391
536 943
-602 -716
-757 -649
887 369
-497 169
109 -898
-525 254
-747 -437
908 -45
308 -842
409 708
508 -822
-912 -44
9 519
-326 943
-820 -408
504 -337
529 -948
-450 -921
-157 514
611 -560
189 755
-371 591
-133 987
-963 -943
-240 550
549 332
-813 -463
588 997
-486 -897
-486 899
72 -387
452 141
889 -629
-597 -953
735 -863
-626 585
-559 -849
-699 -900
813 -790
169 -722
1 849
519 -97
-248 -885
690 -258
-601 -315
-442 81
888 329
-671 -634
-585 813
-210 -944
-884 -307
-682 -475
329 295
-904 262
996 -208
886 -397
583 942
-655 -847
-429 733
-869 -972
-36 -751
458 -741
-859 243
410 -974
932 798
16 891
329 482
-796 -308
235 -588
-240 -453
-969 -669
910 659
-234 846
855 644
942 -941
-601 946
920 975
-679 499
-92 621
-123 690
-404 316
-525 -530
148 666
687 122
-243 814
478 -7
915 -257
-495 -394
763 -259
-959 -566
-594 -518
815 40
-777 -553
-854 142
242 239
313 987
-231 -287
348 938
-748 601
568 -483
312 605
-305 685
-407 -131
-687 -944
68 -605
-690 -653
-260 538
565 140
649 -406
-356 -351
-618 -819
-994 974
265 47
-399 -251
397 618
-994 -883
-386 -235
-722 -661
555 -957
976 -371
454 974
698 -302
243 106
431 -665
391 -977
756 718
-662 704
-327 -87
-591 337
-35 782
705 644
929 -781
241 -868
186 -516
-487 478
723 691
90 -291
306 788
-105 492
307 499
-983 -52
-953 -570
-770 -496
-36 204
-909 -615
656 31
-942 -88
685 -853
-611 880
350 336
-773 -209
493 336
434 232
-259 322
474 -895
-853 882
889 621
2 -123
463 413
-26 -257
-183 -428
283 41
-73 -112
442 -48
-126 600
-527 -638
-446 -493
757 -511
566 503
-605 -984
-142 526
761 -598
527 268
251 -595
-945 819
-360 19
431 -425
436 800
-125 -407
49 -859
-519 691
-976 -319
789 499
-530 -656
913 -390
-757 -974
0 -944
-544 -815
587 -251
-485 -845
765 -643
-176 -752
407 710
889 -278
186 -646
234 -664
692 760
-158 -570
127 402
66 -445
509 -343
-284 503
-708 -805
254 649
758 983
979 372
-49 -261
593 -252
850 -658
310 -750
-42 910
61 977
79 -340
902 324
876 912
-969 -766
-998 990
173 31
-393 278
-323 449
-319 382
-176 -675
225 921
997 636
-452 -464
-761 -158
-159 309
957 640
44 80
-362 488
-445 437
-746 220
750 462
-620 157
832 -968
-873 -325
536 185
-435 -715
903 927
967 644
282 390
-138 -563
153 881
791 745
421 -624
-188 424
724 -747
-936 221
-304 -503
621 -428
613 -29
-964 -9
416 599
-673 -2
646 676
934 902
-413 -156
-803 168
29 862
42 715
223 522
132 369
994 -581
-291 127
-142 379
822 -673
-969 -472
-970 396
-84 515
-724 823
364 -442
28 -460
-338 708
-991 648
456 -628
-835 960
474 353
882 248
728 -599
-723 -215
-647 123
573 258
35 132
-264 -681
-324 -601
-974 -151
595 -509
735 750
120 803
-287 729
-652 746
744 681
-118 -466
3 176
-186 414
-819 983
-682 -187
-817 275
-208 -837
204 -968
690 430
-985 641
855 -919
-919 -37
-806 -722
400 -400
-192 -838
-769 276
266 238
-238 -626
-446 -787
516 -975
572 -164
-261 -198
444 -557
-569 808
-465 450
689 -53
575 950
142 -106
-295 212
199 891
-896 -530
826 445
-893 -162
273 -474
-94 156
97 470
-280 -571
118 271
641 -957
-646 964
-81 -508
-643 -860
-28 928
355 -227
-412 600
881 199
-377 178
604 -700
227 -469
-154 -469
-392 -962
-793 848
-689 -462
-493 -886
-571 395
447 424
-372 -296
438 -336
942 -718
295 69
-574 236
18 581
132 808
-618 -744
768 979
723 295
-587 680
752 -463
176 68
-686 -72
779 -903
355 -301
-847 7
499 -881
-163 -158
416 -563
346 587
-601 -738
519 -401
61 781
265 -368
-483 530
-263 676
547 -538
-781 942
404 715
-806 -752
538 -898
-798 -603
842 310
977 180
784 883
688 -910
-217 787
723 789
-834 592
-641 -386
225 -30
-782 20
867 -3
206 -880
685 432
96 -351
-893 305
130 -463
575 -356
-571 -518
806 -659
-337 122
-796 994
-120 106
-399 -361
941 -6
411 -573
-276 -183
537 -715
-251 -710
-477 961
-147 -831
-339 -23
934 -49
-779 484
592 -669
852 483
623 -246
335 -448
369 600
-473 695
-67 -6
818 -988
-425 -689
-530 560
936 -389
-327 -612
-119 358
-479 153
-104 39
-165 342
291 -913
161 -254
770 419
73 894
796 768
554 746
541 -87
-140 -549
-771 -932
883 -812
823 -708
807 506
601 -737
-518 -450
-616 -311
-406 -583
626 238
-292 -689
-707 -729
326 -688
99 584
-76 781
-189 371
-955 -579
-478 344
-576 -938
-777 533
870 464
435 -948
619 -723
-653 45
443 161
571 711
-645 999
-544 -135
869 -468
280 859
