50
52120 34920
38929 80540
68186 21366
12524 65904
52120 34920
38929 80540
68186 21366
12524 65904
52120 34920
38929 80540
68186 21366
12524 65904
52120 34920
38929 80540
68186 21366
12524 65904
52120 34920
38929 80540
68186 21366
12524 65904
52120 34920
38929 80540
68186 21366
12524 65904
52120 34920
38929 80540
68186 21366
12524 65904
52120 34920
38929 80540
68186 21366
12524 65904
52120 34920
38929 80540
68186 21366
12524 65904
52120 34920
38929 80540
68186 21366
12524 65904
52120 34920
38929 80540
68186 21366
12524 65904
52120 34920
38929 80540
68186 21366
12524 65904
52120 34920
38929 80540
68186 21366
12524 65904
52120 34920
38929 80540
68186 21366
12524 65904
52120 34920
38929 80540
68186 21366
12524 65904
52120 34920
38929 80540
68186 21366
12524 65904
52120 34920
38929 80540
68186 21366
12524 65904
52120 34920
38929 80540
68186 21366
12524 65904
52120 34920
38929 80540
68186 21366
12524 65904
52120 34920
38929 80540
68186 21366
12524 65904
52120 34920
38929 80540
68186 21366
12524 65904
52120 34920
38929 80540
68186 21366
12524 65904
52120 34920
38929 80540
68186 21366
12524 65904
52120 34920
38929 80540
68186 21366
12524 65904
52120 34920
38929 80540
68186 21366
12524 65904
52120 34920
38929 80540
68186 21366
12524 65904
52120 34920
38929 80540
68186 21366
12524 65904
52120 34920
38929 80540
68186 21366
12524 65904
52120 34920
38929 80540
68186 21366
12524 65904
52120 34920
38929 80540
68186 21366
12524 65904
52120 34920
38929 80540
68186 21366
12524 65904
52120 34920
38929 80540
68186 21366
12524 65904
52120 34920
38929 80540
68186 21366
12524 65904
52120 34920
38929 80540
68186 21366
12524 65904
52120 34920
38929 80540
68186 21366
12524 65904
52120 34920
38929 80540
68186 21366
12524 65904
52120 34920
38929 80540
68186 21366
12524 65904
52120 34920
38929 80540
68186 21366
12524 65904
52120 34920
38929 80540
68186 21366
12524 65904
52120 34920
38929 80540
68186 21366
12524 65904

