200
2 1
3 2
4 1
5 3
6 5
7 2
8 4
9 5
10 3
11 10
12 10
13 3
14 4
15 7
16 7
17 5
18 5
19 12
20 18
21 12
22 5
23 21
24 16
25 23
26 24
27 14
28 19
29 13
30 21
31 15
32 30
33 30
34 31
35 33
36 22
37 13
38 6
39 2
40 1
41 23
42 11
43 26
44 24
45 29
46 34
47 2
48 31
49 27
50 31
51 42
52 24
53 6
54 5
55 45
56 45
57 24
58 49
59 1
60 21
61 23
62 36
63 28
64 43
65 9
66 59
67 63
68 45
69 15
70 30
71 51
72 54
73 31
74 3
75 14
76 33
77 53
78 72
79 21
80 18
81 51
82 60
83 40
84 58
85 14
86 36
87 23
88 65
89 60
90 68
91 53
92 14
93 44
94 86
95 19
96 63
97 40
98 71
99 24
100 57
101 54
102 94
103 67
104 26
105 54
106 63
107 58
108 27
109 101
110 82
111 13
112 50
113 44
114 42
115 3
116 113
117 103
118 100
119 65
120 45
121 23
122 31
123 98
124 98
125 103
126 37
127 123
128 123
129 104
130 1
131 84
132 43
133 12
134 108
135 27
136 17
137 85
138 105
139 28
140 100
141 25
142 40
143 62
144 96
145 39
146 142
147 141
148 66
149 97
150 89
151 61
152 47
153 116
154 104
155 101
156 73
157 86
158 5
159 121
160 111
161 41
162 75
163 160
164 143
165 80
166 117
167 25
168 54
169 158
170 157
171 139
172 123
173 91
174 2
175 79
176 120
177 98
178 80
179 125
180 147
181 55
182 180
183 132
184 56
185 115
186 62
187 118
188 47
189 140
190 59
191 142
192 112
193 124
194 165
195 177
196 40
197 82
198 191
199 119
200 78
2 1
3 2
4 3
5 2
6 2
7 5
8 5
9 8
10 3
11 10
12 7
13 6
14 13
15 10
16 3
17 9
18 2
19 10
20 1
21 12
22 21
23 8
24 21
25 24
26 23
27 22
28 22
29 9
30 16
31 9
32 26
33 14
34 3
35 27
36 12
37 32
38 23
39 15
40 9
41 35
42 27
43 37
44 36
45 1
46 15
47 2
48 45
49 47
50 21
51 48
52 30
53 44
54 20
55 20
56 13
57 38
58 49
59 29
60 6
61 26
62 49
63 8
64 2
65 3
66 16
67 31
68 24
69 48
70 23
71 54
72 66
73 4
74 63
75 23
76 29
77 31
78 18
79 35
80 45
81 6
82 7
83 21
84 17
85 51
86 73
87 14
88 70
89 40
90 61
91 53
92 90
93 31
94 64
95 18
96 91
97 45
98 6
99 97
100 8
101 89
102 29
103 10
104 59
105 22
106 68
107 86
108 12
109 5
110 59
111 106
112 8
113 18
114 39
115 36
116 16
117 49
118 96
119 17
120 101
121 75
122 68
123 21
124 82
125 35
126 81
127 85
128 124
129 103
130 121
131 93
132 101
133 83
134 87
135 133
136 32
137 35
138 103
139 24
140 111
141 44
142 40
143 112
144 80
145 95
146 113
147 59
148 40
149 47
150 3
151 48
152 137
153 112
154 35
155 62
156 134
157 50
158 5
159 34
160 23
161 99
162 93
163 77
164 83
165 110
166 65
167 31
168 25
169 12
170 118
171 115
172 104
173 138
174 128
175 135
176 172
177 28
178 11
179 105
180 30
181 27
182 45
183 158
184 61
185 143
186 79
187 10
188 119
189 78
190 9
191 164
192 186
193 40
194 191
195 121
196 117
197 172
198 166
199 42
200 21
