90 73 121
31 -61 19
-120 100 -16
-87 33 24
58 33 -86
11 -81 -66
-102 -26 92
-120 -39 -89
89 6 24
69 65 -55
14 -73 -102
-79 -11 -23
-75 -20 -118
-66 98 -17
-59 35 -103
67 -29 65
-96 -28 22
39 -72 88
-114 38 -121
-9 -15 112
-119 73 92
105 45 -64
116 111 48
-32 119 -31
-62 102 23
-91 -59 -17
-12 -62 -108
-50 86 45
-87 65 -3
-46 47 -16
9 -20 -21
-1 42 26
-36 -33 115
-2 -15 94
-115 -19 98
-104 7 -4
17 -71 97
-118 116 -16
-58 -65 -85
95 30 -27
-86 102 40
55 42 8
83 -87 -84
57 -33 -37
16 -83 -87
42 -5 72
104 -2 75
30 78 65
71 25 79
13 102 89
-28 -17 60
28 -14 -35
9 120 -10
-108 -18 52
108 78 -105
-67 87 96
71 -90 15
5 -106 -92
-45 107 9
37 33 93
40 63 10
91 60 42
2 82 8
6 53 73
76 83 7
0 23 110
73 99 17
106 4 63
98 67 39
96 58 8
6 104 25
121 45 27
118 85 22
1 99 22
104 47 88
46 46 59
30 95 33
93 48 35
5 55 19
90 112 75
38 77 73
38 82 68
36 101 105
40 23 15
44 44 88
67 95 76
50 100 82
108 117 15
35 59 118
94 75 27
116 49 87
87 47 62
93 101 70
38 109 116
32 106 119
44 121 73
67 117 113
61 52 77
94 77 98
26 4 9
29 76 94
119 12 90
5 7 38
35 10 99
35 66 59
90 36 83
34 37 10
50 18 85
21 26 32
26 116 97
8 73 77
118 29 88
113 38 47
98 2 10
27 89 61
29 102 50
49 86 17
104 94 34
112 94 8
53 83 10
100 12 117
51 88 31
100 5 93
62 65 112
115 53 65
45 14 35
87 111 30
99 17 18
66 2 68
5 67 38
32 8 15
10 116 13
99 99 92
64 86 110
85 57 26
27 46 89
1 81 43
59 64 51
54 89 115
21 70 10
37 28 31
20 11 78
86 59 100
87 1 17
94 112 116
28 60 68
43 102 48
89 13 112
6 113 110
67 109 42
112 3 6
103 97 88
16 51 35
70 108 97
52 41 18
95 17 50
116 86 13
35 32 27
5 99 45
48 91 18
7 16 28
117 76 102
3 118 58
43 89 44
66 19 77
16 40 119
66 44 28
27 114 96
72 95 41
74 49 10
57 65 34
62 106 1
61 83 83
116 16 19
5 86 112
31 72 0
81 101 120
77 22 34
35 61 88
64 63 60
60 64 18
3 44 91
58 56 77
83 111 64
108 63 100
53 34 70
24 109 117
71 111 29
30 67 98
71 62 100
53 22 70
89 65 62
46 112 79
34 112 75
16 33 34
50 60 119
2 74 20
70 56 111
42 31 118
26 65 53
53 74 43
64 5 54
60 54 38
88 60 102
55 48 43
33 74 96
64 109 39
41 87 103
24 56 89
14 71 39
111 35 96
14 0 5
83 54 27
6 50 27
58 45 66
81 25 73
107 0 57
71 50 108
74 110 83
105 48 100
65 19 8
101 14 29
8 54 111
17 0 6
33 40 61
61 89 21
75 112 6
11 121 99
90 6 56
51 93 34
60 53 16
61 93 53
33 120 77
65 37 38
73 19 8
103 49 0
22 101 103
56 103 29
24 109 113
7 54 28
82 49 115
62 77 46
99 42 5
11 77 112
23 40 32
78 72 12
8 72 53
103 64 21
111 68 120
0 96 38
64 40 106
109 102 24
74 20 87
89 89 11
52 52 63
3 118 35
112 116 14
62 93 60
52 39 118
30 8 49
64 9 30
84 2 52
61 114 30
48 61 53
5 40 10
31 42 115
121 100 71
17 42 61
81 102 55
75 20 93
42 25 17
98 52 28
107 27 59
28 120 67
112 112 53
56 97 68
79 12 27
52 41 115
112 28 83
66 116 64
8 28 25
75 40 81
94 6 112
120 118 78
81 19 4
98 40 95
32 12 34
30 67 2
75 63 96
47 53 94
18 43 11
21 5 1
68 119 29
111 62 10
47 51 1
22 27 78
9 52 103
31 104 45
36 26 17
113 18 7
54 92 85
64 21 78
18 14 62
49 105 40
24 73 46
50 10 2
99 112 120
53 44 78
36 87 50
82 99 17
49 86 97
57 20 50
12 52 52
78 102 109
88 68 70
95 46 94
104 56 65
7 107 64
87 3 121
85 84 20
82 55 76
45 55 4
2 119 89
110 28 104
32 88 13
69 121 11
101 95 3
111 77 45
35 33 34
52 77 41
52 27 69
72 93 66
56 101 55
71 50 26
22 95 62
77 52 78
44 76 98
28 91 117
113 19 81
86 39 0
121 35 96
47 59 59
24 84 7
116 81 102
90 50 18
105 112 31
118 1 24
57 108 52
37 68 26
5 52 117
93 18 29
75 17 20
53 34 4
109 19 31
46 84 75
39 42 61
32 6 99
55 89 91
18 99 88
99 24 21
14 55 45
61 49 101
29 86 51
11 86 99
33 87 69
17 60 108
32 105 19
112 115 51
116 2 45
55 21 87
30 88 21
28 114 114
99 68 31
63 103 76
35 54 58
86 106 19
84 36 29
56 96 21
106 28 79
8 35 89
55 3 76
13 17 17
71 59 38
93 113 6
121 75 5
2 14 63
82 30 22
71 2 34
84 68 104
74 101 63
38 17 91
101 90 113
48 20 93
91 63 8
45 44 1
19 1 19
36 117 103
72 99 85
12 63 104
97 101 21
49 86 3
108 118 94
18 115 19
8 7 43
116 119 19
20 57 121
78 102 91
40 92 5
11 43 111
47 46 25
79 97 49
64 30 119
55 75 32
104 5 114
56 117 51
6 53 22
100 57 55
102 24 21
65 76 64
39 99 58
110 96 18
85 92 37
23 96 61
39 35 14
2 109 67
80 14 107
24 6 105
9 33 110
104 13 81
114 1 107
120 72 86
9 79 112
53 95 107
22 26 67
76 31 62
111 69 68
1 110 113
104 33 52
95 21 73
28 114 30
3 34 74
14 95 99
95 99 1
108 28 25
70 114 49
79 13 72
5 94 46
51 1 99
83 87 106
47 36 60
73 80 102
77 41 55
10 80 32
70 66 111
89 90 97
75 22 55
49 48 73
101 121 103
84 55 59
42 18 5
41 89 44
37 40 54
80 107 92
19 84 0
6 25 3
81 0 37
56 33 49
6 11 54
113 44 95
9 116 119
119 16 78
90 109 96
32 112 70
88 103 54
23 92 17
10 10 79
87 5 49
99 48 86
107 102 13
18 33 17
78 95 63
29 106 44
101 23 47
30 55 96
48 72 93
103 121 70
49 85 48
73 82 52
86 71 58
0 63 6
80 6 55
54 11 3
77 80 120
6 15 35
37 86 89
6 77 38
78 19 91
106 19 79
63 56 73
113 29 49
82 36 42
14 0 5
60 59 24
8 6 107
15 100 94
90 107 83
29 114 19
112 48 113
52 82 52
85 58 13
87 10 31
53 74 9
30 54 93
86 5 3
36 84 81
83 25 116
14 112 98
65 90 8
85 45 80
0 115 15
79 35 85
49 85 33
11 39 116
117 78 42
3 102 83
58 26 106
39 40 71
38 62 98
68 89 21
7 23 84
104 93 35
109 70 45
89 78 119
68 57 118
37 81 113
60 28 82
11 117 59
109 37 61
77 1 23
41 101 6
25 52 121
10 103 98
47 36 30
28 95 20
17 104 47
67 79 51
59 54 60
28 88 88
19 99 109
71 68 103
41 54 51
116 9 97
80 64 74
74 91 9
78 1 48
47 55 9
29 54 19
48 12 121
57 56 120
36 113 25
20 94 107
3 23 80
7 5 86
82 115 92
101 121 2
56 50 56
25 12 5
35 40 94
6 17 28
84 44 71
107 101 5
23 39 86
120 39 70
35 47 91
40 10 14
121 119 120
32 78 72
43 97 92
68 63 38
16 5 105
4 119 51
103 59 75
31 77 37
53 33 17
37 51 2
2 119 10
0 84 64
24 27 113
88 2 77
39 93 58
14 46 67
73 55 53
66 15 48
10 7 28
59 44 116
99 1 10
116 99 19
15 90 43
52 66 89
113 1 34
105 13 110
1 74 63
77 69 114
87 80 33
40 32 96
108 11 2
25 59 53
102 119 84
75 121 52
102 102 4
13 41 6
70 26 48
121 23 105
31 46 2
19 67 40
112 61 66
97 34 68
20 74 8
90 56 116
121 121 17
82 82 115
2 99 113
75 50 59
107 104 23
6 78 16
98 64 70
23 121 60
120 117 70
79 26 5
37 46 70
82 92 121
70 89 56
70 91 4
35 7 54
65 118 94
69 99 111
58 109 9
54 90 68
52 120 120
94 66 72
12 68 111
56 107 52
19 71 57
45 39 89
9 21 44
89 83 52
111 9 116
103 1 0
24 114 52
38 8 18
86 104 54
32 77 93
109 52 33
32 80 94
54 71 100
116 16 77
11 98 116
55 81 121
83 66 97
47 116 105
28 91 68
30 113 71
115 120 93
93 102 12
5 45 115
33 100 110
50 28 101
5 67 121
92 108 6
19 88 82
44 106 58
0 109 104
8 50 85
98 105 118
51 14 69
107 66 41
34 10 61
52 117 113
2 23 101
108 73 52
45 30 116
119 62 19
76 93 36
103 12 4
97 8 33
13 8 11
116 98 34
37 84 114
13 90 30
90 104 21
95 91 80
101 19 20
115 12 103
101 39 74
43 108 60
119 88 5
43 92 14
13 80 44
51 27 119
0 60 46
75 9 76
69 69 61
54 117 64
107 28 38
2 100 33
13 3 66
118 78 72
41 63 91
98 85 40
67 99 59
51 49 96
116 87 78
32 26 98
3 101 119
89 106 114
116 87 67
26 71 25
67 100 57
85 102 22
114 98 104
58 87 93
77 85 5
91 59 72
19 103 108
118 110 106
82 115 20
93 53 2
49 23 88
113 70 79
120 87 65
49 70 76
73 20 18
81 47 115
118 36 67
31 18 64
23 70 48
56 96 52
110 77 93
25 77 59
64 68 57
82 16 44
99 40 29
28 24 102
73 0 9
43 102 71
84 23 86
104 86 42
98 38 117
11 81 15
36 52 82
100 118 46
44 108 44
117 104 83
89 22 53
3 52 93
50 95 34
74 12 30
110 94 55
81 12 108
117 100 6
55 48 45
28 47 107
2 118 29
106 77 40
60 30 52
96 97 48
40 30 85
17 4 104
111 33 37
109 105 87
69 0 48
107 45 88
11 40 98
89 69 85
28 79 40
94 101 71
95 97 103
100 25 47
70 72 33
12 76 23
103 96 53
13 103 72
2 17 4
84 92 5
106 89 45
60 94 94
44 9 8
7 3 90
80 62 10
86 76 58
113 18 48
85 115 31
97 75 6
27 25 71
117 54 48
106 75 46
93 104 67
71 23 57
88 71 20
84 10 33
93 65 72
6 7 81
66 115 68
114 47 70
73 12 107
37 62 32
78 84 102
59 41 13
114 38 108
75 35 69
16 88 67
85 40 11
39 8 62
51 77 86
77 59 68
31 113 118
50 27 62
74 43 37
103 43 30
120 66 95
4 65 70
33 62 84
9 108 113
112 66 5
79 11 89
81 67 10
2 92 38
84 36 11
63 108 105
82 20 35
25 72 114
118 98 25
49 31 110
117 76 52
67 45 14
78 20 83
94 49 36
82 120 27
111 47 92
62 17 91
72 60 29
48 59 75
41 57 112
65 56 78
14 77 72
120 115 43
68 61 72
93 42 28
53 105 7
67 36 70
96 40 101
104 66 98
71 29 85
59 34 34
75 78 59
61 102 111
26 62 17
14 87 2
7 69 23
19 96 1
84 107 12
7 78 53
74 64 83
1 29 43
61 1 50
41 20 61
2 93 89
9 59 53
58 20 67
94 47 30
104 29 60
11 116 94
46 44 59
38 113 62
116 61 35
119 1 29
77 80 29
78 26 42
36 49 85
95 33 99
116 119 76
64 49 106
79 86 40
13 44 7
87 42 84
105 90 36
92 90 32
112 116 110
69 86 40
105 68 85
3 37 25
85 72 99
119 48 96
93 113 115
22 25 15
120 38 18
8 107 11
84 111 96
73 43 113
42 20 115
101 106 70
85 64 36
73 63 40
85 109 18
68 56 38
49 36 13
6 64 70
121 116 119
87 21 89
55 72 85
106 30 34
51 51 38
106 47 93
29 12 44
110 94 47
117 24 47
119 117 18
35 5 12
46 21 32
63 27 85
71 99 37
72 46 79
31 97 88
7 54 117
98 30 107
85 86 98
22 18 93
117 107 77
25 101 65
68 112 112
33 65 32
81 112 105
121 107 70
117 29 21
117 101 39
105 70 51
32 118 45
106 33 77
117 121 88
12 72 23
115 83 117
98 39 108
20 18 113
92 96 48
49 12 45
85 107 62
95 53 1
113 62 69
107 16 118
91 77 28
63 38 78
54 46 26
90 70 22
33 48 82
45 32 99
112 16 103
94 77 30
62 55 73
44 94 46
35 99 32
119 50 11
2 110 55
76 102 71
33 68 48
72 93 76
80 40 90
63 27 84
49 99 64
105 80 65
94 46 67
42 69 96
40 20 74
50 48 69
76 64 10
3 65 72
99 70 27
5 56 42
71 7 113
56 42 110
20 9 106
99 0 100
105 20 29
83 3 23
41 94 24
11 88 8
76 0 117
102 69 48
71 9 11
10 47 67
64 64 87
30 10 3
75 116 61
25 82 112
47 48 109
17 104 37
2 69 33
77 15 102
44 116 39
69 11 107
34 52 6
85 120 87
98 61 78
20 106 90
81 59 40
33 73 16
84 25 62
86 68 64
5 77 108
32 14 44
58 81 32
107 101 70
113 106 112
22 63 55
107 93 28
69 67 5
120 71 46
27 103 55
26 25 82
20 110 50
9 9 20
43 79 73
8 11 21
7 98 108
89 55 70
65 57 0
9 3 46
25 0 11
62 18 69
22 56 6
37 77 14
46 11 96
103 73 74
80 75 114
62 7 51
103 57 55
45 37 71
69 15 53
23 118 48
38 61 90
3 73 27
70 118 37
0 31 97
115 106 24
74 68 29
74 60 10
93 113 22
37 61 42
33 57 96
80 106 75
29 71 6
100 81 66
36 42 72
117 82 47
112 83 121
26 17 5
57 86 94
18 16 20
25 42 101
67 104 77
116 113 37
120 16 39
64 75 57
81 68 19
88 118 11
11 71 6
108 82 90
33 78 105
65 92 62
17 94 34
101 1 55
27 63 96
61 42 49
90 116 93
76 95 57
48 31 80
87 100 48
107 9 11
45 83 38
109 87 103
68 59 102
41 46 74
52 110 73
69 110 44
27 44 96
55 90 77
45 24 69
70 71 35
10 103 22
110 61 104
43 50 71
88 67 74
66 111 4
60 31 121
89 33 21
107 33 33
47 82 86
107 54 58
3 106 70
104 66 21
76 25 4
73 40 3
42 32 22
6 43 110
103 105 4
53 50 7
76 95 26
98 13 103
27 32 90
107 22 45
77 110 105
49 16 38
22 11 118
91 16 26
4 83 72
61 79 39
41 28 31
18 22 15
53 89 46
117 106 92
55 34 28
29 118 66
67 120 98
106 15 96
118 74 35
114 117 35
52 15 85
57 42 91
22 86 113
1 62 89
34 8 85
67 73 101
47 113 90
31 106 19
39 59 39
59 120 16
102 42 25
63 97 74
45 23 23
34 22 50
102 54 121
78 54 112
19 121 50
16 87 80
39 30 66
53 116 32
77 60 85
94 85 59
111 65 85
20 7 14
106 106 116
115 114 36
61 14 93
72 66 75
99 27 57
5 20 52
55 72 119
26 117 75
0 51 98
90 3 117
85 15 76
30 21 64
111 56 120
85 59 27
120 35 26
90 113 34
79 99 25
113 58 2
7 106 111
82 69 4
106 8 83
17 31 117
52 17 30
120 31 46
85 15 64
121 44 30
31 68 81
20 6 97
10 2 7
79 20 79
30 121 97
72 88 76
59 55 63
53 35 77
39 101 4
110 0 115
29 91 0
77 112 90
72 23 98
90 101 18
42 110 97
50 20 38
70 22 64
84 57 89
12 48 5
95 59 91
101 81 50
110 116 33
84 80 120
52 48 108
51 10 61
72 109 9
71 107 93
12 27 12
33 89 101
97 38 97
0 60 98
72 16 63
112 120 49
76 121 94
20 74 108
11 13 76
88 115 16
52 117 70
114 17 115
50 100 7
68 71 18
68 98 42
19 75 116
101 39 70
78 29 80
112 64 1
27 9 57
65 42 110
120 11 41
33 96 6
109 120 102
66 78 48
60 107 19
50 72 86
105 90 1
99 41 23
93 14 65
99 87 3
85 71 0
116 50 71
102 114 4
60 15 43
83 119 6
89 87 5
41 35 59
108 79 62
17 5 40
111 13 25
67 32 47
79 47 66
13 34 22
95 110 35
81 58 34
24 88 107
13 62 31
29 54 17
92 21 30
96 84 107
22 40 119
44 86 51
55 119 61
35 83 72
14 4 43
28 78 119
49 58 38
5 72 22
51 57 65
60 4 90
95 34 68
53 90 87
109 48 101
103 94 3
19 107 81
42 103 69
65 58 77
76 50 71
41 24 47
71 104 119
101 8 97
12 106 12
102 115 78
56 34 121
21 93 8
93 78 116
19 23 5
35 97 50
30 92 100
115 23 48
58 61 99
25 43 51
93 65 22
34 116 106
3 59 34
76 28 7
92 59 25
46 16 47
51 35 81
121 92 26
8 34 107
5 80 48
14 29 10
98 119 11
89 53 70
22 89 8
53 33 111
25 32 70
5 85 117
97 90 45
104 52 20
98 101 86
66 47 59
28 22 95
109 96 28
77 80 32
7 97 100
59 59 43
1 51 32
85 51 41
36 7 28
95 12 117
39 7 44
84 0 118
96 2 114
77 91 114
71 100 88
1 31 88
72 103 29
9 98 105
24 57 76
48 106 60
120 24 4
69 14 3
13 78 99
7 63 118
50 48 110
78 88 109
1 102 44
89 58 78
31 27 17
76 90 66
85 112 36
54 70 81
67 110 24
121 37 106
90 98 93
27 94 73
107 44 4
90 45 104
100 6 29
48 69 100
32 41 69
40 29 68
20 116 77
15 56 99
59 74 10
56 108 16
19 28 103
11 60 63
89 15 30
42 119 78
41 112 41
57 109 116
106 51 112
25 22 86
104 69 90
88 61 98
83 16 85
99 71 34
82 15 94
70 35 25
107 26 27
74 112 120
85 102 105
95 103 14
120 80 0
26 83 75
17 4 27
87 85 117
38 77 99
106 89 25
27 35 93
82 16 52
102 81 28
72 76 119
46 82 65
104 59 4
5 49 24
16 121 14
58 90 16
0 18 60
74 39 56
70 62 100
9 18 27
87 67 31
97 12 105
79 39 10
55 33 92
51 17 64
104 88 43
77 50 34
113 91 70
104 104 47
36 5 108
116 104 54
59 95 46
28 32 38
107 95 59
40 6 28
60 82 79
77 115 20
22 44 91
95 34 83
0 8 112
22 78 33
72 82 113
38 61 10
104 112 109
21 115 92
57 113 44
36 0 87
85 24 15
41 94 64
30 48 24
118 64 3
66 75 72
68 76 41
111 79 1
1 9 75
63 17 62
51 53 13
12 40 39
88 99 55
17 85 28
41 112 38
112 96 14
3 39 82
116 51 53
56 110 114
102 115 36
96 118 52
90 42 106
57 79 29
111 1 17
46 34 33
18 102 88
111 41 112
16 107 21
15 95 91
88 84 115
95 10 119
27 93 61
93 18 22
84 110 44
121 2 62
89 90 59
82 58 37
68 51 61
107 47 99
88 99 53
4 13 23
83 69 31
55 12 34
118 39 104
32 106 12
51 61 86
19 55 16
106 80 82
96 15 10
74 0 116
2 73 70
98 9 45
52 113 107
10 108 113
79 76 66
9 17 109
102 13 7
54 108 53
67 4 99
1 27 115
71 53 70
27 0 3
42 78 20
102 75 11
0 84 50
62 13 98
36 72 102
107 22 101
28 84 110
91 118 69
37 48 19
98 79 98
90 49 100
64 10 105
38 65 56
20 2 66
104 38 101
54 65 113
97 8 71
30 65 80
30 9 9
86 50 80
0 96 21
17 30 21
71 106 116
6 88 109
83 74 2
104 102 72
99 6 54
48 14 78
42 90 44
118 39 60
15 38 5
86 22 97
53 19 88
79 9 103
3 73 79
17 67 26
113 116 98
11 82 81
44 68 103
78 49 37
80 81 120
48 9 24
18 61 107
102 95 22
104 84 3
80 32 72
67 83 19
80 16 95
68 35 7
120 42 27
71 1 67
12 76 95
108 88 58
27 101 85
107 54 117
23 75 111
104 67 34
103 38 80
49 73 83
75 79 76
101 3 94
32 112 58
20 16 100
82 89 79
31 58 92
76 98 73
77 9 50
121 6 81
81 102 69
11 74 94
97 36 100
8 34 26
73 59 48
104 26 86
76 6 20
114 59 48
21 84 113
6 25 46
78 109 62
81 35 0
75 94 43
56 23 23
60 5 92
38 23 62
77 88 111
73 121 99
72 24 64
4 17 1
69 101 16
28 74 114
9 85 84
51 34 73
77 88 1
116 11 111
73 121 47
13 16 120
118 45 104
45 2 65
52 120 99
51 76 13
12 44 32
101 46 38
29 3 81
113 94 68
107 103 43
92 121 7
41 13 78
119 121 41
103 115 52
35 55 114
54 79 36
54 26 84
48 45 94
57 82 0
28 45 53
52 63 101
23 107 14
50 58 62
17 95 90
33 108 15
66 110 118
84 78 47
29 25 11
102 121 82
86 97 81
9 43 91
96 25 4
47 33 5
15 33 7
120 106 18
40 2 74
71 65 68
96 97 88
49 27 38
66 42 67
116 10 27
73 41 32
13 11 22
1 80 49
115 51 121
65 42 102
33 118 97
0 63 35
89 103 57
29 61 35
105 6 104
57 40 68
79 105 69
75 87 59
103 19 51
45 6 29
24 16 75
46 16 29
98 99 50
98 103 120
38 53 3
21 80 42
39 74 95
68 39 116
113 44 10
9 10 63
68 16 6
14 112 64
77 75 77
97 65 119
15 2 69
105 110 82
51 80 81
20 79 14
56 86 61
90 97 52
89 26 15
92 48 34
81 105 37
56 29 33
52 83 72
91 13 106
41 99 16
29 40 104
91 7 110
25 113 83
62 105 7
39 15 107
53 103 71
78 1 22
9 101 107
33 24 53
112 50 18
104 92 56
101 119 114
112 18 51
9 51 19
33 99 58
72 21 118
67 119 70
34 42 105
25 77 120
111 48 61
11 99 60
10 25 42
24 98 3
60 91 109
99 61 85
110 111 118
75 13 110
5 85 4
106 33 51
59 98 45
82 106 103
80 34 11
49 54 26
103 107 80
75 107 38
37 97 121
30 64 98
8 50 24
97 88 41
75 26 41
17 119 82
45 4 27
10 115 98
94 49 92
19 35 33
104 13 44
23 101 26
74 80 44
60 28 42
23 66 108
101 68 97
40 72 115
102 66 11
17 113 30
81 24 63
9 15 23
121 0 120
49 28 97
43 61 95
92 90 9
31 28 59
10 28 113
39 32 48
38 16 40
59 33 88
36 90 16
69 14 18
116 53 53
99 19 117
77 20 78
28 71 89
9 35 111
113 25 48
119 113 31
97 20 54
105 19 21
107 43 48
66 54 97
8 16 68
34 13 82
45 93 71
73 53 44
88 103 78
107 20 114
1 96 57
2 86 1
20 51 114
2 10 4
102 109 121
62 14 116
0 22 34
73 96 4
32 71 81
77 70 35
57 53 120
28 73 6
108 27 82
45 73 36
93 48 56
77 0 37
16 15 80
62 21 25
10 75 58
105 90 54
31 96 22
18 28 13
79 57 97
119 39 113
88 73 37
68 4 78
29 73 67
26 63 5
3 110 5
68 9 46
31 71 9
18 38 61
99 71 100
63 69 80
95 34 65
94 114 98
49 27 121
41 45 62
27 27 110
41 45 52
22 2 103
83 100 105
75 14 55
86 24 2
42 14 117
98 59 104
80 75 55
70 103 3
26 6 79
116 112 91
11 98 72
113 68 7
117 19 13
44 74 26
118 97 101
11 21 17
107 119 37
116 46 4
95 75 118
64 37 106
114 116 39
9 66 64
62 22 45
26 79 73
103 19 43
98 29 64
79 85 12
17 34 27
45 22 72
2 79 76
121 25 92
41 75 4
98 67 17
89 85 98
58 43 24
117 16 17
98 4 52
90 115 49
96 96 9
55 69 6
43 71 46
116 19 49
44 117 5
8 38 35
63 79 115
68 10 109
9 102 44
11 67 114
120 120 72
70 11 20
54 98 50
117 54 28
25 58 9
55 106 117
42 65 14
53 121 3
64 54 62
82 60 65
19 67 90
22 70 86
8 45 55
34 39 15
114 44 84
120 56 17
45 87 55
50 0 37
52 2 52
111 38 41
45 70 83
63 6 5
36 11 121
44 39 31
84 39 57
112 83 113
19 105 116
58 80 2
72 80 33
34 70 56
15 78 120
15 6 108
10 22 3
99 104 91
13 106 42
72 120 37
62 106 56
29 97 70
13 93 112
10 22 41
92 47 21
51 93 24
86 72 52
61 57 48
24 24 39
90 73 104
14 117 111
107 26 7
115 66 109
89 58 24
63 73 44
57 108 62
80 118 62
121 53 44
13 42 48
58 27 8
17 54 20
6 39 17
20 80 39
86 111 121
89 118 81
59 8 113
11 51 111
119 64 113
103 52 43
10 63 72
75 103 29
48 50 90
16 55 63
15 57 10
32 61 93
94 76 29
66 99 16
98 37 80
66 103 42
12 30 99
82 90 50
72 76 26
13 27 7
108 59 18
71 47 98
6 112 84
82 88 33
44 109 96
94 55 14
79 22 95
113 87 69
35 24 118
70 92 12
41 68 58
113 120 95
96 1 64
1 81 105
18 33 69
73 50 108
97 55 83
40 49 99
0 51 27
25 103 69
120 78 112
75 105 29
49 88 80
71 57 77
49 97 37
48 95 52
90 92 68
24 23 21
103 89 34
97 50 4
2 88 2
115 98 78
58 120 118
87 65 87
9 105 59
36 38 15
114 96 0
77 2 47
0 42 89
55 97 94
80 94 30
7 95 39
31 78 83
97 31 67
4 98 12
18 92 100
121 40 110
44 77 53
65 48 66
54 86 41
43 93 16
80 110 96
4 52 61
20 22 21
54 83 58
2 33 21
115 43 107
52 9 90
95 8 70
66 13 43
110 83 39
120 83 117
18 78 3
74 115 32
119 36 28
37 45 99
9 57 63
27 21 52
21 23 31
95 24 45
61 85 43
102 18 110
114 10 75
70 68 41
118 45 121
53 0 97
19 107 24
109 29 5
43 62 60
4 21 66
104 57 114
81 40 86
104 10 101
59 115 24
96 0 22
37 9 103
32 75 115
64 99 38
68 64 10
93 105 10
57 56 17
90 26 9
89 8 47
64 48 42
6 114 106
66 103 44
15 87 43
53 48 68
35 44 37
11 77 103
34 12 71
76 97 120
82 41 34
85 37 116
33 74 41
32 15 81
102 105 56
10 79 6
74 80 111
54 106 34
38 17 39
54 77 66
94 49 68
102 20 33
108 12 101
13 46 61
65 90 26
69 41 81
5 68 52
34 46 105
23 39 7
101 64 31
62 27 93
51 3 21
110 12 17
12 16 121
33 109 95
62 66 92
38 5 69
99 44 58
105 105 101
30 81 72
17 60 51
118 114 32
41 103 85
35 39 35
33 61 75
17 73 87
31 50 9
78 41 13
92 120 40
117 81 73
68 59 75
66 75 36
25 94 19
40 66 115
39 0 79
108 36 63
90 66 56
69 49 88
113 71 78
118 21 3
117 4 77
80 91 29
43 74 83
42 5 90
25 92 96
95 54 97
35 44 66
48 26 62
96 71 24
60 121 59
69 108 60
112 18 40
15 106 62
120 47 28
5 97 52
112 37 86
41 11 9
21 97 85
33 71 107
117 38 66
80 73 111
69 40 21
93 23 15
43 27 59
50 16 19
108 55 47
118 54 94
36 106 78
4 78 112
108 83 53
69 74 24
36 61 4
9 11 23
108 51 97
60 81 65
114 64 2
33 76 113
16 72 54
84 59 3
78 7 19
38 19 96
4 44 2
11 63 88
77 18 112
40 93 50
49 21 47
100 17 74
15 98 40
38 34 86
67 103 50
22 36 102
104 41 86
62 39 41
37 67 2
2 16 94
7 39 78
14 5 59
117 12 69
105 61 7
33 43 28
33 117 118
62 4 97
118 67 108
75 44 21
105 60 104
11 31 61
57 43 38
74 95 89
74 108 94
5 101 97
75 56 30
120 33 19
16 63 63
71 32 19
101 44 6
41 10 78
98 81 73
29 12 105
58 85 11
103 41 113
75 31 84
107 109 117
97 96 42
89 67 113
32 99 48
114 100 94
53 40 26
19 38 58
119 39 41
112 115 112
64 11 74
85 52 65
28 3 68
79 86 96
45 120 48
112 57 116
84 111 47
21 4 68
98 74 82
36 114 22
95 35 33
121 69 61
61 69 53
14 94 37
55 5 71
91 31 52
62 68 30
86 22 5
96 84 108
30 17 92
74 17 39
84 3 120
11 103 60
88 73 56
111 16 36
54 0 92
23 105 114
31 19 29
7 11 81
58 69 28
52 23 97
115 91 107
66 14 6
22 31 3
82 107 91
75 22 15
43 89 113
70 89 39
9 105 108
20 100 37
101 3 113
8 17 17
40 84 75
111 22 104
59 93 60
91 43 58
64 80 45
101 97 93
3 69 10
77 117 49
76 4 110
7 33 22
49 100 78
75 105 101
119 108 25
103 4 120
66 106 32
14 55 97
57 22 50
13 85 29
25 110 42
32 25 103
102 41 80
119 99 82
93 1 16
50 56 120
96 17 71
91 60 61
43 97 16
105 74 25
23 43 5
73 57 7
56 103 35
1 31 12
90 106 61
94 119 22
84 48 118
24 107 45
117 92 10
121 75 82
13 92 45
18 77 70
98 35 60
89 71 108
18 109 85
13 111 43
114 78 6
14 19 73
58 88 3
112 92 69
42 98 36
2 26 95
79 52 111
113 69 89
25 86 53
10 34 44
106 37 113
79 119 31
63 61 2
80 35 36
47 43 118
24 119 11
69 53 72
47 58 53
58 43 84
14 11 64
111 99 88
22 32 44
29 87 110
23 95 58
23 113 58
22 92 75
121 117 28
45 115 42
59 74 68
48 67 21
89 1 49
115 95 66
99 69 62
84 83 115
67 5 90
114 50 43
68 23 105
116 63 73
96 48 55
78 109 92
56 37 79
86 55 8
54 109 15
24 101 51
40 79 68
94 47 64
49 58 118
61 10 110
108 17 13
80 12 11
116 10 35
64 111 98
77 104 104
5 75 111
118 116 26
59 38 49
65 11 3
23 78 42
77 12 56
31 44 61
36 17 29
20 1 105
50 117 118
17 114 108
73 31 101
92 21 116
119 46 50
17 11 81
31 93 88
64 90 23
73 59 35
90 3 39
60 78 90
99 26 115
100 106 88
111 97 55
101 64 111
47 1 68
91 16 25
10 61 13
121 85 57
7 28 46
51 3 47
3 10 22
97 32 110
86 82 96
121 85 66
106 29 78
56 51 66
90 37 3
48 26 4
119 46 87
1 33 46
74 30 78
47 95 52
69 57 43
69 106 41
120 72 98
35 57 87
84 90 112
52 59 23
48 97 93
2 80 50
18 116 98
102 115 51
110 76 100
115 4 63
52 4 96
81 28 52
40 29 100
15 77 57
120 29 5
36 23 6
19 29 62
106 115 26
109 104 112
51 18 19
20 95 118
91 111 69
62 30 49
113 108 25
17 7 25
48 86 90
66 11 59
64 113 117
52 49 92
32 99 93
82 40 113
118 100 100
29 20 15
86 46 79
76 9 88
38 13 34
48 45 107
70 54 61
11 58 47
97 24 40
11 77 40
116 64 65
116 23 52
33 70 26
47 50 23
10 57 48
22 45 44
54 64 62
83 108 74
6 21 57
21 110 64
107 85 21
47 52 56
74 30 82
37 53 112
67 10 113
22 120 106
80 55 115
6 58 120
6 37 17
32 97 83
118 96 115
98 41 8
19 75 95
94 103 14
11 85 104
77 12 84
0 60 80
79 84 44
83 106 111
1 70 94
111 35 10
5 82 113
115 21 31
114 3 109
14 103 59
70 40 82
49 87 88
32 86 70
72 114 109
32 63 82
89 0 59
49 111 26
37 109 44
114 42 89
38 102 49
14 7 115
24 90 16
68 99 118
119 34 57
3 80 57
72 102 51
54 73 75
113 103 21
24 110 14
19 39 20
23 74 120
38 95 29
58 40 29
6 100 89
60 29 4
36 36 81
44 73 81
117 74 99
38 64 7
63 113 63
97 66 97
38 75 72
75 73 51
38 91 118
89 12 96
100 57 114
15 101 42
70 115 104
96 61 121
55 62 19
22 103 46
3 74 101
114 91 120
40 58 101
38 83 80
54 10 101
78 26 1
75 7 69
7 111 107
84 40 121
99 77 111
50 20 73
80 30 78
36 95 81
88 88 93
6 74 12
60 69 73
74 16 103
88 94 111
31 85 25
10 109 68
17 77 22
13 22 116
117 23 66
38 56 43
80 37 10
92 107 60
8 95 24
43 88 45
29 52 120
59 64 50
92 67 50
42 49 83
12 96 79
115 100 3
18 83 63
61 45 2
117 64 72
64 61 98
69 70 104
9 66 106
110 19 95
41 120 20
57 111 50
71 80 27
88 19 91
3 88 3
113 94 100
106 70 67
105 23 100
96 102 82
29 53 11
87 37 19
78 67 113
56 1 41
110 45 95
98 7 80
1 73 46
110 59 27
34 47 22
28 109 84
0 1 70
19 8 18
45 5 99
2 59 98
75 84 51
7 70 112
58 80 39
101 96 23
98 100 105
32 21 97
39 11 85
40 62 28
96 69 0
38 25 1
78 47 88
79 53 80
64 28 11
24 61 71
113 46 42
31 93 22
100 78 11
103 103 50
71 32 43
26 34 34
76 106 112
75 22 73
38 16 89
84 119 77
68 89 44
58 55 89
40 64 41
75 45 85
76 66 97
85 100 5
85 32 33
38 100 88
112 118 19
11 88 77
41 27 32
72 49 84
105 58 54
26 40 7
65 113 90
4 41 109
102 3 22
112 70 62
120 93 78
55 8 104
105 62 51
70 30 80
110 94 117
120 65 18
72 36 105
73 11 28
44 82 83
6 20 57
69 82 105
118 106 33
116 77 71
59 106 108
115 9 94
66 93 2
33 120 43
0 62 34
39 51 18
119 9 80
1 6 94
4 58 17
3 15 121
39 33 43
86 57 113
28 109 62
1 91 27
72 63 7
116 50 50
22 48 28
88 2 84
47 121 44
113 90 4
36 56 84
107 75 53
53 109 65
28 111 105
15 6 31
13 47 87
89 110 86
28 91 24
35 46 51
17 10 115
23 40 4
29 38 60
39 10 112
118 51 109
61 38 117
97 45 56
44 74 19
62 114 54
46 67 20
20 53 82
21 30 66
28 92 115
116 103 18
62 50 0
99 31 6
47 65 74
72 39 86
1 98 71
9 20 91
27 113 114
11 10 71
120 114 105
8 9 106
42 105 27
5 35 19
67 10 50
25 98 110
24 70 107
67 32 4
57 79 3
93 121 101
98 25 7
89 19 33
65 52 18
112 12 79
40 119 17
115 48 45
80 81 49
109 35 115
88 9 90
62 59 44
67 14 99
80 25 2
93 79 87
74 31 46
41 22 87
62 33 39
36 98 99
95 4 41
56 108 55
16 1 92
47 76 18
115 115 19
21 100 20
116 60 97
50 42 104
86 10 73
44 114 25
54 73 71
23 25 28
90 107 78
71 112 114
50 14 93
75 32 41
120 68 111
106 43 31
112 57 99
64 96 102
44 100 2
107 52 90
7 5 37
15 43 57
56 11 121
89 11 5
49 100 91
56 46 94
96 111 4
12 85 83
72 7 100
24 95 7
5 104 16
37 30 40
10 97 23
57 29 72
0 54 49
30 52 12
47 68 72
80 36 70
63 71 33
44 107 25
65 6 57
87 112 49
37 38 15
14 121 39
27 9 85
18 92 2
35 25 110
42 83 67
81 75 6
67 81 120
44 50 23
25 86 116
52 3 35
114 116 95
5 1 44
87 12 4
28 32 58
119 3 14
69 60 15
120 66 48
15 46 101
63 57 110
77 26 91
7 113 11
73 14 57
116 26 33
68 73 88
48 106 24
23 91 116
95 60 98
64 91 84
94 39 35
88 25 86
6 3 100
119 47 44
50 120 121
88 100 109
65 59 119
28 6 15
22 43 73
37 96 38
82 56 32
38 81 77
13 56 5
37 87 16
66 117 51
121 115 109
20 98 38
19 120 121
46 72 28
7 52 54
97 52 10
108 31 89
106 105 32
92 12 42
92 50 31
118 33 74
72 22 92
17 3 56
53 26 88
21 61 31
50 119 4
31 77 62
99 71 31
75 8 57
45 70 100
86 76 10
80 49 71
51 121 116
73 68 28
97 106 45
42 100 95
64 62 63
110 46 33
40 56 9
67 117 80
108 16 73
95 64 9
14 53 3
75 43 88
21 103 25
106 29 27
115 56 80
84 61 29
31 61 80
43 38 22
76 23 7
105 118 68
46 72 119
18 107 58
121 99 102
11 46 89
102 94 30
9 82 1
96 70 90
67 4 88
11 34 69
72 90 64
41 95 39
120 116 9
44 105 87
41 80 69
28 55 8
98 82 54
71 30 3
57 72 69
119 36 42
60 84 73
104 58 101
32 91 28
12 59 4
83 113 9
68 29 66
75 51 71
61 30 64
31 95 69
97 49 18
26 28 76
91 6 76
30 114 93
95 23 64
89 1 86
84 51 53
120 120 64
113 106 68
4 58 34
116 116 67
12 61 19
40 114 93
32 102 84
18 104 35
36 37 51
110 88 55
28 19 95
76 120 23
17 82 119
88 25 106
33 22 58
20 85 86
115 60 121
88 120 91
22 28 118
72 85 82
56 33 73
113 16 54
1 30 80
31 61 21
69 34 32
99 22 108
5 5 29
85 118 31
61 118 12
89 114 23
52 36 119
83 21 95
93 1 114
21 53 17
22 74 121
101 94 116
41 114 117
113 76 81
17 108 120
49 23 119
45 92 103
74 7 80
34 8 32
94 116 8
101 24 19
98 43 13
64 0 21
8 47 95
16 79 115
60 75 67
17 112 20
109 90 40
86 110 10
40 45 40
102 71 57
46 16 27
54 87 83
9 95 4
103 61 2
12 92 56
61 30 101
88 94 52
0 37 2
36 111 62
51 44 72
0 61 20
5 44 87
18 117 29
61 117 8
37 88 59
53 67 24
15 117 80
83 51 108
67 107 6
44 93 65
33 21 43
14 5 58
35 31 36
36 97 47
20 107 98
36 75 53
110 79 102
43 42 113
85 23 35
96 86 75
98 84 109
27 120 118
119 56 28
71 12 114
116 17 3
27 22 5
29 43 77
45 10 40
50 6 9
103 51 104
7 40 111
52 7 102
32 74 104
8 15 52
44 102 116
92 16 46
73 70 76
5 109 15
64 27 99
45 53 115
90 120 68
103 66 88
52 121 107
72 112 69
106 106 72
96 8 59
19 76 94
113 97 11
43 68 81
67 96 41
49 75 120
79 3 48
63 49 52
27 121 98
10 99 59
98 117 95
108 81 4
41 113 21
70 85 21
67 114 51
68 107 7
11 8 51
94 37 43
62 5 70
29 117 104
49 56 100
35 53 35
79 60 90
77 23 73
100 5 15
24 59 111
103 57 23
78 46 83
118 28 4
111 15 49
120 52 102
33 16 68
37 96 52
2 5 31
18 32 9
121 107 6
60 29 12
13 76 107
64 49 66
29 114 89
17 42 32
92 101 61
16 87 113
77 38 2
69 35 44
105 97 83
66 87 84
2 64 22
1 40 37
21 92 96
47 121 50
69 72 64
3 79 14
18 51 113
51 26 45
78 94 44
46 1 113
97 91 24
114 10 28
21 1 15
89 47 103
7 54 86
9 97 96
98 0 44
104 80 66
114 27 83
24 94 30
69 36 34
12 49 28
56 63 101
96 34 25
43 104 107
41 51 18
98 97 99
69 104 118
77 26 15
64 1 112
2 33 5
67 82 81
61 11 93
103 9 7
15 12 94
55 46 83
17 24 119
4 67 113
16 103 2
1 14 33
42 92 24
15 29 4
69 28 47
33 83 18
24 106 80
41 91 45
94 41 67
81 78 86
93 31 99
32 6 106
29 85 46
24 52 121
16 80 41
69 70 23
28 66 94
57 42 88
17 37 111
119 50 9
16 37 25
50 36 2
38 103 25
11 120 83
114 113 12
37 10 117
62 111 113
113 66 56
51 90 42
22 36 80
36 119 4
73 88 59
50 110 29
120 35 53
22 24 7
64 61 109
76 18 54
15 105 44
52 8 75
8 36 85
31 3 59
120 121 88
47 15 11
15 113 35
20 41 2
32 104 104
3 10 17
7 121 80
58 100 19
69 31 112
81 82 44
100 82 46
94 24 47
4 86 104
54 58 88
1 18 13
89 27 18
108 81 33
42 53 35
3 67 74
104 55 90
82 36 51
75 98 57
15 89 115
96 33 72
106 45 85
55 0 83
72 33 103
18 41 7
4 121 19
20 101 6
68 93 82
82 41 101
8 116 23
108 58 91
89 86 47
49 99 71
97 95 50
66 22 45
87 20 6
38 73 116
111 68 31
78 26 120
58 119 99
35 94 29
72 68 55
83 95 33
86 46 67
30 61 108
19 46 46
63 95 98
100 54 37
120 38 120
44 69 34
51 77 86
79 47 52
41 85 1
101 24 114
38 50 58
83 84 39
89 57 18
73 30 61
88 19 96
15 23 99
119 118 78
115 10 30
31 15 90
32 58 103
67 27 65
24 10 85
7 94 103
99 51 4
41 28 85
61 46 114
94 119 44
3 74 22
73 109 111
47 79 24
46 92 43
97 87 11
57 82 112
116 18 102
17 16 118
100 109 117
101 81 61
118 35 30
55 103 118
12 111 119
42 118 117
118 87 24
33 53 75
54 30 113
6 97 116
81 3 16
92 119 46
117 13 118
31 52 79
95 63 45
12 39 8
25 30 5
87 56 38
74 4 48
104 72 88
5 5 105
70 30 52
20 110 93
5 85 71
52 15 116
94 86 113
100 88 111
17 3 102
62 7 108
54 79 62
0 7 62
76 70 78
33 23 23
30 47 5
72 64 38
23 59 56
110 17 47
79 89 53
88 97 63
121 4 67
62 3 110
21 26 45
58 59 51
51 115 36
57 41 98
99 27 85
109 100 53
2 37 16
75 13 85
31 93 57
81 15 44
97 73 0
29 9 33
115 35 112
62 24 22
15 20 84
25 2 12
105 104 102
95 22 9
31 59 107
117 79 95
59 46 64
113 21 96
112 112 8
47 30 72
84 60 18
121 61 68
55 87 83
55 68 48
117 84 15
83 69 22
2 12 77
103 41 4
27 15 18
93 97 5
72 118 100
109 107 17
110 61 107
95 34 66
112 76 93
50 119 92
86 4 88
100 33 21
0 8 116
113 7 81
39 34 54
101 61 0
90 38 97
77 8 81
85 82 77
96 72 91
76 47 114
90 99 108
22 13 44
86 88 24
37 49 21
112 56 73
40 58 88
29 74 61
10 34 85
46 73 14
59 119 108
42 64 57
115 98 51
71 47 61
67 44 88
60 36 114
26 111 85
117 92 21
61 81 78
22 8 77
40 74 55
96 26 58
69 33 87
58 57 83
36 98 22
85 84 106
87 5 101
117 24 68
94 70 17
96 106 40
63 51 113
4 61 53
43 21 39
83 8 98
63 85 62
55 113 74
117 115 11
100 116 28
91 105 8
98 57 19
33 71 79
6 32 41
26 17 9
107 13 41
59 33 30
95 0 119
16 60 47
89 118 43
84 48 9
119 87 17
28 16 53
63 82 106
106 92 8
18 86 119
11 66 92
12 110 37
66 65 20
8 77 84
13 74 81
0 120 113
56 55 96
30 71 6
57 78 96
67 49 103
116 105 105
112 73 110
30 47 109
70 110 84
61 92 23
86 95 42
121 16 30
97 66 73
65 6 66
25 15 83
52 62 33
24 111 98
9 79 63
43 0 3
102 61 65
45 24 36
17 25 86
6 16 60
2 30 114
73 83 88
75 78 18
86 38 41
84 93 25
72 83 55
7 43 52
25 12 53
16 82 22
24 17 80
16 52 105
9 121 62
1 110 61
117 118 30
120 39 116
69 15 82
17 106 70
40 7 92
104 58 82
95 19 95
101 6 61
27 49 9
107 86 92
92 20 47
21 10 86
5 32 51
95 94 98
7 50 100
12 90 114
69 1 96
116 116 30
120 108 53
85 84 45
114 18 25
105 61 109
0 19 22
105 46 16
39 34 10
89 75 79
11 118 5
38 53 24
82 42 3
118 81 8
63 90 79
22 74 44
37 90 87
24 7 85
16 88 63
30 51 117
52 78 102
12 16 78
42 91 30
25 105 58
64 54 89
73 67 79
87 0 90
102 5 48
39 40 6
13 56 35
99 6 3
98 57 70
119 32 27
8 36 45
24 31 31
105 35 95
59 114 105
41 114 80
121 16 16
22 34 107
18 70 19
95 86 80
80 119 95
16 4 5
39 70 17
10 113 47
88 112 41
49 84 66
17 119 119
93 110 73
91 103 111
45 18 5
61 87 101
51 36 117
64 117 63
90 104 66
121 35 85
98 13 64
86 52 42
57 52 98
119 110 39
41 117 103
1 110 55
116 30 33
89 5 72
57 75 95
86 15 88
102 38 64
107 65 8
98 118 10
93 53 68
54 99 28
40 73 89
47 25 12
20 107 112
100 12 62
80 66 51
12 48 80
47 48 42
27 87 81
118 108 70
109 62 64
5 75 98
108 89 33
108 104 33
109 82 12
20 83 30
24 75 96
95 86 11
16 81 82
83 58 91
89 27 103
70 7 44
113 118 15
108 13 62
2 103 44
111 93 40
97 10 56
61 79 10
92 67 11
108 111 114
112 18 121
15 51 103
101 69 74
29 66 38
118 36 33
104 38 99
20 85 39
9 51 11
51 63 30
38 119 119
98 8 53
22 94 83
72 100 62
112 45 35
25 42 104
111 31 19
55 86 79
89 5 45
11 84 93
98 76 97
13 69 93
78 24 7
95 110 70
10 84 93
40 113 32
86 84 52
39 90 96
72 43 80
13 71 25
110 36 56
33 94 72
42 47 4
58 94 4
2 63 111
11 74 79
76 30 32
104 4 86
32 36 12
67 44 82
46 70 69
61 22 89
25 32 1
80 5 95
38 94 72
71 57 34
93 90 2
90 38 58
87 26 30
116 104 33
19 51 21
41 71 102
35 117 61
89 31 89
12 39 65
66 61 69
113 74 61
85 67 13
121 95 15
24 109 18
100 0 105
90 83 92
99 112 41
20 33 107
45 84 79
17 77 11
110 12 31
101 75 57
7 22 119
84 41 109
118 120 28
10 107 21
107 83 95
15 81 47
73 47 52
106 91 74
62 4 85
82 100 18
67 32 9
74 78 45
32 49 99
75 112 75
119 48 38
81 44 112
7 116 66
105 68 113
86 43 2
90 70 113
77 66 15
63 43 50
85 40 61
90 65 74
74 5 115
120 98 118
102 98 53
19 87 114
95 85 5
5 14 44
99 92 32
32 92 48
109 21 93
101 102 55
82 92 37
9 42 36
58 10 50
71 76 63
43 17 68
108 88 120
109 108 120
20 43 30
49 102 49
92 80 76
71 80 52
33 63 51
110 14 76
85 27 85
92 41 42
84 85 23
93 119 71
13 116 14
110 105 38
46 50 64
84 6 78
23 19 49
72 98 43
113 113 66
15 115 58
116 0 90
89 7 93
42 41 46
109 66 79
25 102 53
0 95 113
117 11 22
74 99 77
37 110 102
8 54 80
82 73 89
100 61 46
14 27 80
21 97 10
49 85 112
86 91 79
74 112 5
59 86 117
52 55 119
107 17 38
84 11 37
95 42 91
23 59 77
117 107 17
65 3 111
64 42 93
76 73 48
2 101 55
112 68 106
117 26 106
92 19 12
108 8 39
110 93 115
43 107 86
27 45 10
41 94 57
45 103 36
118 35 92
119 41 45
65 69 9
86 78 13
75 8 25
49 10 113
79 47 71
50 33 27
88 55 25
4 115 21
3 89 72
57 54 25
97 103 44
15 93 15
75 50 91
44 96 93
105 9 9
92 25 5
21 88 62
23 83 120
79 20 33
12 92 75
70 120 61
80 99 108
30 43 90
74 26 117
37 68 94
16 105 41
74 87 107
89 95 62
12 87 110
14 93 116
44 35 23
29 10 118
85 41 114
46 112 29
117 114 117
36 112 11
35 41 113
63 58 56
54 72 79
5 88 3
75 85 83
3 89 76
22 2 48
121 100 64
36 12 12
37 61 64
54 33 76
42 99 24
108 2 96
76 121 82
86 69 45
38 46 100
102 6 39
89 108 25
88 24 6
11 99 24
82 16 69
10 7 29
26 50 88
36 5 105
36 6 62
69 48 67
116 62 18
58 89 70
9 3 96
51 39 9
8 62 63
97 46 50
0 65 71
100 48 27
20 41 119
23 24 106
35 8 12
60 27 79
2 48 50
70 118 75
31 36 0
24 101 113
75 46 16
4 55 5
105 11 96
49 36 71
30 63 4
38 10 57
58 95 104
40 70 87
30 119 41
62 51 74
42 91 116
87 90 19
103 58 85
4 86 5
66 7 68
44 111 27
60 15 56
54 3 78
90 95 8
14 38 62
9 42 93
104 74 107
95 55 33
63 24 33
79 22 66
82 75 117
2 65 16
28 98 74
99 65 25
77 109 2
35 32 56
51 120 8
62 62 9
43 72 100
61 77 13
20 53 57
86 58 37
88 59 2
22 8 63
80 65 115
94 59 112
113 41 61
113 21 113
65 65 83
52 97 82
18 47 3
91 46 51
78 43 69
11 42 6
94 99 75
55 35 28
85 17 27
5 94 43
23 75 21
87 75 104
82 44 49
54 33 13
37 37 73
49 67 112
13 102 8
36 91 63
41 11 120
44 24 76
35 99 20
110 11 106
63 75 18
20 117 59
28 26 2
58 34 114
77 3 66
76 34 3
61 25 78
59 58 54
111 73 116
119 68 78
120 97 98
112 91 107
95 109 13
59 94 113
93 109 30
65 22 25
15 5 34
5 96 48
76 106 24
31 68 69
66 44 13
72 32 91
91 32 31
77 106 118
83 51 26
61 19 3
74 48 32
104 92 110
58 76 111
98 45 33
28 3 109
108 73 31
93 54 95
4 33 70
95 57 76
5 36 32
93 57 14
82 101 42
14 33 105
0 6 95
54 56 121
109 112 113
105 25 104
117 83 12
59 85 121
61 99 78
39 80 2
30 82 52
113 15 50
51 108 15
81 4 93
41 6 23
102 99 13
84 39 58
3 59 47
75 45 59
8 26 82
114 112 38
100 58 6
51 113 52
81 84 111
3 5 54
39 60 88
7 44 39
115 104 64
24 30 6
84 48 121
13 69 40
43 81 83
69 12 112
77 96 72
7 71 95
30 4 29
8 59 42
56 12 105
61 8 27
28 108 14
88 58 78
116 65 87
15 107 119
39 65 6
1 16 71
10 87 88
103 116 46
107 88 65
42 68 109
13 66 97
45 2 109
75 119 91
26 109 23
47 71 62
92 103 110
111 37 69
3 58 36
50 85 58
4 98 64
94 88 72
4 100 117
10 59 45
22 96 19
30 45 23
70 67 67
7 104 93
22 86 100
66 116 18
67 63 105
64 2 97
4 118 81
81 112 96
72 47 43
28 11 30
46 48 10
108 81 51
21 81 69
107 79 55
7 71 55
70 58 71
109 3 23
93 27 58
12 95 25
92 84 87
95 70 41
42 87 14
78 21 66
75 70 35
103 111 69
57 94 3
67 39 104
86 108 24
58 104 78
117 64 92
78 120 92
53 120 64
57 45 63
118 89 27
85 11 88
42 52 75
66 31 4
103 77 95
19 24 6
106 79 67
79 85 98
61 82 84
4 18 105
69 49 46
5 120 107
58 28 112
96 18 120
98 85 57
53 17 108
91 106 21
63 82 113
118 114 46
53 75 63
71 98 121
22 29 5
97 97 99
66 31 57
109 79 81
75 120 73
42 50 59
49 4 87
77 117 42
98 92 52
18 98 6
115 113 79
12 22 32
65 65 59
118 31 43
121 89 44
19 27 77
107 57 75
58 61 72
110 97 48
97 29 121
4 66 9
30 24 82
24 45 119
55 97 104
120 37 83
71 108 30
16 114 5
20 97 37
3 67 56
51 99 86
49 105 67
29 92 77
5 50 44
119 15 68
17 110 106
30 65 17
120 119 76
50 3 121
71 49 84
8 1 46
82 34 34
35 22 44
95 14 83
13 91 86
118 57 46
64 89 91
104 22 7
18 21 24
98 52 116
98 59 19
35 68 88
29 42 97
77 110 61
84 119 111
37 45 38
25 119 47
78 84 47
1 87 26
85 44 102
6 51 75
77 30 82
101 114 92
100 52 44
121 83 113
28 22 41
37 38 88
71 73 12
117 15 59
20 8 37
80 84 39
32 46 65
93 92 99
21 71 115
93 91 54
105 107 38
116 103 117
62 9 65
58 88 8
19 55 14
119 103 90
65 54 111
72 101 21
107 45 30
55 80 29
23 5 70
11 110 67
34 91 42
107 86 114
81 34 38
72 63 0
53 77 39
114 33 70
118 76 22
69 110 49
106 7 66
86 61 96
116 113 120
89 7 37
94 114 88
31 33 88
19 94 113
39 95 73
55 48 36
34 90 103
99 43 36
115 119 102
43 49 69
44 89 29
92 54 97
68 46 91
5 72 23
43 62 58
110 15 118
4 54 37
78 84 66
0 53 103
93 69 84
16 56 40
104 19 93
39 40 86
97 39 115
101 23 111
21 1 25
29 16 17
99 32 102
37 96 43
46 95 120
106 85 46
21 78 11
68 110 26
19 113 57
26 120 57
119 59 119
8 52 78
77 55 98
61 81 78
105 38 4
94 4 81
102 85 27
3 31 43
104 112 51
116 8 3
63 17 80
3 1 108
112 45 54
11 58 62
110 107 75
5 39 115
111 115 115
20 56 43
75 111 61
76 116 95
87 38 34
88 60 90
16 30 48
96 114 27
32 91 77
53 120 56
39 80 76
107 109 89
89 53 71
2 48 80
107 102 112
53 82 101
32 54 90
95 27 116
56 1 33
4 109 59
8 47 12
6 77 34
87 98 72
106 30 109
57 114 10
56 50 54
53 115 13
10 109 88
110 115 16
74 79 55
102 104 65
95 44 65
19 28 58
98 54 33
7 67 22
106 16 99
86 112 68
106 111 17
61 86 3
60 80 87
121 56 104
92 62 79
4 70 39
7 120 107
30 41 9
13 103 108
11 13 100
18 37 33
47 41 85
36 55 29
74 77 64
105 0 98
51 66 8
108 72 65
31 40 115
31 81 55
117 22 14
90 28 24
50 83 77
18 32 17
114 23 77
118 112 29
119 70 12
11 41 85
66 28 4
55 40 41
70 43 16
34 51 16
20 107 86
115 117 60
8 61 32
71 41 107
52 80 54
68 42 4
46 93 34
108 102 7
95 71 61
42 10 8
39 77 86
41 114 85
51 27 53
120 79 0
111 109 121
78 79 7
16 110 75
12 64 102
45 100 37
34 66 119
52 65 20
63 115 63
31 4 42
101 56 45
109 48 63
108 57 81
58 66 32
14 15 68
17 58 45
96 84 17
68 63 39
65 16 53
22 14 82
78 33 19
94 111 17
72 18 1
18 101 52
5 89 36
98 66 38
25 9 113
110 33 48
55 25 113
87 117 72
34 33 90
34 10 40
102 117 80
15 30 101
12 88 90
111 109 102
69 75 12
120 95 17
114 20 43
7 98 74
102 36 103
89 103 106
102 113 84
38 58 94
115 70 45
12 65 69
109 47 114
104 34 56
101 85 23
38 42 99
16 120 4
112 77 3
85 65 65
119 117 108
23 29 83
32 32 77
104 24 107
73 17 109
59 98 72
31 96 46
52 72 51
58 41 80
5 121 46
1 56 78
28 91 48
121 118 98
7 19 100
99 12 62
88 60 18
108 84 29
101 90 45
77 38 25
64 44 121
118 78 85
115 75 105
11 111 108
121 26 8
35 43 101
48 1 22
14 14 21
111 107 21
36 66 94
9 72 100
52 46 117
43 32 40
78 56 53
58 29 44
78 54 56
18 118 99
45 68 121
30 103 56
40 13 110
47 68 22
87 57 39
10 117 25
41 92 4
48 99 71
60 55 25
31 28 34
90 33 120
33 49 66
118 31 101
10 77 15
11 67 18
24 66 15
60 56 9
43 8 0
102 21 19
35 37 68
49 86 106
97 36 65
31 13 116
35 88 103
2 67 19
118 39 72
66 31 114
25 103 115
64 76 108
69 80 105
69 27 116
66 115 16
76 56 98
100 76 51
40 16 4
35 80 103
49 2 64
61 103 76
91 76 115
115 31 33
66 95 14
82 117 19
97 7 36
71 117 44
69 21 109
94 22 107
68 27 108
94 9 78
77 36 114
57 54 34
61 48 6
117 110 113
90 23 4
8 10 107
3 90 42
54 116 20
41 27 105
86 120 17
37 55 39
90 97 80
50 12 57
27 94 94
11 0 105
62 99 76
13 18 1
7 29 54
52 6 4
43 105 8
72 72 40
29 10 76
106 31 60
31 100 23
8 94 20
33 26 93
52 35 87
3 95 81
81 51 2
91 116 67
74 7 107
55 97 87
22 109 91
1 71 16
110 23 11
112 19 114
5 44 84
12 90 101
108 94 85
64 42 2
85 42 66
38 17 57
16 40 39
49 109 29
50 99 59
108 3 39
105 45 17
83 63 40
111 19 94
105 99 27
30 13 105
2 91 24
17 74 110
75 41 73
85 57 47
101 77 109
70 19 75
16 65 107
17 62 6
112 15 66
37 94 111
39 9 78
16 107 60
77 3 76
106 25 73
46 101 42
89 109 69
46 46 56
49 52 19
77 48 67
6 54 121
38 43 50
14 89 51
58 33 58
9 114 60
15 68 75
62 118 101
99 104 36
14 61 67
112 61 67
68 113 61
23 37 31
94 89 104
78 121 6
90 42 61
115 70 29
102 104 49
66 67 69
21 57 85
47 117 65
112 96 46
55 0 115
90 12 94
8 66 71
117 64 47
57 70 59
116 12 35
47 72 81
71 120 40
6 97 104
51 116 74
2 42 4
33 31 21
85 85 5
20 106 74
58 83 65
85 87 27
6 37 1
114 97 8
14 116 87
116 96 8
99 36 115
59 52 117
56 84 22
30 68 102
8 107 71
108 108 30
92 13 27
113 13 115
36 25 6
92 35 53
31 120 78
34 38 1
55 40 101
28 19 116
36 50 36
92 7 37
31 39 118
46 70 116
40 77 32
15 118 94
28 7 109
14 43 115
23 68 79
98 119 35
121 87 83
27 41 20
109 68 46
105 66 114
119 63 39
121 6 81
19 34 27
110 7 96
85 74 111
120 34 118
44 53 21
94 48 38
15 106 53
117 34 29
97 61 68
31 60 5
106 44 0
30 110 109
61 83 34
2 60 98
4 88 43
112 32 71
42 69 47
76 79 84
94 5 1
24 42 51
53 120 99
53 53 81
75 77 88
51 23 67
62 91 63
111 18 91
93 34 10
93 89 43
105 61 119
3 26 27
81 28 54
96 105 15
41 118 116
32 56 100
1 16 14
107 94 111
0 86 24
99 45 62
94 111 55
59 63 103
92 13 3
10 7 111
113 89 120
41 42 85
103 70 38
42 119 12
3 20 35
70 24 107
26 19 103
68 18 106
106 65 68
8 106 94
32 74 81
17 66 49
110 46 70
28 97 111
26 74 37
112 85 115
115 45 92
39 53 116
118 116 91
107 85 42
94 81 23
0 113 1
37 112 102
74 95 7
2 2 61
19 39 70
101 96 29
42 45 88
19 7 106
33 61 118
69 74 0
74 5 84
73 108 4
47 105 79
95 120 82
112 94 81
44 117 48
53 28 110
12 116 58
105 41 53
51 84 77
65 35 77
84 118 52
46 20 101
27 29 7
29 53 92
73 3 93
110 37 54
19 121 72
12 53 20
2 1 46
115 54 31
11 75 29
28 98 106
109 40 32
49 30 44
105 13 107
66 48 2
18 91 1
99 74 37
16 110 116
117 35 66
30 14 75
38 90 15
10 89 7
116 78 76
105 59 25
19 0 62
88 1 22
112 74 111
32 82 6
95 3 84
61 20 34
71 58 29
19 47 94
50 18 107
12 84 9
45 93 59
84 101 22
79 101 75
80 33 64
43 16 32
28 0 73
78 28 98
101 55 15
29 71 12
58 108 40
67 91 47
106 21 5
89 53 27
119 86 82
98 96 119
111 105 65
54 36 93
111 32 114
115 80 115
89 99 78
65 38 97
97 22 25
121 5 18
53 84 35
47 112 80
24 66 15
80 75 120
68 60 54
51 17 67
96 81 4
12 92 106
14 3 94
15 17 121
45 20 8
45 72 62
116 20 3
55 44 102
67 121 87
73 110 8
107 22 5
78 68 41
90 99 111
3 57 105
106 42 41
14 119 118
13 34 27
91 45 51
66 19 98
26 119 103
35 55 57
44 69 91
42 31 51
65 41 59
42 31 54
99 3 10
67 56 77
64 107 32
63 4 47
94 77 23
84 75 12
23 99 86
99 51 10
62 86 15
93 0 39
39 114 48
108 78 84
98 121 70
118 22 62
94 105 77
66 30 63
53 49 83
64 90 54
59 31 85
34 104 39
32 4 30
96 11 44
31 18 19
38 113 105
30 38 2
103 105 93
70 66 118
95 40 59
116 31 20
41 18 55
91 50 12
95 104 92
36 35 24
18 5 18
120 55 78
39 82 58
63 9 31
92 6 43
20 108 2
20 29 116
49 116 116
31 65 13
15 8 5
102 42 75
58 119 38
27 2 99
67 18 57
4 101 7
89 113 27
43 32 82
93 102 121
63 36 5
117 52 39
3 98 55
57 92 41
106 46 89
104 38 108
72 46 36
7 80 96
30 11 32
68 20 15
115 61 55
98 111 93
43 91 110
23 79 54
74 14 60
9 101 78
29 71 7
108 26 77
69 102 97
20 10 95
50 118 111
81 84 60
115 115 28
35 67 99
115 105 6
11 57 101
15 48 84
39 106 6
106 99 19
110 83 47
39 49 42
65 73 73
49 23 49
89 44 42
19 36 104
117 23 6
19 90 89
116 4 105
89 65 48
105 22 92
94 14 21
91 22 3
118 83 3
66 12 105
1 8 120
101 94 107
3 116 100
13 62 22
44 108 94
35 22 109
5 74 115
50 40 27
7 73 60
87 42 42
11 5 9
69 84 117
77 34 109
7 38 77
100 98 90
73 100 8
1 33 16
61 88 15
8 49 12
121 22 87
88 118 72
31 65 36
78 0 98
111 57 59
81 47 82
8 112 46
29 1 114
83 99 111
13 60 16
99 84 43
37 99 83
14 13 6
75 14 54
76 30 42
6 119 34
58 57 32
48 24 48
118 66 106
109 84 56
96 22 103
94 27 72
75 107 8
29 17 63
37 73 114
101 66 95
85 111 118
75 25 48
44 68 35
95 36 24
95 110 2
25 52 56
39 99 106
28 111 8
46 67 67
88 106 80
101 106 103
27 56 76
16 45 22
33 94 64
119 45 50
69 51 100
23 77 46
17 85 67
26 53 119
26 97 16
39 117 88
77 72 35
60 106 84
68 105 115
48 104 107
94 37 96
91 65 84
42 97 121
8 85 87
51 107 89
21 53 46
51 106 28
48 36 27
96 19 64
37 9 81
4 11 90
2 81 15
81 12 111
23 6 59
9 109 61
91 52 53
41 11 113
0 27 100
114 13 71
25 97 70
112 18 6
81 11 68
10 23 30
13 25 65
38 70 35
53 117 121
107 114 45
95 56 119
106 75 81
5 119 10
75 104 8
8 56 75
81 95 100
110 107 67
101 64 108
24 15 37
107 84 90
83 7 94
1 81 116
61 33 90
90 2 82
42 34 60
47 55 81
62 45 40
55 65 29
106 35 10
47 35 103
79 51 70
33 57 23
66 37 59
113 100 35
102 12 97
39 20 85
111 14 99
19 63 40
90 111 14
26 120 88
33 2 63
116 107 19
88 33 24
25 46 107
10 13 104
54 51 50
70 91 115
96 51 79
24 45 9
84 20 114
111 38 30
59 72 64
83 118 100
18 33 0
116 43 104
60 56 39
22 75 115
112 76 103
85 111 88
88 82 13
26 116 0
51 6 33
105 6 17
73 97 72
84 68 68
120 106 85
6 77 75
108 15 79
24 10 100
118 23 24
51 57 113
2 3 8
34 38 83
101 76 10
10 34 86
69 108 36
73 70 25
94 89 28
8 87 116
61 55 105
117 5 8
25 85 97
1 63 5
52 121 114
37 74 118
86 24 81
13 72 21
92 10 80
35 53 24
11 99 34
119 97 7
92 8 16
73 37 109
96 54 115
96 83 98
37 76 52
99 20 48
62 109 119
33 103 119
84 70 73
11 51 74
48 31 32
102 30 90
26 38 66
21 98 7
102 78 43
69 34 21
52 11 10
81 54 50
109 21 61
103 69 82
2 54 87
7 15 39
10 72 70
114 92 54
117 96 86
45 102 64
28 93 27
80 32 75
107 97 42
21 120 40
119 3 53
62 118 52
58 42 64
20 27 15
11 117 96
35 41 61
66 111 49
32 55 96
70 58 79
42 47 2
30 112 116
74 30 30
112 9 27
120 2 67
84 111 13
48 61 74
17 63 15
14 84 117
49 23 20
43 0 104
31 95 2
5 72 48
97 3 69
12 11 14
102 18 24
69 18 14
35 87 109
67 51 29
25 50 37
9 111 95
118 103 56
97 119 54
111 99 74
102 84 30
83 73 37
100 9 33
17 9 121
86 99 68
16 46 88
119 27 43
9 109 109
115 23 13
26 86 37
90 67 88
36 111 26
104 18 60
45 34 25
37 63 31
108 83 21
10 5 15
19 7 111
47 87 53
79 69 98
71 38 93
38 49 41
76 32 102
104 14 34
65 72 112
24 19 64
33 102 109
40 46 90
56 102 45
68 22 15
84 62 97
16 105 28
110 21 116
79 10 6
44 27 41
103 90 42
31 7 75
5 65 86
95 23 30
112 45 105
65 17 50
74 102 84
5 23 117
55 106 65
53 115 3
64 20 17
113 11 80
76 114 114
62 46 61
30 13 74
7 98 37
59 15 102
108 81 29
84 36 99
67 19 7
51 76 93
10 15 30
56 30 40
24 45 43
82 105 119
69 33 67
111 103 111
54 28 58
92 3 62
18 53 4
103 5 84
19 121 69
108 79 80
76 102 95
50 0 87
69 5 27
94 35 6
111 97 90
48 109 79
102 25 35
101 118 9
85 53 106
107 15 70
59 3 112
62 28 25
13 51 67
56 120 7
81 92 41
48 24 88
75 42 78
36 16 57
77 52 94
87 98 29
77 45 31
101 14 59
85 103 48
