5000
0 0 0
0 0 -73
25 54 0
0 0 -4
0 0 -80
0 0 -120
-45 0 -92
0 0 83
0 0 -41
0 -13 17
14 -112 0
-116 0 -10
68 0 0
-62 0 0
0 -94 0
0 0 0
-91 0 0
-97 105 0
0 0 -66
0 0 60
84 31 0
-67 0 0
93 0 -6
0 37 0
-27 0 20
-114 -65 0
0 108 0
-96 -29 -92
-75 76 -100
0 0 0
-78 0 0
0 0 0
-42 0 106
0 26 0
45 0 70
0 -84 0
121 37 0
76 0 0
0 0 0
39 -88 0
-21 0 0
64 119 0
-63 0 0
0 0 -106
0 66 -60
0 0 110
0 0 0
-82 0 52
0 -33 -87
0 0 0
-110 0 0
0 61 64
48 0 -34
0 0 -45
-87 36 -25
0 0 0
7 0 0
-61 0 0
67 0 -38
22 0 0
0 0 15
47 0 0
0 0 120
45 0 -55
0 0 -11
-60 110 0
-78 -66 0
0 0 0
0 15 61
0 0 0
57 103 0
7 78 0
0 89 0
0 0 108
0 47 0
35 0 0
22 20 72
77 12 0
0 0 0
71 115 0
34 0 0
48 23 78
0 0 0
82 97 0
102 43 42
104 119 0
0 0 0
63 30 93
79 0 75
112 0 0
0 0 51
0 98 0
0 80 106
0 0 36
0 0 12
14 117 0
0 0 0
0 83 0
0 0 0
71 37 116
50 0 62
24 0 0
63 12 61
0 0 0
0 0 84
0 69 0
0 0 0
101 106 88
118 30 0
64 0 0
0 21 0
1 0 121
0 0 0
0 0 17
38 0 0
33 64 0
71 74 0
0 0 0
0 5 0
0 73 0
0 0 0
0 2 0
0 0 0
110 84 0
18 2 5
78 0 35
0 0 26
0 0 26
0 0 0
80 61 44
70 68 29
0 67 55
4 0 0
0 37 0
0 0 111
0 0 0
78 101 97
0 0 95
0 0 89
0 0 0
66 0 18
0 0 0
0 113 22
0 73 119
110 39 4
0 93 0
0 76 14
96 75 69
82 0 0
0 27 81
19 0 0
5 0 0
7 37 8
0 0 0
75 54 90
0 0 0
0 116 110
0 0 47
26 73 17
84 96 106
0 0 0
0 0 0
0 29 0
41 0 121
0 114 24
0 0 84
0 114 0
0 0 1
0 65 24
0 26 31
0 0 3
0 0 120
0 0 20
0 0 0
0 0 106
0 41 9
0 0 97
116 65 0
0 16 56
18 0 47
78 0 0
95 13 0
88 0 53
118 10 0
82 52 0
66 0 0
0 0 0
0 89 71
76 17 0
54 0 0
0 100 0
88 6 90
0 0 0
13 67 0
2 0 0
0 0 0
32 103 0
22 12 49
0 0 0
0 0 0
29 0 0
0 0 85
100 120 0
111 94 0
87 49 97
7 0 0
66 31 110
56 4 0
74 108 65
18 0 0
0 97 3
0 80 109
5 43 0
0 5 46
0 115 47
88 0 0
113 0 107
0 0 0
0 0 0
6 0 0
88 100 120
110 0 70
0 19 0
0 104 79
11 115 57
0 43 0
121 63 43
0 45 0
0 66 0
34 76 0
80 0 115
86 0 0
99 0 0
0 0 72
0 14 0
0 114 25
33 0 71
24 82 81
0 0 112
89 0 0
112 0 97
0 0 0
6 114 0
15 0 3
0 4 0
0 8 63
21 10 35
0 0 11
0 49 0
92 19 0
0 80 2
95 51 0
0 0 0
0 0 84
0 59 0
0 0 0
0 51 117
69 22 0
115 0 121
0 73 0
0 2 0
0 0 21
97 42 8
0 0 50
0 0 0
9 53 0
0 0 50
40 0 15
80 100 82
0 100 106
0 0 79
0 0 41
0 0 112
100 33 0
18 0 37
0 0 116
6 94 74
20 0 114
0 6 0
0 93 111
121 17 100
0 58 0
90 0 0
0 0 0
0 64 12
0 0 25
0 18 53
0 0 80
0 0 115
0 38 0
0 102 0
55 60 0
17 0 0
3 117 0
0 79 0
0 0 71
0 0 0
0 111 0
0 0 45
70 113 0
99 0 0
4 0 0
0 0 0
0 0 0
0 44 0
0 92 89
0 81 0
28 0 58
21 0 0
103 0 0
0 19 31
0 37 29
0 0 6
0 0 83
78 35 121
40 0 80
0 84 74
0 0 32
0 61 79
15 0 0
102 9 5
0 0 46
16 0 121
0 46 0
0 0 7
0 0 0
102 0 28
0 102 104
106 0 0
33 22 0
0 95 0
0 0 101
26 0 91
75 78 0
0 0 0
60 10 0
0 0 0
0 90 0
0 0 0
0 0 88
0 0 0
0 83 0
12 0 0
0 0 0
0 0 0
17 0 84
0 107 0
111 0 0
0 38 42
50 52 0
0 0 54
98 9 0
0 27 0
0 0 71
55 91 42
0 2 0
0 16 105
70 0 31
0 0 0
0 0 0
116 105 0
82 0 0
0 103 0
113 0 0
0 0 75
0 11 41
0 58 35
9 0 0
98 15 0
55 66 74
0 0 0
0 41 25
45 0 2
30 0 44
50 0 75
11 0 0
73 57 78
0 0 82
0 0 18
97 0 11
0 116 117
62 47 0
0 74 0
0 11 0
0 0 0
0 74 13
0 0 0
0 98 49
116 0 119
9 77 0
0 64 70
121 0 0
0 64 0
17 0 0
0 64 0
8 0 45
52 21 0
0 0 35
104 0 47
27 93 85
0 9 0
43 0 0
40 0 11
101 44 0
0 0 0
0 66 55
80 24 95
0 112 0
0 108 52
55 86 0
11 0 0
0 88 82
0 120 46
115 36 0
11 16 74
0 37 2
0 71 117
118 7 0
61 0 56
105 0 67
86 0 41
0 0 77
71 22 0
93 0 0
0 0 0
26 0 0
0 0 6
78 0 73
103 0 26
120 116 37
41 95 55
0 59 97
0 0 92
0 0 105
110 0 0
0 0 0
0 90 0
0 54 5
102 0 0
0 0 0
78 0 0
0 0 0
44 9 22
0 80 47
0 0 69
0 100 84
0 0 59
0 0 0
100 102 62
18 36 14
84 113 112
120 0 99
7 0 0
63 79 0
93 0 0
0 0 94
0 49 0
0 0 4
5 22 21
0 0 62
17 2 93
0 0 15
21 14 0
0 28 5
0 40 0
0 0 0
0 0 0
0 68 101
0 0 8
65 0 0
109 0 72
45 11 20
74 0 0
0 81 97
10 50 0
0 118 94
7 0 0
45 11 62
96 0 73
0 104 57
0 0 0
0 0 0
0 0 0
53 85 115
36 0 0
113 53 8
0 109 75
0 54 52
30 0 0
46 0 0
0 30 0
44 6 54
0 115 0
0 95 63
0 0 0
54 0 0
65 0 0
51 13 0
58 108 18
0 0 0
0 68 0
0 0 0
36 0 104
0 102 0
0 0 0
57 7 115
0 0 0
0 4 0
0 0 0
10 0 0
79 25 31
99 88 102
0 35 0
58 0 48
79 110 5
0 0 0
101 0 82
0 0 75
0 59 57
0 0 0
0 92 0
0 0 0
91 5 0
0 0 0
0 0 111
113 116 0
0 96 105
0 0 0
39 51 0
0 34 0
103 0 120
55 0 114
0 86 0
0 91 0
100 22 88
58 0 46
0 86 0
57 0 113
0 11 0
80 79 0
71 28 72
0 0 4
0 104 0
57 49 41
38 0 0
84 100 80
0 0 121
103 0 0
109 84 119
0 0 102
0 118 84
0 41 109
0 106 30
0 0 0
7 88 106
86 0 0
0 0 0
0 0 97
0 0 0
0 0 0
13 0 27
0 89 0
22 55 37
0 98 48
99 7 29
0 0 60
0 0 0
41 0 0
114 22 108
103 0 106
10 0 14
0 0 0
19 107 0
0 18 63
0 0 0
0 0 0
0 67 0
58 0 84
78 12 0
0 99 89
104 0 0
113 120 0
20 0 103
106 57 56
0 20 120
28 0 4
0 0 17
0 92 0
29 0 118
0 0 0
0 0 95
81 0 0
104 54 115
72 0 0
4 0 0
118 0 77
0 0 0
0 0 0
118 0 110
0 91 0
0 0 0
0 68 0
51 61 96
31 76 96
0 1 0
0 0 50
35 114 0
109 24 0
0 0 26
0 97 0
92 0 0
0 0 32
74 7 9
0 0 0
0 6 0
101 106 0
0 0 0
0 80 0
79 0 0
0 60 0
9 0 0
0 91 0
0 117 56
0 45 0
0 0 93
0 66 0
0 0 0
0 0 0
121 0 118
0 74 0
0 103 63
47 109 0
0 0 0
106 11 0
121 0 47
82 0 0
20 0 49
0 85 0
30 45 76
61 0 0
56 0 56
15 0 88
0 0 0
0 0 24
0 14 0
84 51 0
81 0 49
97 98 34
6 0 94
0 0 81
0 120 0
0 0 0
56 53 25
0 38 59
20 68 0
102 0 17
0 0 33
0 29 0
6 0 10
18 41 0
0 19 30
0 0 121
77 65 0
106 0 61
0 39 76
22 93 60
71 56 37
0 78 82
43 69 0
0 100 10
100 0 0
0 0 0
115 115 39
19 9 0
0 96 2
119 0 70
0 47 0
10 5 0
51 0 0
0 0 0
0 67 0
83 0 83
67 23 0
4 52 0
0 0 22
118 0 0
0 0 0
110 0 64
59 0 9
117 0 0
48 0 0
74 91 10
62 82 86
43 11 0
0 0 0
0 0 44
18 43 77
0 39 0
0 0 94
0 102 110
0 0 0
54 18 77
81 0 0
55 28 3
0 11 0
40 0 111
0 0 28
0 0 0
63 0 64
74 0 0
0 0 0
20 0 0
0 41 0
4 111 108
16 63 0
0 0 119
0 0 74
0 0 0
19 99 0
0 0 0
90 0 9
56 0 0
69 0 0
75 0 0
119 0 98
6 0 72
0 36 109
0 74 31
89 0 0
0 0 89
0 87 0
83 21 0
0 98 68
94 0 11
0 0 0
0 0 0
32 0 0
101 49 38
0 0 101
0 14 0
0 0 0
98 0 0
88 0 0
33 0 0
0 0 43
113 3 0
0 120 120
101 78 24
0 0 0
72 0 0
0 0 0
6 0 0
0 0 0
75 15 92
39 0 22
0 0 0
0 0 0
88 0 120
0 0 74
0 0 0
0 44 0
0 23 3
0 120 0
0 24 106
0 84 75
79 34 0
0 0 0
81 0 55
0 67 41
54 58 0
57 0 90
0 0 88
0 43 44
21 9 0
0 0 113
0 26 0
89 95 43
16 0 31
0 0 0
0 0 43
58 0 0
66 94 112
57 111 42
0 38 96
0 0 0
0 0 22
0 22 0
102 63 0
14 0 0
0 0 0
83 0 27
0 0 0
0 32 5
87 71 6
0 18 0
27 0 63
0 12 3
0 46 0
0 86 74
33 20 66
0 0 79
114 61 11
0 66 0
0 46 0
24 0 0
0 0 4
6 0 34
18 0 119
0 0 0
0 0 26
91 100 33
32 45 78
0 85 31
121 20 0
114 15 0
0 113 114
0 40 0
0 0 0
0 0 0
0 0 111
0 0 0
0 0 42
0 112 0
0 0 0
63 0 93
0 64 0
0 0 53
105 0 47
45 0 111
0 0 0
45 66 0
0 0 0
105 0 0
0 0 0
19 0 22
0 118 121
0 58 113
79 69 12
0 0 0
0 0 0
0 0 0
0 0 104
0 31 92
0 120 115
0 0 0
0 119 0
106 0 0
0 0 21
0 81 6
0 0 0
0 0 34
102 0 0
0 0 53
65 32 0
62 113 0
0 48 85
0 15 0
0 0 0
48 0 6
100 0 0
0 3 0
0 0 91
63 0 0
0 19 0
0 0 5
0 0 0
0 113 59
0 0 0
0 0 54
0 21 111
0 51 0
46 0 47
0 68 0
13 96 5
92 0 0
0 0 0
0 1 0
0 0 0
0 0 27
0 0 0
106 0 0
115 3 0
0 0 0
0 0 54
0 56 0
0 32 22
33 0 0
0 0 30
69 0 0
0 62 41
0 15 0
108 0 75
43 0 0
0 11 113
114 0 18
60 75 0
11 8 0
0 0 46
33 0 0
4 0 37
0 2 0
0 118 80
0 114 0
0 41 0
61 64 14
2 45 87
82 77 0
39 73 0
0 43 0
0 0 12
4 93 0
0 120 0
100 0 0
83 3 0
24 93 16
0 73 0
0 21 94
0 0 0
52 0 17
0 0 100
35 2 0
0 80 18
32 48 6
114 0 0
0 0 0
47 0 0
0 68 83
0 40 15
54 26 0
49 0 55
0 0 0
0 0 0
0 0 24
39 0 68
58 0 69
79 112 65
8 0 41
65 8 7
106 74 0
0 0 0
0 40 110
75 0 40
72 0 69
89 108 0
66 0 0
0 0 0
101 69 117
57 0 116
35 0 0
0 0 43
97 78 0
52 0 18
23 0 0
0 0 0
3 9 0
106 0 0
40 66 0
7 116 109
0 27 84
57 7 25
104 60 0
0 27 0
0 0 0
0 0 77
77 0 0
0 0 0
0 59 0
0 0 4
0 119 0
97 59 0
58 17 42
0 12 0
0 0 0
0 0 68
0 82 0
50 0 112
22 15 101
34 91 18
111 0 0
0 0 0
0 0 0
0 0 0
77 26 0
95 48 0
0 0 27
0 0 22
24 0 0
0 0 22
0 23 89
0 22 0
0 116 0
0 103 110
11 106 113
95 0 0
65 0 0
17 0 0
72 0 0
0 0 104
69 113 0
0 0 85
117 0 0
42 8 0
107 24 0
0 0 38
0 0 48
0 0 51
0 0 84
95 0 0
0 46 0
70 0 0
0 49 24
1 49 0
0 0 0
51 0 0
21 0 0
0 34 0
0 0 72
0 0 0
0 0 13
84 0 89
97 62 19
0 0 79
32 0 0
0 0 64
18 21 0
0 119 0
6 0 0
15 1 0
1 8 87
63 0 79
53 0 0
0 46 0
0 0 73
0 0 0
0 41 0
0 10 0
48 47 84
0 24 40
10 0 0
0 0 83
0 0 0
0 0 0
0 73 0
77 0 0
0 0 88
61 0 18
117 0 67
0 46 46
24 0 0
120 0 0
76 0 0
0 66 0
67 103 0
113 111 11
97 0 61
0 1 0
17 0 0
0 10 47
78 0 13
0 0 0
38 0 107
78 0 0
105 20 0
0 0 87
56 116 0
0 50 6
33 61 0
0 0 0
32 90 0
23 15 79
31 0 0
79 0 39
0 15 0
0 61 6
65 0 0
0 0 109
58 108 0
107 63 41
0 6 74
0 14 0
0 120 94
0 121 99
19 76 0
79 118 21
68 0 0
0 11 96
0 0 94
0 112 99
28 0 62
71 13 62
0 0 117
0 62 0
0 33 117
22 13 101
98 0 115
0 0 0
0 0 0
0 12 0
8 68 96
0 0 0
0 0 0
16 0 0
82 0 0
94 0 78
16 27 0
0 0 19
10 0 0
0 56 56
70 107 0
0 46 90
113 88 0
84 64 77
9 0 0
10 0 0
0 0 41
74 121 45
0 0 0
0 0 0
58 77 0
94 0 0
0 19 0
21 15 0
37 100 0
21 0 66
29 89 68
0 27 0
43 42 0
1 0 99
4 48 119
46 0 11
43 59 0
0 71 0
0 0 23
32 0 0
0 121 25
86 118 0
0 0 0
52 0 0
87 70 0
6 55 33
103 109 80
12 33 0
0 0 0
115 0 0
69 70 0
101 52 0
26 10 76
1 53 51
92 85 73
0 0 30
106 64 0
0 47 111
79 0 0
35 0 0
24 117 38
26 103 53
94 55 19
0 0 2
121 0 55
0 58 0
0 0 117
8 0 0
0 81 0
0 59 0
95 121 114
0 0 0
0 0 93
97 0 0
12 0 91
43 63 79
43 54 42
0 100 0
29 22 0
51 11 112
68 69 0
26 0 35
12 0 88
0 0 56
0 0 42
0 3 34
0 0 0
52 0 0
0 120 0
108 118 0
79 0 0
78 93 112
119 113 112
0 0 24
83 0 19
29 43 0
40 20 121
2 73 0
91 0 0
0 0 0
83 110 89
1 0 77
0 39 99
0 0 0
41 0 0
2 0 0
0 62 87
51 86 112
118 100 19
96 89 0
0 0 0
1 0 0
87 0 0
85 0 54
100 0 34
0 0 0
117 67 2
6 112 0
0 0 101
40 0 45
72 0 29
0 0 1
25 0 53
0 115 0
0 12 0
0 47 0
0 0 105
0 0 58
58 0 18
64 73 106
108 23 67
53 0 0
0 60 55
0 0 1
0 0 0
89 114 0
0 0 70
0 46 73
102 53 0
0 20 0
13 27 0
54 74 46
110 115 97
3 0 109
58 0 0
0 0 85
0 86 12
0 48 0
0 111 0
55 51 0
49 0 0
0 83 68
64 77 20
0 0 26
0 0 104
79 117 0
0 29 0
0 0 0
0 14 0
115 0 45
0 0 97
0 0 110
29 0 0
0 0 28
0 0 0
0 0 0
0 0 0
46 0 0
0 8 0
0 85 0
47 74 0
0 0 87
0 17 0
0 0 0
79 0 56
0 51 48
56 33 93
0 41 82
116 100 0
0 0 63
0 63 64
113 0 121
51 0 0
102 109 100
17 52 50
37 92 40
0 0 47
99 0 46
63 0 0
0 1 0
86 0 0
1 64 66
24 0 52
0 0 91
0 0 0
96 57 0
0 0 56
121 0 0
0 0 0
0 0 0
44 107 107
70 100 15
0 117 0
0 24 0
0 0 0
68 107 0
0 89 1
40 0 0
84 1 0
59 86 39
0 0 36
70 90 0
45 70 97
0 31 71
0 80 0
0 0 120
26 86 98
84 0 0
0 0 0
24 22 51
0 68 0
95 51 0
0 0 80
0 75 82
21 0 58
0 13 0
0 0 55
81 0 0
51 0 34
0 0 0
0 0 39
12 100 0
44 0 0
49 120 0
15 114 0
0 91 0
26 96 62
35 0 105
30 28 39
44 0 63
72 0 96
91 0 0
0 55 61
0 3 69
0 103 49
0 75 0
23 79 114
0 0 5
11 0 0
80 71 0
102 81 86
99 73 0
54 102 0
52 0 42
0 0 103
0 0 0
72 31 3
0 0 0
0 100 121
112 0 0
0 51 0
0 0 0
0 0 0
0 0 76
9 34 6
0 0 29
44 0 10
0 111 0
0 72 58
65 97 0
0 0 95
0 3 26
91 0 120
33 12 0
0 0 0
79 116 36
0 0 0
7 0 59
51 0 6
114 0 0
6 89 0
0 0 82
78 0 0
60 0 1
53 0 0
0 0 0
6 10 52
0 0 0
44 0 0
116 0 0
21 0 42
119 116 74
64 51 0
58 95 63
0 0 111
0 0 86
0 24 0
0 0 0
0 0 54
0 18 24
36 0 111
0 0 0
0 24 0
0 0 29
54 0 40
120 13 91
3 0 50
0 54 0
0 0 69
0 0 0
8 71 0
50 15 51
5 73 45
108 0 0
0 0 111
93 106 78
0 0 121
0 0 0
64 93 4
60 0 0
0 44 0
14 100 21
107 0 39
77 33 107
114 0 64
67 0 37
86 118 0
0 72 47
0 0 0
0 0 0
0 93 65
0 0 95
1 1 17
0 63 0
0 100 0
61 21 0
64 0 4
90 76 107
72 13 26
0 118 9
3 0 22
85 62 0
100 0 0
0 26 0
0 2 0
0 0 0
0 0 0
0 64 0
0 16 83
0 39 64
109 0 68
82 0 0
0 0 75
0 96 30
66 34 0
9 116 32
0 0 83
0 0 32
0 90 84
77 0 62
92 101 76
75 0 0
0 4 0
21 0 39
34 44 35
0 110 23
79 63 0
0 71 75
61 0 0
0 0 0
56 97 0
117 8 0
28 75 83
35 121 0
0 0 0
0 43 97
71 55 86
93 14 94
114 0 0
11 32 0
0 76 41
0 0 27
0 93 78
92 0 0
84 19 0
70 72 63
0 0 18
56 0 0
0 4 0
110 5 103
38 0 0
52 71 0
52 0 97
0 97 116
46 0 59
0 0 0
76 31 77
106 59 82
59 32 62
0 45 0
0 1 27
28 112 0
0 0 72
0 54 0
9 0 0
70 0 93
0 63 0
116 0 0
0 0 0
55 90 0
0 0 0
31 41 90
0 75 88
107 0 58
54 0 0
82 10 0
33 32 0
18 1 0
0 98 0
102 82 0
83 0 0
0 20 0
0 0 0
0 26 13
25 0 0
0 0 21
4 26 16
0 87 14
88 0 0
8 0 0
32 0 0
68 0 72
0 36 26
0 28 94
29 69 51
0 71 66
0 0 58
0 0 0
0 0 0
0 44 0
0 0 0
20 0 22
0 82 0
0 98 105
0 0 0
29 72 0
25 73 56
0 0 0
0 0 0
79 0 0
54 0 0
0 0 0
12 0 1
0 0 0
0 0 109
0 110 0
17 83 88
0 0 8
0 0 0
0 0 0
55 66 107
20 84 37
10 0 80
0 103 23
74 121 0
0 115 0
0 39 63
0 0 67
75 97 21
0 82 0
32 50 67
47 87 0
0 0 0
0 106 0
115 66 0
85 28 0
0 42 48
24 0 0
0 84 0
0 0 0
0 72 0
0 0 0
0 4 0
72 99 0
9 0 0
0 59 12
0 0 0
0 33 0
100 0 1
7 112 62
0 112 0
0 0 0
0 0 0
62 0 100
66 0 0
0 0 0
0 0 43
0 35 0
0 82 2
73 5 0
78 0 0
0 0 0
77 39 0
0 4 103
103 0 0
91 110 0
0 80 101
90 0 0
49 0 14
0 81 0
0 11 60
121 0 50
0 43 0
0 90 10
0 0 84
0 5 11
0 31 40
51 0 0
0 112 62
38 0 0
0 0 0
62 79 0
98 0 16
19 0 89
8 0 20
0 110 0
0 0 0
56 0 25
30 0 11
90 107 0
0 99 77
0 0 38
12 27 59
0 0 26
104 36 38
52 99 0
0 0 57
47 16 0
22 0 118
0 0 0
0 95 0
0 0 24
120 0 0
12 57 42
5 62 0
0 0 0
0 0 50
26 75 0
0 48 0
26 6 94
0 93 27
10 8 0
38 111 0
0 0 0
0 0 0
103 0 0
94 44 0
78 33 88
64 5 108
45 64 0
0 106 0
0 104 0
0 101 0
89 0 2
15 0 97
0 37 0
0 0 0
66 20 0
111 30 0
0 10 40
107 83 57
0 42 0
0 0 5
77 68 14
0 0 0
98 105 11
106 0 0
0 38 1
0 0 0
68 116 61
0 0 0
0 0 0
10 0 0
67 64 33
0 14 120
0 43 103
102 15 0
109 0 22
114 0 0
0 8 12
46 82 53
31 65 90
0 0 0
0 28 0
71 0 51
0 0 82
0 0 65
16 0 27
89 0 0
0 94 0
8 92 0
0 0 10
107 83 0
35 0 0
0 111 79
0 0 0
19 0 91
28 18 0
116 57 0
7 0 8
0 0 29
0 6 0
52 103 18
0 86 84
0 50 0
118 0 0
90 0 0
64 0 0
0 0 73
0 21 63
100 27 33
0 65 69
0 54 39
113 0 76
20 0 12
0 0 85
56 0 69
0 19 0
0 0 117
107 0 53
0 53 113
0 0 0
0 80 0
18 0 108
80 43 76
0 29 69
0 102 56
0 0 0
0 0 0
0 66 0
11 0 36
0 0 108
16 22 67
0 105 0
49 112 0
0 59 0
64 49 81
0 0 31
0 62 41
51 86 82
62 44 0
0 63 54
111 64 0
0 0 0
0 0 0
67 23 0
0 0 0
72 100 0
0 0 0
0 0 56
0 120 20
0 70 34
0 80 12
17 115 120
115 22 1
37 18 0
0 0 0
0 0 0
0 0 0
13 0 49
0 0 0
19 0 0
0 0 0
0 92 0
103 0 76
0 0 0
0 0 0
0 0 0
98 48 0
0 0 114
0 0 0
77 102 0
0 0 57
103 0 108
0 0 66
3 36 0
0 19 0
0 0 0
28 84 0
29 0 0
92 83 0
0 0 10
4 0 0
0 69 0
0 0 0
28 0 77
48 0 0
80 0 53
0 0 66
15 0 0
88 10 0
84 118 0
0 0 100
0 71 8
0 0 72
0 96 0
0 0 0
12 101 117
65 31 0
0 0 38
70 61 102
0 24 0
41 114 70
0 61 35
74 0 38
0 0 26
0 23 78
42 45 0
0 0 0
61 0 99
0 27 31
23 63 83
14 0 0
12 19 0
0 0 82
51 0 98
0 57 0
5 0 0
117 0 0
91 0 0
61 0 0
105 79 0
0 67 62
104 5 86
0 0 60
0 0 99
0 35 61
0 0 0
0 103 16
0 113 0
0 66 0
100 112 0
55 20 47
0 63 35
51 0 0
0 36 71
0 52 115
0 0 16
16 19 112
0 115 0
0 71 76
0 44 77
0 0 40
0 40 61
0 104 26
0 0 117
0 0 0
0 32 117
0 0 29
49 0 0
90 9 118
57 0 118
48 0 30
43 11 0
0 0 58
0 87 0
108 0 0
56 79 71
81 7 88
0 99 0
46 110 0
119 0 0
0 0 73
43 114 0
18 114 0
0 0 50
0 0 80
30 0 0
0 0 0
0 0 109
0 61 0
92 0 44
111 0 40
0 0 68
17 109 105
115 0 0
0 0 63
0 0 46
96 110 0
8 0 0
19 76 0
26 45 63
0 32 0
0 0 0
0 0 75
29 0 0
0 0 0
15 115 11
104 93 0
0 45 88
116 86 103
0 37 27
17 0 0
103 0 95
0 77 89
49 103 0
0 0 0
59 0 117
0 0 0
0 0 0
0 86 0
0 0 21
0 0 0
0 0 117
0 0 0
121 0 0
0 95 74
0 7 0
0 0 116
103 0 8
97 0 24
35 99 0
0 0 24
62 47 52
0 0 8
0 94 0
0 32 80
99 0 84
80 0 97
105 0 1
0 0 96
26 47 58
34 0 0
100 0 17
117 76 0
65 21 55
0 0 0
0 0 0
0 0 0
0 0 5
120 42 0
17 35 0
95 43 79
0 88 0
0 108 25
71 0 0
85 100 27
0 0 0
34 87 25
0 91 89
116 0 0
0 0 0
90 0 36
33 0 0
80 0 0
6 0 114
11 41 9
0 0 60
18 0 0
0 0 0
35 0 0
15 0 0
0 0 37
62 67 0
0 27 0
60 9 0
0 67 78
87 114 0
0 63 23
120 121 38
99 0 0
67 0 86
0 41 67
120 113 0
120 93 65
0 57 0
32 89 0
111 0 0
0 0 120
0 0 0
0 91 0
80 2 0
41 101 38
72 0 25
0 0 0
15 0 12
40 27 59
0 0 0
0 26 0
0 0 0
0 116 73
32 44 99
0 0 0
0 0 1
0 0 0
99 0 26
0 36 29
0 56 0
49 0 0
83 0 0
0 103 25
59 0 0
0 0 48
71 80 0
103 0 39
72 14 14
112 91 96
0 0 0
0 103 41
0 73 53
101 0 96
1 68 0
63 27 11
101 95 24
0 0 0
118 0 0
0 0 22
0 38 89
0 114 0
57 1 0
13 0 0
25 103 109
0 44 95
51 0 0
29 0 0
0 0 58
0 0 63
0 51 41
0 73 0
0 0 0
42 0 98
0 96 17
18 0 0
0 0 36
19 0 1
75 24 120
0 0 50
0 44 0
68 0 71
110 0 49
48 0 0
119 120 51
79 0 0
0 85 0
52 112 0
40 0 0
104 0 0
72 84 0
16 63 0
48 0 46
0 104 0
79 0 76
0 0 0
0 3 0
56 0 0
0 79 0
0 0 29
0 90 68
0 0 117
0 0 0
0 94 3
48 0 92
0 60 0
34 66 0
0 23 57
0 0 41
79 16 83
0 119 34
0 90 118
0 0 0
95 39 0
106 0 90
0 0 0
0 0 0
20 0 68
110 0 0
29 0 73
0 0 0
0 0 107
0 43 0
102 104 15
0 48 0
0 0 22
0 92 108
0 0 12
0 51 98
112 0 0
81 33 0
48 54 0
0 21 0
0 7 0
26 38 0
108 23 0
0 24 5
54 0 0
62 98 0
91 0 60
0 101 0
107 0 0
0 121 0
0 90 0
0 0 0
0 63 0
0 120 62
18 0 0
87 0 108
6 24 0
95 8 1
0 0 0
0 58 96
0 0 0
0 37 56
0 0 23
52 43 0
117 48 18
60 0 31
55 80 0
0 56 0
14 20 0
0 57 0
72 0 10
80 0 0
34 0 70
68 104 0
0 109 76
54 2 54
51 117 0
82 83 87
0 0 0
0 0 87
26 0 0
31 0 23
118 70 51
0 0 0
0 0 32
8 60 40
0 101 0
75 72 21
0 88 65
0 0 47
0 14 0
42 0 0
0 0 0
0 97 34
32 0 107
105 0 0
7 0 0
18 19 85
80 0 26
101 0 109
0 0 77
0 0 47
0 0 0
89 0 98
20 12 82
0 99 0
0 108 26
0 0 27
0 0 64
27 0 89
57 0 0
0 0 0
0 44 53
0 0 0
0 0 34
54 92 9
0 0 0
0 50 0
47 0 9
49 49 0
0 48 117
0 0 100
0 0 117
114 0 105
0 102 14
0 0 15
0 0 84
0 0 0
0 0 77
0 63 80
120 30 0
0 0 0
69 0 0
0 0 35
0 17 0
52 74 0
0 0 44
98 0 0
0 0 66
0 0 0
35 0 0
0 104 0
70 51 38
0 0 73
64 96 0
0 24 118
70 82 118
88 116 86
57 82 0
0 0 9
47 50 0
0 0 71
0 61 106
55 107 0
29 121 0
52 0 72
0 88 0
0 0 104
38 0 47
109 0 25
40 60 0
96 0 0
0 0 0
0 0 0
107 1 0
109 53 32
0 39 0
84 0 0
77 20 0
0 0 0
0 0 113
0 0 2
38 0 0
0 0 0
44 0 0
0 0 0
0 64 68
120 0 33
11 81 60
0 43 111
0 95 0
0 9 120
0 61 0
0 102 0
85 0 0
81 0 8
68 77 0
47 112 18
0 108 0
98 0 106
0 87 0
60 35 23
0 120 0
84 15 0
101 0 120
0 56 0
0 0 0
0 48 8
11 88 51
0 61 15
0 67 0
12 0 47
80 37 99
2 17 42
108 6 0
29 0 104
16 46 0
0 17 0
0 40 0
0 0 0
0 28 23
69 112 66
72 0 0
92 0 95
0 0 0
0 0 0
21 0 38
86 0 0
3 94 0
109 21 52
59 52 74
44 0 0
102 4 0
99 66 63
0 0 0
49 73 0
0 31 0
0 0 100
0 42 50
6 68 55
0 0 0
29 121 5
3 0 0
0 0 0
51 90 76
0 79 32
120 0 0
0 0 0
33 0 91
13 0 59
0 0 69
0 7 7
0 0 0
106 0 0
7 2 0
24 0 99
0 87 62
17 71 0
91 0 75
0 0 0
118 76 0
0 0 54
102 0 0
0 31 66
0 74 2
81 0 36
87 0 52
0 105 0
53 0 94
69 0 61
0 118 57
0 0 59
0 21 0
0 0 0
0 11 107
52 102 24
107 0 0
0 0 53
0 0 0
0 0 66
0 11 0
0 0 32
0 107 49
107 116 99
0 10 0
0 0 29
118 0 0
0 0 108
0 0 0
19 0 0
28 0 39
0 0 60
0 85 0
0 117 0
0 93 91
0 0 67
0 0 0
14 56 100
35 0 99
60 0 80
0 97 24
0 8 0
92 54 0
46 63 0
104 0 108
0 0 0
68 79 108
30 0 0
29 0 79
55 22 0
0 0 68
0 38 0
86 83 103
86 64 0
109 0 113
0 17 32
0 113 120
35 37 121
15 0 34
20 4 0
69 63 0
0 71 0
0 13 0
0 0 0
0 0 7
0 16 0
0 94 0
0 0 0
97 0 111
0 34 73
62 0 0
54 0 0
0 0 0
30 56 0
45 0 0
4 53 85
92 0 46
9 55 0
0 38 25
29 0 0
0 0 0
104 0 40
0 0 110
36 43 56
119 88 0
52 69 0
0 12 14
32 24 65
30 17 0
7 47 75
24 0 18
0 0 0
32 0 0
0 0 0
0 0 0
0 52 75
29 41 9
31 0 17
0 0 118
0 0 0
69 47 114
64 0 0
4 39 52
68 0 0
16 0 0
0 56 42
0 0 119
121 0 6
52 0 10
30 0 0
102 106 0
0 60 0
0 0 116
0 94 0
112 0 40
0 75 104
0 29 43
14 0 117
56 0 0
22 38 108
0 0 7
0 108 65
0 0 82
113 0 0
0 38 112
0 0 0
16 91 0
0 0 4
96 15 0
0 0 10
0 0 0
0 0 0
0 83 0
0 0 0
0 0 0
20 118 0
52 37 0
0 85 103
0 0 52
0 0 111
0 0 0
9 114 0
10 0 0
17 99 90
0 0 33
21 9 0
0 75 0
0 0 0
0 0 37
13 26 0
0 18 0
0 0 15
113 0 71
70 0 0
68 100 0
0 0 0
0 0 0
0 0 117
118 0 0
0 103 66
16 0 0
88 0 49
0 0 0
0 14 0
42 31 0
76 0 47
0 88 0
72 61 0
32 0 0
0 53 0
0 81 59
54 39 0
0 0 0
0 44 2
26 61 0
0 91 0
0 46 42
0 47 0
0 0 36
89 16 0
0 0 0
58 0 78
0 0 73
49 101 0
114 0 0
0 116 45
0 65 74
82 0 80
65 0 64
19 99 65
32 23 4
67 0 46
0 36 0
14 0 0
7 53 0
0 106 48
106 0 45
51 0 78
0 52 0
65 22 85
43 0 0
0 0 0
0 0 21
0 26 16
9 0 101
44 0 0
0 0 115
53 90 12
17 0 0
0 0 0
0 0 112
68 45 0
0 81 0
0 0 0
0 64 54
66 0 40
19 0 0
33 0 0
0 0 82
0 0 62
106 95 0
13 0 0
0 0 81
41 0 0
9 0 0
0 0 59
0 69 0
0 94 103
0 99 0
25 0 25
0 0 107
26 7 0
0 11 0
0 0 83
36 29 39
0 43 0
0 0 42
43 70 11
0 44 0
90 0 0
74 0 87
9 0 61
0 38 0
6 0 25
0 73 0
6 25 40
0 6 0
0 0 84
0 0 0
97 0 25
0 0 0
96 41 0
0 0 111
99 8 3
77 0 0
97 0 0
0 0 75
115 0 25
0 84 116
56 74 108
0 0 0
0 0 119
0 117 106
26 25 28
0 0 70
12 40 0
40 30 0
102 37 0
0 0 0
0 0 3
108 0 0
99 108 29
9 32 55
22 0 0
0 0 118
99 0 84
0 0 0
0 85 0
0 6 0
0 0 78
81 20 45
0 3 50
0 11 87
78 65 78
0 38 0
87 27 0
0 69 63
0 0 38
106 0 88
55 29 33
0 0 0
119 0 18
13 0 76
0 0 0
16 0 118
73 75 119
106 0 89
114 72 86
90 0 8
0 85 0
95 0 0
0 0 0
18 110 0
0 17 0
111 110 0
35 70 3
0 0 0
0 91 0
0 63 8
0 117 13
0 52 0
0 58 0
24 47 0
40 0 0
0 0 19
0 42 8
0 0 45
91 23 0
0 0 15
0 0 85
0 6 0
30 18 0
47 0 0
38 0 0
106 0 63
0 13 6
0 28 74
0 0 0
82 108 0
102 0 91
56 0 104
45 0 0
0 117 0
0 0 0
0 0 50
0 37 14
0 78 81
0 0 0
45 56 0
55 0 118
87 0 32
0 0 0
97 80 0
0 12 15
0 18 0
0 0 0
93 38 0
28 0 114
116 98 0
0 61 66
0 98 0
0 0 1
0 0 121
0 0 0
0 0 0
0 0 0
0 112 34
121 0 6
0 0 0
25 0 3
0 41 0
64 0 108
76 0 0
0 13 120
0 0 0
0 0 0
79 18 0
0 0 116
0 28 0
0 60 0
16 0 26
0 0 54
57 0 0
0 0 0
0 0 0
0 55 55
0 109 0
40 0 56
90 40 21
108 0 0
89 70 112
112 0 109
114 74 118
68 0 5
0 46 0
0 117 23
0 39 0
79 16 0
89 103 0
0 92 69
0 0 0
0 0 0
0 37 0
23 0 0
90 0 49
0 0 0
0 59 100
0 0 46
44 0 0
14 75 20
1 20 0
8 0 0
57 0 0
17 74 103
65 76 0
108 0 0
8 0 0
0 82 5
0 71 7
121 0 42
11 31 0
24 8 17
91 28 4
0 112 0
32 0 0
27 0 99
0 0 0
0 0 0
15 0 0
0 0 0
7 0 0
0 0 11
0 0 0
0 113 0
0 0 70
109 87 90
121 0 102
0 0 120
68 0 24
58 102 114
29 0 4
52 26 77
0 22 0
0 0 9
113 46 0
0 0 64
5 0 0
47 0 0
0 0 93
46 0 0
0 24 0
0 27 0
11 0 0
0 97 0
0 14 6
0 0 0
93 20 0
0 86 52
0 11 0
0 0 0
93 0 7
82 55 20
0 24 108
43 75 114
0 46 0
110 0 10
112 0 51
0 0 72
0 0 0
54 0 35
121 6 0
69 37 30
0 44 27
0 117 0
93 44 0
4 0 49
102 1 0
0 96 56
0 58 0
24 0 0
0 0 100
96 106 82
0 113 3
0 26 0
105 33 13
99 0 0
81 0 0
79 0 0
0 9 0
91 0 90
50 115 9
112 66 73
23 0 80
0 0 0
0 30 0
89 8 0
0 70 90
56 0 0
0 64 110
96 121 0
0 88 0
0 42 0
59 0 41
0 0 0
0 0 75
0 0 0
0 0 0
0 0 0
0 4 0
46 0 0
79 0 99
0 60 8
0 23 0
0 0 0
52 76 0
56 0 0
2 102 0
0 0 57
70 25 68
18 116 107
114 0 92
98 0 42
0 53 0
0 24 0
0 0 0
60 0 0
40 0 99
88 0 0
0 0 38
0 10 0
51 0 0
83 120 0
0 79 98
52 0 0
117 0 0
0 0 57
50 0 0
69 0 91
0 27 14
47 29 34
0 41 0
0 35 0
93 0 0
0 100 0
98 0 10
0 0 40
0 74 0
0 0 110
0 13 2
89 0 0
47 104 0
0 0 0
40 0 18
0 0 115
0 0 3
0 0 67
116 0 0
0 0 77
43 0 0
0 121 116
56 0 91
0 89 85
0 0 37
97 0 71
78 34 23
111 41 0
0 0 0
0 0 22
0 0 88
28 110 0
107 0 0
37 0 0
0 99 11
39 58 28
0 0 0
119 0 0
19 0 19
0 40 121
0 111 0
0 9 111
86 62 78
53 5 57
83 64 0
67 0 45
50 0 0
0 4 0
92 0 29
0 52 94
0 0 26
112 0 0
108 88 0
12 0 0
0 0 117
11 0 75
0 0 0
0 0 88
0 0 17
0 43 70
0 0 0
111 0 0
119 0 31
7 56 5
98 0 42
0 58 79
0 74 0
0 104 5
0 53 0
46 0 8
0 0 0
66 19 0
44 39 51
0 82 0
0 55 62
0 0 0
28 0 72
12 105 39
0 108 8
0 79 0
53 0 57
73 121 0
0 0 47
37 79 0
0 0 0
0 87 50
0 117 92
0 0 49
13 0 66
0 46 38
45 72 1
102 53 35
0 0 56
0 70 0
0 37 0
0 0 51
70 13 0
0 2 71
34 0 0
0 118 15
0 0 0
0 0 0
0 35 24
119 104 0
44 0 0
0 96 0
0 2 0
0 0 71
111 0 71
88 55 96
0 68 0
11 46 0
0 0 0
0 15 34
0 97 0
0 0 51
85 0 0
61 92 106
0 0 33
0 0 76
0 0 0
20 0 91
0 0 114
60 89 0
0 96 9
0 35 17
101 20 78
10 0 0
0 54 0
5 0 65
0 29 0
91 0 39
0 9 107
0 0 92
61 0 0
34 0 80
0 0 0
0 121 0
57 31 0
97 110 73
0 77 0
18 99 0
0 24 31
0 0 0
13 34 0
33 0 89
97 0 0
0 0 0
0 100 0
0 119 107
0 0 8
0 63 74
67 9 19
0 0 0
6 102 97
0 9 0
0 18 0
0 0 0
77 0 0
37 0 0
0 6 10
75 72 0
0 0 0
97 66 95
0 1 111
35 2 92
94 0 29
0 0 4
0 0 0
28 113 0
0 0 0
0 107 52
113 84 0
0 5 0
0 13 0
0 0 85
118 80 1
0 37 0
0 16 0
0 0 0
0 0 117
0 34 0
67 0 0
0 105 107
0 0 76
37 0 56
0 56 0
32 0 0
0 90 0
58 51 0
0 53 0
49 0 0
37 0 30
34 0 0
0 0 59
0 0 0
48 31 112
0 120 60
0 107 0
76 79 52
0 0 0
0 0 0
76 0 39
116 36 76
0 100 62
0 0 56
0 108 0
114 0 112
90 40 54
78 0 111
94 0 81
27 0 0
0 112 0
0 60 0
112 0 115
0 0 0
0 17 5
22 0 51
95 0 80
96 0 0
0 99 41
94 0 0
83 0 61
90 85 85
0 0 0
37 0 62
2 0 0
4 0 0
74 86 0
86 0 79
0 1 0
1 0 0
11 0 0
0 118 0
0 89 0
0 4 0
30 0 75
48 0 6
0 0 0
0 0 7
81 0 121
84 0 16
0 0 95
115 0 0
0 97 0
0 37 0
0 0 86
94 0 0
8 65 0
0 118 0
54 75 120
74 94 24
0 0 34
97 0 24
0 0 0
0 109 0
0 86 0
0 0 0
28 0 0
0 13 3
42 5 0
0 0 0
0 0 0
95 0 0
15 20 0
45 0 0
0 62 35
49 8 0
6 0 0
48 84 81
32 78 0
8 0 0
0 0 0
80 67 0
0 0 104
0 0 0
83 99 45
0 0 108
114 35 108
121 100 106
0 0 86
0 0 0
2 0 104
55 0 50
84 14 0
28 115 64
0 0 0
0 120 0
0 0 93
89 0 62
79 109 0
58 0 8
83 75 78
63 0 1
10 0 88
96 22 0
81 0 69
46 18 0
0 0 33
0 0 6
70 0 3
0 0 88
0 119 30
94 5 73
11 47 0
16 103 0
105 0 0
0 0 0
7 89 0
60 18 37
0 4 118
93 113 0
0 104 99
108 0 81
0 59 37
0 0 88
72 0 17
0 0 0
105 0 61
80 0 0
8 21 0
23 0 119
0 0 67
76 0 99
60 83 0
0 86 0
108 0 68
40 0 118
9 31 0
115 27 118
0 0 71
89 103 18
71 107 44
0 0 39
87 49 10
0 27 89
112 0 7
68 33 0
13 46 45
0 0 0
37 0 48
30 0 1
0 0 75
57 0 0
71 65 81
3 53 0
0 0 100
82 0 0
51 0 75
0 99 0
66 0 2
0 15 116
0 27 6
108 106 0
4 0 118
68 0 0
0 0 0
0 0 56
18 39 86
7 80 0
16 0 0
82 0 87
0 0 26
0 0 24
0 40 0
0 0 0
58 0 0
0 112 29
0 0 70
0 35 3
0 0 0
0 0 68
0 33 53
77 0 0
0 0 29
0 73 0
0 68 113
0 0 0
3 100 55
0 0 0
118 110 17
0 0 15
0 0 0
34 84 29
73 93 13
28 0 55
0 0 0
0 0 106
0 77 58
0 32 0
63 33 0
50 33 0
81 89 0
34 116 72
17 0 49
1 0 0
0 82 0
0 0 0
94 0 106
4 85 69
65 118 0
42 32 46
37 0 72
40 0 97
0 0 100
0 0 47
59 73 0
22 0 0
0 91 0
0 69 115
73 76 108
74 2 90
0 72 49
0 72 26
0 0 0
0 0 59
30 80 51
106 47 85
33 0 42
41 103 0
0 40 0
0 67 0
24 0 0
0 65 87
41 32 0
74 0 0
0 0 103
97 78 0
88 107 0
72 4 0
1 56 0
0 80 35
57 0 0
0 0 0
0 87 0
26 1 0
0 64 0
9 0 8
0 0 79
49 16 0
107 20 20
52 0 0
102 0 47
0 19 0
0 0 21
0 48 86
99 0 93
0 60 94
0 0 64
43 77 114
55 0 80
0 0 99
0 0 74
0 0 45
0 49 12
64 105 0
120 73 0
93 58 0
0 0 105
102 0 86
23 0 0
24 5 0
0 0 50
0 0 0
100 81 0
89 118 0
81 0 0
35 40 52
0 110 5
0 58 0
80 0 5
0 0 0
103 42 58
0 38 105
0 74 0
56 58 47
0 0 0
0 0 86
62 0 0
87 20 0
121 0 93
89 91 0
36 0 58
0 0 56
0 0 74
0 0 0
112 0 61
19 0 0
0 46 0
0 20 0
0 116 0
0 70 111
108 99 0
0 0 52
0 0 112
69 0 73
20 61 0
87 0 0
52 0 102
5 56 0
0 36 0
26 0 21
80 0 0
65 75 46
110 0 0
0 0 0
0 102 0
112 0 0
0 107 10
0 53 0
0 0 34
0 0 64
53 0 0
0 49 0
0 0 0
0 0 84
0 103 30
0 0 0
66 0 0
10 108 0
117 33 114
0 3 0
0 64 0
69 23 1
0 19 99
0 0 72
56 83 52
0 0 20
0 0 0
0 0 0
0 0 39
24 14 0
76 59 62
107 0 0
69 0 57
58 0 118
112 54 0
0 117 0
41 0 54
0 30 13
104 98 78
55 99 0
0 96 29
31 0 0
0 0 27
0 0 0
4 0 103
0 0 31
0 37 0
0 0 0
0 0 69
112 93 54
0 19 27
82 0 0
111 116 0
0 38 0
55 0 4
36 22 0
0 49 0
75 71 56
8 27 0
15 64 0
0 0 107
11 0 0
0 0 0
12 66 0
0 0 67
0 0 0
0 0 98
5 64 0
0 50 38
75 18 82
0 2 107
0 14 22
85 5 0
79 0 0
11 31 14
0 0 0
0 38 0
0 0 36
75 0 0
72 0 114
3 121 0
0 0 0
110 0 79
39 15 0
1 106 58
76 0 0
83 100 42
0 0 0
48 31 23
0 96 1
10 0 0
0 0 63
95 33 84
76 85 0
0 0 77
72 58 36
0 0 0
3 62 0
0 107 0
0 93 43
76 46 0
0 112 100
0 97 34
106 0 0
0 98 0
0 109 68
0 0 0
82 42 0
108 112 43
0 0 0
85 0 0
0 40 108
0 0 0
92 54 0
0 10 0
46 0 0
21 39 115
1 71 0
0 0 23
0 0 25
0 0 27
97 42 0
82 0 59
0 0 0
75 0 21
74 0 38
55 0 57
0 84 108
0 85 3
0 9 0
103 7 59
14 0 104
0 106 0
58 0 0
0 0 0
37 120 3
0 101 0
0 11 116
0 42 0
0 0 0
54 50 0
83 116 0
0 0 23
0 0 0
88 0 114
0 99 0
60 0 0
6 0 35
0 0 0
0 9 0
91 102 89
0 0 0
9 0 0
42 0 39
0 0 51
57 43 0
79 56 73
0 107 89
121 48 0
0 0 95
112 44 0
0 0 57
0 107 87
66 99 0
0 0 119
0 14 0
75 0 81
0 0 17
0 0 110
108 0 40
120 56 9
87 0 46
44 0 0
0 0 76
79 0 106
96 0 0
0 27 0
61 0 0
0 6 24
20 0 0
0 0 0
48 11 104
0 0 0
0 0 77
68 0 0
0 0 0
0 0 0
45 0 1
19 0 74
0 120 82
0 0 0
99 95 0
0 12 0
95 0 14
0 0 0
0 0 15
0 0 0
0 0 0
62 0 97
0 63 0
0 0 22
0 94 0
0 0 0
4 79 89
0 0 0
16 0 116
0 100 79
48 0 2
114 0 68
0 99 0
0 53 15
7 12 32
93 29 0
0 0 0
0 83 32
0 69 89
52 0 120
0 0 0
0 8 33
85 116 118
0 0 86
34 0 0
0 98 0
0 8 0
0 0 0
0 0 71
0 0 110
78 0 0
110 0 0
0 0 0
55 91 32
25 0 0
0 0 4
109 0 0
81 0 0
55 0 102
0 26 0
0 20 0
108 30 17
69 0 79
0 93 0
0 25 0
0 0 0
0 33 112
69 0 8
0 0 0
34 106 49
80 84 0
0 111 22
62 36 39
50 0 20
0 45 0
0 0 102
84 99 0
87 6 0
18 0 63
76 12 21
0 3 105
0 70 54
0 0 117
30 55 0
55 0 68
0 51 4
0 0 50
0 98 0
81 121 27
0 0 0
37 0 26
0 0 57
26 100 28
64 88 0
0 0 99
41 43 0
0 0 17
0 0 94
0 100 42
55 0 0
2 0 20
0 0 51
3 91 0
0 0 118
0 0 0
0 120 0
7 0 86
0 65 0
117 56 0
45 0 85
112 65 110
111 0 0
0 38 0
92 16 48
14 117 0
99 0 110
18 49 0
52 3 0
0 7 0
0 107 0
39 79 75
0 0 37
0 42 34
116 111 26
10 44 35
3 0 0
6 0 56
0 110 0
0 24 43
0 79 117
67 0 28
113 87 0
5 55 82
0 107 106
0 63 54
0 57 7
52 18 14
95 0 0
0 0 102
0 92 0
0 0 75
42 0 0
0 108 0
119 0 0
0 20 0
0 0 0
0 0 46
115 6 0
0 4 0
0 65 0
0 38 6
111 43 0
40 62 78
0 36 0
88 0 50
0 0 0
0 94 93
0 0 0
0 64 51
33 0 0
108 44 0
88 0 43
0 106 69
80 0 0
68 80 0
108 0 0
78 0 46
0 25 43
0 64 0
114 0 4
63 45 109
0 0 0
86 99 99
38 92 0
66 65 114
0 0 0
0 0 0
0 0 43
0 99 13
101 0 0
10 39 0
63 0 81
0 0 0
117 0 58
5 0 70
0 0 57
36 20 0
0 57 0
29 26 0
54 80 0
76 45 15
42 41 0
0 56 0
68 0 99
0 0 0
0 57 0
58 111 0
23 2 73
114 0 0
0 3 55
44 0 12
0 0 0
56 63 0
0 115 0
77 0 110
0 76 0
9 0 0
12 85 105
0 0 0
4 0 3
44 0 64
66 93 99
0 45 102
94 0 39
5 27 15
71 119 0
61 0 94
0 97 0
0 0 0
18 106 120
0 0 64
12 0 21
0 0 120
0 0 62
0 9 0
120 0 0
96 86 0
0 0 0
14 72 31
0 120 0
51 31 0
0 0 0
0 1 0
0 0 36
0 0 0
41 0 0
40 77 0
0 0 23
0 84 0
0 0 0
0 0 0
0 57 0
0 50 0
0 0 101
0 63 0
0 44 9
89 65 0
107 0 7
84 0 0
0 109 0
0 0 0
89 0 3
73 0 0
0 0 69
93 100 0
0 100 1
103 112 0
0 62 0
0 21 0
39 0 24
41 0 0
0 0 57
57 76 0
0 31 49
118 0 0
116 0 106
32 10 0
0 0 0
0 6 0
0 0 86
25 0 0
0 102 39
87 37 0
22 0 41
0 0 58
117 97 0
46 32 21
0 0 15
112 0 0
0 0 116
36 56 0
86 0 98
49 0 0
93 0 0
0 79 119
42 121 0
0 0 35
32 65 0
10 0 3
21 22 1
25 0 59
69 18 0
6 0 0
0 0 0
0 0 0
0 47 0
0 87 18
26 0 0
0 53 0
11 0 9
66 0 0
0 98 0
88 51 37
0 58 0
0 0 27
96 86 48
106 0 80
2 0 0
0 0 44
32 24 70
40 43 0
0 0 76
0 0 114
65 27 0
0 13 50
39 0 113
0 45 0
89 0 0
7 100 0
0 6 0
92 0 88
45 120 28
0 103 51
15 112 84
0 59 99
43 0 0
0 51 0
119 0 102
10 0 0
0 111 21
0 0 0
0 44 100
98 0 0
0 0 63
0 30 0
37 2 0
25 45 0
37 0 0
0 87 77
0 54 118
0 0 109
0 62 85
0 30 0
0 0 117
29 33 0
0 103 0
99 0 88
5 0 0
12 42 0
25 0 0
74 62 0
0 87 0
48 21 71
50 0 0
0 50 0
0 118 0
0 66 51
93 0 65
0 68 0
112 83 46
0 0 0
55 69 0
107 0 0
14 94 0
81 119 0
0 28 92
59 0 0
0 25 19
73 43 0
0 0 0
0 0 48
114 0 98
26 0 0
0 116 76
0 18 73
19 0 91
0 44 0
0 41 0
0 0 0
0 0 0
0 85 0
0 0 86
0 15 13
42 30 0
0 0 0
0 0 0
0 0 3
39 0 0
43 35 0
110 0 0
0 83 110
0 0 32
26 37 0
23 90 19
0 0 31
1 96 9
17 0 0
0 114 24
38 0 0
0 0 17
63 6 0
0 43 25
0 0 0
0 0 0
0 88 71
47 59 38
95 0 0
112 0 78
58 2 0
119 104 0
58 0 0
0 65 0
0 0 0
0 79 0
58 0 76
99 0 34
0 33 0
41 0 0
109 0 30
0 59 20
107 0 0
0 0 13
95 0 57
50 9 97
0 100 111
50 0 0
0 94 57
0 18 0
0 0 0
0 41 78
0 0 2
0 101 39
52 0 0
12 0 0
0 0 98
0 0 25
118 0 0
0 78 0
0 0 105
0 21 0
1 0 11
0 23 112
8 0 0
0 0 0
0 0 0
56 0 90
0 60 55
121 91 0
0 119 0
0 92 69
0 0 18
100 2 0
28 0 0
121 41 0
0 10 0
53 0 0
0 96 4
96 0 86
31 47 76
80 0 93
97 0 46
114 40 61
0 18 66
98 0 73
0 100 0
0 0 0
102 0 5
0 78 0
109 119 1
0 0 42
0 97 116
24 0 0
76 0 49
0 0 0
5 0 0
31 0 0
0 36 9
64 0 0
64 0 0
0 0 0
0 0 0
0 0 0
25 1 0
110 40 90
36 0 59
102 0 0
99 54 108
45 6 0
27 72 21
23 0 0
0 8 63
18 0 0
65 108 0
100 42 0
0 0 90
63 0 0
109 0 98
0 34 0
1 0 110
58 37 118
0 0 0
0 35 0
46 20 0
15 118 98
79 0 15
0 0 0
0 0 0
32 0 103
101 121 3
37 0 0
101 30 0
0 84 116
32 0 67
0 63 0
0 0 0
63 0 40
0 76 75
0 0 3
90 88 56
69 0 0
103 101 48
0 0 0
0 50 0
55 105 74
38 86 79
59 118 38
0 0 0
0 23 68
95 85 0
119 30 0
5 13 15
27 0 0
29 0 0
64 0 109
102 0 0
0 76 0
41 0 54
0 53 96
56 0 18
26 63 71
77 42 0
0 108 0
0 105 0
0 0 8
15 33 0
110 0 80
0 0 67
71 0 0
0 3 0
78 51 46
108 0 23
0 65 0
56 0 59
0 56 33
42 0 0
0 0 90
0 0 0
0 114 29
0 63 80
0 23 83
83 19 69
0 26 105
26 0 0
0 70 44
0 3 0
56 0 0
77 0 53
0 0 0
0 19 0
0 0 0
0 17 82
0 108 46
37 0 0
84 0 0
0 15 15
0 0 0
0 33 0
0 0 0
86 84 87
0 0 43
0 0 58
85 0 0
59 0 0
42 0 0
0 88 0
0 0 0
0 0 65
0 93 0
96 64 0
0 116 0
0 0 55
24 0 8
0 0 0
53 0 70
79 0 0
81 0 88
16 0 0
51 52 15
96 4 67
112 31 78
97 115 0
104 112 37
0 0 45
0 27 6
41 58 76
57 0 0
23 73 40
0 0 0
0 0 8
0 0 0
58 77 80
0 59 106
0 0 0
59 0 115
118 0 0
0 38 0
91 0 110
0 0 35
0 0 22
49 98 79
0 109 74
2 0 47
0 5 6
1 53 67
47 119 121
54 0 0
0 116 28
20 0 32
61 0 0
59 14 0
113 119 0
0 28 0
0 0 65
0 11 0
11 0 2
25 12 0
0 68 29
86 94 13
0 0 13
0 0 0
82 0 113
0 0 12
0 0 0
0 111 0
0 22 0
0 91 0
0 41 1
121 0 0
120 26 0
65 0 110
0 0 79
34 45 67
21 0 24
0 60 0
0 0 0
0 88 0
58 39 5
0 0 0
0 0 13
0 12 17
64 110 0
0 0 92
13 0 0
16 0 19
16 78 0
26 0 0
0 48 0
0 0 70
0 0 0
57 31 0
61 106 29
118 0 58
0 113 0
0 64 85
73 0 2
84 80 0
83 0 47
39 0 0
0 36 0
0 35 49
0 110 13
0 0 0
87 0 0
106 0 13
37 74 0
0 0 0
0 30 15
79 0 31
110 0 0
2 0 117
23 30 0
0 0 11
41 0 0
0 76 0
0 0 0
40 0 115
82 28 13
109 0 0
9 0 42
31 4 49
15 0 4
78 48 0
60 0 42
0 52 36
27 0 0
0 89 0
109 45 0
0 59 0
0 115 69
78 0 0
0 59 0
0 109 0
0 50 0
0 17 11
0 1 0
96 30 31
29 53 0
36 5 11
53 0 36
30 0 0
114 0 24
0 78 102
0 0 84
110 0 0
0 0 110
0 14 63
0 0 96
13 98 0
0 0 0
50 0 0
67 77 16
114 0 74
0 93 0
0 0 66
29 0 98
0 0 87
53 0 79
0 0 91
0 74 48
0 0 97
23 61 90
71 27 0
29 98 81
120 0 0
51 48 40
0 69 0
121 112 0
90 32 0
0 66 118
0 0 3
0 81 0
0 0 0
0 25 34
0 0 0
0 0 14
0 0 0
0 0 78
0 34 99
0 55 74
0 0 36
55 0 90
0 0 95
0 0 0
0 0 0
98 26 32
0 15 0
0 0 54
68 61 74
59 0 0
84 0 0
0 0 0
37 0 58
53 0 11
0 0 0
98 40 0
114 12 3
0 9 118
99 54 113
101 90 38
43 16 0
12 2 0
0 74 40
0 97 100
78 0 0
42 56 40
97 94 33
0 93 0
105 0 81
74 0 0
0 0 48
0 55 0
38 4 54
0 0 18
120 35 49
52 26 0
0 0 85
0 0 0
0 108 0
101 0 36
0 93 15
23 0 0
0 61 51
94 0 13
63 0 121
36 74 0
45 0 0
38 94 0
0 99 19
0 111 0
54 0 82
83 0 0
66 0 0
0 105 87
22 0 0
0 0 0
0 0 0
0 0 3
0 76 40
0 0 0
0 107 0
0 52 0
107 38 120
30 97 0
1 0 12
1 0 48
0 0 113
0 115 44
41 61 117
0 0 0
0 111 11
91 5 0
0 0 75
0 89 120
77 42 54
0 0 47
0 0 0
25 75 105
48 85 61
7 0 49
89 0 0
105 98 28
0 0 0
0 0 55
31 0 0
0 61 97
0 0 0
0 0 0
112 107 84
0 89 45
20 41 0
17 0 0
18 14 40
117 80 4
0 1 0
100 0 64
0 0 0
73 58 0
0 117 0
0 21 0
62 61 89
0 0 0
56 29 0
104 0 41
38 3 85
0 0 13
0 32 53
51 0 118
19 0 0
47 0 95
42 0 65
81 0 0
96 111 73
89 14 106
0 0 111
0 0 0
0 0 0
0 0 15
0 86 78
0 0 19
0 49 0
0 116 0
7 0 43
41 0 24
0 0 0
0 68 45
74 0 0
95 0 0
60 0 109
113 0 79
0 9 0
0 0 101
0 0 5
37 0 22
0 0 0
118 83 0
0 0 47
0 42 100
99 21 37
101 0 0
31 96 0
0 0 106
38 0 104
94 0 0
36 0 11
31 0 11
4 0 97
87 96 56
0 0 0
0 72 0
0 0 0
0 26 16
89 0 120
0 0 43
0 26 81
0 43 98
71 2 0
0 0 18
10 119 18
83 118 72
0 112 0
0 90 38
1 111 61
0 85 41
0 24 0
0 0 0
6 0 0
0 0 105
0 79 5
37 104 114
108 39 0
65 113 0
0 0 0
27 0 100
32 55 0
100 0 45
106 0 108
49 52 62
0 96 0
0 12 0
68 121 66
59 0 0
0 0 23
0 0 0
15 42 4
0 0 23
113 82 49
76 0 0
100 115 47
0 86 77
0 37 120
0 0 45
0 85 0
0 0 0
0 0 7
0 74 64
120 0 0
0 84 92
75 0 0
0 0 0
0 0 77
0 0 0
44 34 0
0 17 60
50 105 50
0 111 0
0 0 0
0 88 0
0 0 0
0 92 69
0 0 103
0 0 97
0 63 27
22 69 35
50 0 0
27 24 76
59 26 47
0 101 0
0 23 0
59 66 47
68 59 0
0 31 87
118 0 0
0 92 24
0 90 0
21 27 0
0 108 71
55 114 96
113 0 0
104 0 0
78 31 114
102 0 0
0 0 0
0 58 86
0 82 0
86 0 80
21 83 0
6 0 42
92 0 26
0 0 0
0 0 115
78 15 25
0 0 0
99 0 0
0 0 0
0 60 0
116 0 107
25 0 0
0 56 67
0 34 45
0 0 107
0 106 0
41 47 0
0 0 107
0 11 0
40 0 26
15 109 1
0 0 0
0 0 0
0 0 9
0 43 112
1 0 0
99 28 35
17 59 67
0 0 0
0 53 0
0 0 0
19 0 0
0 0 36
58 64 9
0 0 0
31 59 0
7 118 0
0 89 84
48 0 0
0 109 0
86 0 46
75 118 16
7 14 0
0 104 65
36 63 0
79 0 27
28 48 0
42 0 0
1 0 76
97 100 0
0 0 121
0 83 0
42 0 81
0 0 42
59 0 0
15 30 64
72 53 114
42 69 0
18 74 112
65 0 0
25 0 0
38 21 0
60 52 0
0 0 22
16 0 54
107 71 0
86 120 0
0 86 19
0 0 0
0 28 0
116 87 0
90 78 75
0 34 0
59 0 11
60 0 75
33 58 88
10 37 0
0 70 0
0 26 114
0 112 44
57 0 0
1 0 0
84 0 90
51 0 0
0 22 0
96 57 0
115 28 0
12 0 106
121 46 0
40 56 0
14 53 99
0 0 38
118 80 68
57 115 48
115 0 107
0 0 0
0 0 19
20 0 0
0 52 28
0 0 0
72 11 106
0 76 0
111 0 1
0 0 91
0 0 0
0 0 50
1 14 0
0 65 0
77 56 29
16 0 109
0 0 50
0 0 85
49 0 0
0 0 86
0 89 0
0 95 75
1 28 110
52 0 45
0 0 55
0 0 0
0 52 25
23 70 76
0 0 119
0 0 29
0 30 87
0 105 0
0 6 108
0 79 2
0 0 59
7 87 31
8 0 0
0 3 0
0 0 0
0 102 53
0 67 21
0 0 0
65 105 0
9 0 0
70 0 0
0 92 117
0 0 91
0 113 0
6 0 0
0 5 0
94 120 0
4 0 0
69 18 0
0 85 0
0 106 0
64 98 63
67 0 59
42 101 10
0 103 0
0 0 38
117 0 46
105 0 0
13 60 0
0 0 0
0 0 118
0 0 0
96 59 104
90 0 31
101 60 0
0 0 71
27 120 0
50 0 103
0 92 0
0 0 0
0 0 0
53 93 0
0 0 0
0 0 0
24 87 64
74 0 0
91 0 0
3 56 119
0 111 70
0 0 38
19 0 89
30 50 45
27 84 18
0 0 0
34 96 24
0 43 98
10 75 98
8 0 0
0 0 0
110 60 96
82 0 101
0 0 67
0 28 102
0 0 24
0 0 0
65 20 0
0 0 103
58 31 0
0 82 35
83 113 0
4 0 0
0 0 94
84 53 52
0 0 0
37 5 0
0 0 0
0 35 0
0 0 0
116 0 0
82 54 0
61 98 0
53 0 28
0 55 0
30 111 0
104 0 82
0 23 0
24 27 90
0 103 0
100 0 0
0 0 0
0 67 0
29 0 77
0 0 7
4 0 0
87 26 111
0 0 0
0 68 19
0 117 0
0 0 42
72 55 50
110 9 0
15 116 0
52 68 0
107 8 31
101 71 88
112 83 92
76 60 0
1 0 95
66 46 0
76 0 0
67 58 0
13 0 0
0 0 0
37 0 0
0 0 106
54 110 0
59 0 10
0 0 0
0 0 60
103 0 81
0 118 0
1 21 83
82 0 0
0 0 0
0 107 29
50 27 48
0 40 0
91 41 0
86 18 113
47 6 0
118 0 0
12 0 101
69 90 35
55 0 120
87 31 77
0 47 52
0 0 93
0 0 0
0 0 0
75 0 112
65 44 47
82 0 0
89 0 63
0 41 41
38 35 67
0 98 0
104 0 0
0 0 17
28 0 0
15 121 0
62 0 0
0 11 53
75 0 98
0 40 113
4 0 115
0 8 87
31 72 0
0 0 45
0 0 36
112 0 0
0 96 0
107 0 0
0 0 0
9 0 0
52 115 0
0 121 0
84 121 0
19 82 110
74 0 59
0 15 0
81 0 0
105 0 90
9 92 108
47 0 0
0 0 0
0 0 72
113 0 101
0 52 0
110 0 36
0 0 15
0 32 0
0 0 95
0 97 83
5 0 0
0 0 57
0 0 119
7 121 0
40 0 42
93 43 50
44 0 112
0 68 31
63 52 113
0 0 0
53 0 52
16 0 114
36 105 0
89 42 30
106 56 97
97 0 0
55 0 0
0 51 93
0 0 58
76 0 40
0 41 0
0 0 36
121 28 0
0 36 0
81 0 0
100 101 0
41 0 0
0 48 62
98 12 0
17 24 19
0 0 50
85 0 47
65 0 0
120 106 34
4 73 79
0 7 0
44 0 0
67 0 0
0 64 92
0 82 11
0 81 53
0 60 108
0 0 0
83 0 0
0 75 107
0 16 98
62 65 57
0 0 88
0 0 0
0 96 0
0 0 0
0 0 41
101 26 0
69 0 0
81 91 81
106 0 61
87 0 0
37 0 67
77 83 93
0 39 91
6 111 45
15 101 0
0 113 0
0 45 0
31 0 0
0 20 0
71 0 60
71 0 99
70 0 25
64 35 52
118 37 0
0 0 0
43 0 49
113 0 0
103 27 0
0 0 117
0 0 10
88 95 59
79 0 0
103 0 0
28 42 0
0 0 85
29 0 0
81 0 10
119 0 0
0 71 70
3 0 97
0 0 0
0 0 36
54 50 86
64 0 0
71 0 0
0 27 108
1 90 0
0 0 0
54 22 0
104 38 0
0 0 109
0 0 0
0 0 18
64 59 104
34 74 49
4 69 0
48 0 93
0 0 0
67 0 39
0 34 44
11 0 0
29 108 91
46 40 33
0 0 60
0 0 40
0 89 0
0 0 0
81 0 19
0 37 0
4 111 0
78 17 0
96 96 0
45 83 24
82 106 0
0 73 0
14 0 0
107 90 103
0 77 0
1 117 0
0 0 0
0 14 10
0 22 0
0 0 11
33 0 58
27 0 0
0 0 73
12 101 37
0 30 76
92 35 0
0 93 0
0 0 0
0 28 53
115 80 80
0 0 112
0 97 2
0 0 89
70 103 0
0 0 95
0 62 97
0 39 1
0 0 72
5 54 15
57 0 44
0 0 19
28 0 41
0 0 0
105 67 0
0 0 0
0 41 0
90 0 0
0 0 0
19 0 0
0 105 0
19 0 0
0 0 0
0 0 0
0 0 0
103 118 0
120 38 0
0 0 0
0 0 52
0 15 0
86 0 20
80 116 0
0 0 0
0 44 86
0 47 0
0 0 0
32 75 1
0 6 0
0 60 59
27 0 0
32 0 0
28 0 0
0 16 117
0 92 0
0 0 108
6 3 0
91 0 0
53 0 0
28 0 0
3 107 96
0 0 0
93 0 69
0 26 22
43 47 63
