5000
0 0 80
0 0 -4
-45 0 0
73 0 75
-75 -42 -106
70 0 -71
0 33 0
0 0 -78
0 121 0
0 0 -77
0 0 12
0 0 0
0 -14 0
0 0 0
-32 -92 0
0 0 0
0 0 3
-57 -115 0
0 0 -118
0 0 0
0 0 -89
0 -74 0
-105 116 -61
0 0 107
-31 43 -51
0 0 29
-103 0 0
0 55 120
0 0 0
116 -84 -74
40 0 42
0 -55 42
-116 91 0
0 -120 0
-112 89 0
0 0 -23
0 0 0
0 85 -33
86 94 94
0 0 0
91 -107 0
-76 0 96
70 0 0
98 -119 0
45 0 -97
0 0 0
0 -7 0
74 0 -90
0 56 -76
0 0 -65
0 0 0
-86 45 0
-53 0 6
0 0 0
111 -25 0
-105 -19 0
-20 0 0
-96 0 0
0 0 82
0 0 0
0 -5 -10
5 0 0
109 0 0
63 0 0
48 0 0
0 -50 10
56 0 0
68 59 -5
0 52 0
0 37 -73
0 68 0
0 105 19
0 101 0
0 3 0
29 0 0
110 37 60
10 98 0
119 87 0
0 0 103
118 0 0
0 52 0
34 0 0
20 89 36
18 0 0
0 0 0
0 58 90
0 29 57
0 0 10
0 0 0
68 0 0
0 0 0
0 0 0
117 0 65
83 0 83
0 98 0
26 0 33
0 34 55
83 0 0
82 0 7
0 0 24
89 0 0
0 107 114
8 0 0
0 0 27
0 0 3
57 19 0
2 67 116
88 0 0
107 0 0
103 20 30
0 27 0
0 52 114
0 0 111
47 40 19
0 0 107
0 0 0
0 0 0
0 71 40
0 109 77
92 53 0
0 0 0
0 31 74
91 39 109
0 0 0
29 0 0
0 118 47
37 101 0
0 0 91
0 120 87
0 0 0
0 0 4
0 0 0
0 15 47
0 44 34
39 0 0
0 0 110
0 70 75
0 34 0
35 0 46
0 0 0
80 68 22
0 57 0
70 0 0
0 0 62
110 0 0
83 0 0
119 0 27
0 0 0
0 0 103
0 0 38
0 0 0
0 75 32
0 95 53
34 0 68
0 0 0
11 94 39
90 62 120
2 0 0
0 120 0
118 0 111
37 79 112
73 0 22
0 97 0
0 0 51
18 14 43
60 0 0
57 0 57
51 76 0
78 121 0
13 0 51
0 0 0
74 0 104
3 22 0
77 0 0
0 10 0
0 75 82
102 0 76
0 0 100
59 120 37
0 102 113
0 0 0
0 0 56
47 116 72
72 89 0
84 35 0
0 77 0
0 0 0
40 0 30
0 80 114
98 0 77
65 0 0
112 21 57
0 42 0
4 34 69
71 0 26
0 87 55
96 0 0
0 21 0
9 0 0
0 0 95
0 0 48
99 0 17
0 0 0
0 52 0
27 0 90
78 87 0
0 0 0
0 0 13
74 0 52
5 0 0
0 4 0
0 0 0
0 0 0
96 43 71
0 0 0
0 0 0
101 0 0
14 60 57
24 0 16
0 0 0
27 108 0
0 70 0
0 118 56
0 0 0
71 111 83
0 91 0
27 0 0
70 0 0
60 104 62
64 101 57
84 0 102
0 0 0
0 61 0
0 0 0
0 0 42
87 0 53
37 95 0
0 71 99
0 82 0
61 0 0
85 40 0
69 0 27
94 0 67
0 0 0
16 0 37
81 24 0
0 0 0
0 31 43
0 0 0
110 0 0
30 19 27
0 21 0
0 0 6
71 0 69
0 0 0
23 0 0
8 0 115
0 85 50
0 36 8
64 0 47
46 23 65
64 0 0
40 0 0
63 0 0
0 104 2
50 0 96
90 109 0
37 62 111
85 20 0
0 0 0
5 0 0
96 0 102
0 0 0
0 0 77
23 55 0
0 0 19
11 0 0
0 0 0
107 13 0
0 6 0
30 0 54
0 82 105
0 25 0
119 0 109
89 20 0
0 0 20
0 0 0
119 0 67
81 75 0
16 0 33
55 100 0
35 0 1
0 85 2
114 26 63
27 46 0
0 0 0
0 116 0
65 40 29
24 50 55
0 0 108
0 0 109
0 4 39
118 110 81
2 0 6
0 32 104
90 53 26
61 0 0
121 0 94
38 0 93
115 65 0
0 0 0
76 0 27
12 0 55
0 0 0
0 0 0
69 0 61
72 65 23
12 53 55
77 67 54
0 26 21
60 80 0
95 63 0
0 34 110
0 89 75
0 0 87
17 115 59
0 109 0
0 0 0
0 0 0
71 25 20
0 115 58
0 0 0
5 0 105
0 0 118
0 81 17
0 6 79
0 0 74
13 0 0
95 0 0
0 75 0
103 0 84
38 0 0
0 0 0
15 65 111
0 0 84
0 0 0
101 0 69
78 54 2
0 0 33
86 0 29
0 0 0
0 63 25
0 0 0
16 68 0
0 57 0
50 0 0
37 0 61
0 34 0
0 0 117
36 70 0
0 0 0
0 0 0
0 0 0
114 61 23
0 119 0
0 0 0
0 0 0
50 6 0
106 114 0
0 0 14
0 108 103
0 0 121
33 78 94
73 59 0
45 0 59
80 0 0
117 0 79
0 0 105
0 0 0
0 5 0
0 0 0
58 45 0
0 0 66
26 72 0
93 42 0
0 15 0
11 54 0
0 0 0
12 0 6
0 0 0
0 79 18
17 0 0
100 101 0
0 0 103
50 36 0
0 66 0
57 0 0
88 0 3
31 0 29
0 0 0
0 0 0
65 101 0
69 0 3
41 0 0
103 0 72
0 27 16
0 26 42
0 83 0
0 20 23
0 33 0
27 83 0
0 57 0
0 0 67
55 5 107
79 0 0
0 0 117
114 28 0
71 7 110
71 0 0
0 121 30
99 0 68
32 16 109
49 112 0
0 0 0
0 61 0
79 0 28
63 80 3
0 13 0
78 100 70
52 52 2
0 0 79
0 105 36
48 88 49
0 90 0
0 0 0
0 0 0
43 0 0
0 0 0
46 0 95
78 0 0
0 0 114
48 0 105
0 41 46
0 102 0
49 0 34
0 117 0
0 49 0
0 51 64
54 0 111
46 0 93
0 62 0
0 3 0
117 0 0
0 0 0
57 85 112
0 0 0
0 29 75
59 61 54
0 49 0
0 80 32
105 0 0
97 44 0
31 109 0
102 0 0
93 84 0
98 57 0
24 70 80
75 8 0
99 0 0
0 26 109
0 0 98
72 0 0
0 0 0
33 41 12
0 1 86
0 0 50
71 33 0
93 0 0
111 105 3
84 0 0
0 89 75
0 0 47
0 56 0
83 0 84
0 0 25
0 0 88
0 0 0
105 0 107
0 0 86
0 67 18
0 28 0
108 0 0
23 0 0
0 111 0
0 0 0
20 0 0
95 0 0
0 0 96
0 105 89
36 0 0
114 0 0
0 40 0
0 44 115
0 103 0
0 30 0
0 9 83
0 52 107
0 0 78
121 0 0
0 73 77
111 95 93
11 111 9
32 17 0
0 0 0
82 26 0
0 0 0
82 31 0
0 118 105
93 0 13
0 0 20
71 90 77
13 11 49
69 67 120
118 97 2
4 16 99
0 57 112
21 0 88
0 0 15
19 17 32
97 0 8
0 0 89
0 116 0
0 100 79
63 0 121
0 0 118
0 34 0
48 7 0
19 0 0
115 33 0
0 62 0
12 0 0
0 0 0
80 0 49
95 0 0
25 0 0
0 22 77
0 60 0
0 0 63
15 97 0
31 121 0
88 0 0
100 0 0
26 0 47
0 96 0
0 106 93
119 0 54
56 18 28
0 0 2
88 104 0
0 31 0
40 0 11
118 80 34
0 11 0
65 30 120
60 31 101
79 117 0
66 32 84
0 61 0
0 104 0
0 26 0
0 0 0
45 5 99
0 0 99
102 46 59
42 0 47
0 0 0
25 60 40
0 14 0
46 0 0
0 102 97
0 26 0
0 9 0
110 0 0
114 0 0
44 52 0
0 92 0
34 0 103
98 107 9
55 0 0
39 0 0
118 73 0
90 87 13
0 67 82
0 0 0
79 10 0
0 108 0
0 0 0
84 0 0
0 50 0
0 6 0
0 0 0
0 0 0
0 0 0
0 0 22
0 98 90
0 0 0
0 2 0
0 37 0
0 90 35
0 3 50
45 0 77
0 0 47
39 84 0
94 97 0
64 0 0
0 51 70
61 0 54
0 119 43
11 0 87
0 22 85
9 119 0
101 58 0
108 0 0
72 0 14
11 0 3
105 33 111
89 0 107
7 0 6
78 0 0
0 79 0
0 121 0
29 31 0
17 102 0
0 0 54
117 0 109
0 50 0
0 0 101
115 97 100
0 0 67
4 0 0
0 0 103
0 76 0
0 0 114
0 0 10
0 0 0
5 0 14
95 0 94
62 0 0
0 0 0
21 69 46
0 0 44
103 0 0
0 83 0
28 0 2
0 47 0
0 68 1
81 24 0
0 117 0
0 0 0
91 7 0
0 0 0
20 112 0
0 0 61
29 82 65
0 95 0
30 0 63
41 85 0
17 0 0
0 87 79
111 0 7
0 0 8
0 83 0
0 0 107
0 82 0
0 74 0
0 0 0
0 0 0
0 0 10
0 0 7
46 75 0
88 100 0
32 0 81
0 121 0
0 109 87
0 0 0
88 0 0
0 117 0
12 19 0
86 0 96
11 113 0
0 23 64
0 0 2
0 0 49
0 90 0
0 33 13
101 35 36
0 0 0
0 76 0
80 0 118
38 0 95
100 0 0
22 0 0
109 0 15
3 0 89
121 82 69
0 96 0
33 28 0
62 45 97
0 0 0
0 0 0
0 10 89
0 0 0
34 0 35
0 0 0
26 0 0
65 52 109
0 76 0
72 83 0
0 68 0
0 0 26
0 0 51
0 50 42
59 109 0
0 0 76
0 13 51
0 0 0
0 0 0
0 84 94
0 0 0
75 0 5
17 0 0
28 0 113
62 114 0
0 8 0
0 72 0
0 108 0
0 0 28
0 0 0
0 0 111
84 0 39
0 80 0
0 74 0
51 121 7
77 0 0
87 0 42
0 0 0
0 0 42
1 58 76
0 0 0
0 0 0
39 114 60
0 0 31
0 0 52
91 0 24
95 0 0
0 0 0
121 40 57
0 96 65
19 0 85
0 0 0
0 72 70
34 0 0
40 0 118
93 0 0
110 37 96
32 112 19
0 96 0
90 0 40
92 0 59
88 0 94
114 32 116
0 7 91
0 0 90
0 0 0
0 39 0
57 40 0
5 23 0
62 0 71
41 0 0
41 103 22
24 81 94
0 0 0
15 82 110
35 118 0
0 0 0
0 0 0
0 35 40
0 0 0
77 99 0
0 5 0
39 95 100
108 25 103
94 121 0
0 0 24
96 76 0
0 50 0
0 0 48
0 0 0
0 0 0
69 0 0
0 0 32
0 90 35
108 0 0
0 0 0
0 116 0
0 79 76
87 103 0
0 83 0
41 33 101
54 0 20
64 84 0
106 0 0
103 0 0
0 49 67
43 0 0
60 0 70
35 0 43
0 97 91
0 0 0
64 0 26
35 0 0
0 0 114
0 61 63
121 0 0
0 0 0
55 0 0
54 20 10
22 83 44
30 50 1
37 91 0
0 0 0
0 0 97
66 0 42
0 0 29
0 0 46
0 0 0
79 0 0
0 0 0
0 89 0
0 12 0
53 0 0
17 0 0
74 87 18
22 0 0
0 0 119
15 0 0
0 0 110
0 0 54
0 36 61
96 92 0
0 0 49
0 0 95
0 0 0
35 0 0
6 0 83
0 0 66
0 0 64
65 0 24
94 61 97
0 72 12
23 0 0
0 0 31
0 0 13
64 0 0
0 0 37
0 53 42
26 9 0
0 0 16
4 0 51
0 78 0
43 0 119
0 20 0
0 0 0
68 71 20
0 0 0
0 0 0
46 0 0
83 0 0
17 0 0
0 104 0
0 118 0
115 0 47
0 0 46
30 65 29
0 0 54
0 0 70
0 1 0
58 0 106
33 0 0
0 0 0
0 0 48
110 39 18
0 116 38
27 117 0
0 107 0
34 0 0
12 0 70
120 0 35
0 101 118
103 0 0
111 57 0
93 0 0
0 60 103
56 0 0
8 0 101
90 0 0
0 84 47
83 0 27
0 0 99
0 0 82
87 0 27
3 22 0
0 7 0
0 67 0
98 0 0
25 90 0
0 0 13
0 16 95
49 85 58
9 0 0
0 64 0
82 24 82
78 0 0
106 0 0
36 41 0
0 0 53
0 0 77
0 27 0
15 0 72
0 0 91
0 69 0
0 17 80
34 0 99
0 0 114
40 0 51
0 41 0
0 58 0
0 0 0
54 0 15
0 0 0
84 0 85
111 95 101
0 100 0
61 0 0
0 47 47
0 55 6
77 25 53
68 74 0
0 105 52
0 0 0
0 0 0
89 23 4
0 0 9
103 0 71
0 65 30
121 0 45
108 0 37
0 0 0
0 67 0
0 93 86
0 0 65
63 0 111
2 0 94
70 40 0
0 0 0
116 0 0
0 118 76
36 9 0
10 0 119
91 0 0
83 0 34
0 63 6
17 0 0
68 108 37
56 0 50
65 50 0
0 65 0
67 27 0
0 26 89
117 0 0
0 81 0
110 113 0
0 0 0
54 0 78
0 0 103
0 51 0
0 93 57
114 92 97
18 0 98
85 0 0
57 0 0
72 76 0
10 0 0
0 113 75
73 103 0
16 11 0
0 10 0
0 98 0
50 0 0
0 18 0
49 110 6
0 0 119
0 75 0
90 40 0
0 0 95
0 0 101
2 81 117
0 39 0
0 78 0
0 42 82
0 0 0
0 40 22
11 0 0
0 6 0
0 0 0
0 0 74
115 0 57
121 0 0
0 0 0
0 0 0
91 0 43
0 0 51
0 9 0
0 115 82
0 0 53
0 4 117
0 41 0
82 0 0
0 81 0
53 0 11
37 52 0
0 0 0
0 0 3
12 0 2
19 0 22
0 0 0
103 27 75
10 0 0
1 0 0
86 0 0
49 38 0
0 0 119
49 0 0
0 23 67
0 0 0
0 9 0
0 64 47
36 2 0
69 0 11
52 22 0
0 0 0
10 0 82
0 86 108
101 82 91
40 0 27
34 0 38
63 93 79
109 20 107
0 0 56
107 49 68
0 90 0
0 0 0
97 0 52
0 0 63
90 0 0
62 0 0
118 0 121
0 0 0
0 54 112
58 45 17
0 10 0
0 0 101
0 0 0
0 92 94
0 119 0
18 0 27
0 0 0
10 0 65
0 93 62
0 0 0
52 94 0
93 18 0
26 80 0
0 0 0
0 73 59
0 0 62
0 63 0
0 50 72
24 41 80
0 21 0
105 8 116
0 60 0
57 0 47
0 0 0
0 4 43
0 37 112
111 99 0
0 10 1
22 31 0
10 91 97
0 0 67
0 72 6
0 19 89
10 0 111
0 109 118
0 5 30
0 0 106
0 0 120
0 0 93
91 0 0
0 0 37
90 0 118
0 36 49
100 75 11
105 24 83
0 39 0
109 21 0
0 115 0
79 0 0
0 0 0
15 0 0
0 0 115
4 0 52
0 0 51
0 90 73
0 0 0
112 0 0
0 4 0
0 22 0
56 0 70
0 0 0
24 0 0
55 0 6
0 99 0
0 0 1
50 35 0
17 102 99
84 2 0
9 95 88
88 0 0
7 0 0
119 25 0
0 0 0
0 0 0
106 66 0
0 84 92
97 75 78
0 0 93
0 48 0
0 0 119
46 3 103
102 0 0
0 0 0
55 93 0
0 0 34
3 0 0
57 0 0
85 0 17
0 20 94
116 89 46
99 0 0
99 56 3
0 0 101
99 0 0
0 0 0
0 33 0
84 0 119
0 0 85
0 111 0
67 23 0
88 0 0
112 0 61
0 0 99
0 0 46
0 0 62
88 0 77
3 46 34
0 0 30
117 86 6
0 0 0
0 62 0
25 0 31
0 0 69
88 0 0
37 0 0
0 52 0
51 0 103
28 0 56
52 0 36
99 0 0
68 0 9
0 61 0
62 79 0
36 0 0
80 0 118
0 20 0
0 0 28
33 0 0
1 0 0
0 10 0
92 0 58
49 0 0
70 0 0
0 81 86
70 71 0
104 74 0
6 105 0
73 113 0
0 0 72
103 0 0
0 102 0
0 98 113
0 112 0
0 111 0
3 0 0
0 0 64
22 0 0
0 73 50
0 0 47
81 0 0
17 72 0
0 24 0
21 64 14
119 35 4
0 0 30
0 0 0
11 63 18
84 0 80
78 0 0
0 0 67
0 96 100
0 59 2
0 0 72
80 6 0
0 0 0
0 0 0
0 27 10
0 0 0
0 111 0
41 0 0
0 81 0
59 0 32
0 3 0
0 9 0
24 0 0
39 0 0
0 43 84
0 0 0
0 0 67
0 0 0
0 0 0
2 0 104
0 0 109
0 35 0
3 0 25
75 82 0
0 0 0
0 0 85
28 0 58
0 7 51
50 0 0
0 0 0
0 0 81
26 0 106
0 65 0
0 5 0
0 0 0
0 0 0
0 14 62
0 0 0
0 0 121
96 0 119
0 0 105
0 81 59
0 0 0
109 95 9
93 118 0
0 0 0
0 53 0
78 116 93
20 0 0
54 37 42
7 103 11
36 55 0
0 0 84
77 89 105
56 0 47
77 67 26
4 0 57
89 28 0
0 0 0
0 119 0
0 0 27
0 87 0
0 0 0
108 28 32
84 60 57
114 0 0
95 0 91
0 58 74
5 84 0
0 0 86
19 117 0
98 102 0
0 61 89
0 16 58
0 22 0
29 57 65
0 0 8
26 0 67
0 0 22
58 17 0
0 111 0
51 119 0
88 117 31
54 0 104
0 13 0
0 60 27
60 0 0
0 0 0
35 71 106
76 0 63
93 61 89
0 94 0
0 0 47
121 119 0
0 48 0
0 87 112
101 13 0
52 43 0
0 68 81
0 0 0
0 73 0
71 86 0
82 0 0
0 59 10
0 25 3
0 93 0
0 27 59
0 91 0
98 0 0
6 0 50
12 0 0
118 89 109
93 0 68
0 0 115
0 62 0
37 59 85
7 0 95
61 40 0
112 48 60
5 0 25
89 0 65
20 109 41
0 0 0
3 0 119
0 41 116
51 121 0
0 63 0
0 0 34
0 0 0
30 0 43
0 0 52
0 112 0
0 0 0
15 43 0
48 69 0
115 78 96
41 34 64
5 0 0
0 27 82
19 98 0
0 0 0
0 28 105
0 73 0
0 0 2
70 67 83
16 0 0
0 80 0
72 28 0
94 17 8
121 90 0
0 118 4
0 0 121
0 0 0
0 47 43
115 102 0
9 0 0
0 115 119
109 43 60
0 0 0
67 0 0
120 0 31
0 0 0
74 86 30
84 0 0
0 46 0
96 42 0
0 0 0
62 111 88
0 0 37
81 110 0
91 38 115
42 0 0
0 0 0
0 0 0
50 37 79
0 91 0
0 0 4
0 0 52
113 75 0
0 74 0
15 20 0
114 96 0
78 89 0
0 99 73
0 0 3
54 60 0
79 0 0
0 0 0
0 99 116
13 48 34
0 0 0
0 0 0
49 80 52
0 0 36
0 0 0
0 0 82
116 49 0
69 27 0
34 85 13
85 29 29
113 67 87
28 2 47
0 0 108
85 0 42
2 33 43
65 66 119
0 0 0
37 0 0
94 76 59
0 119 95
0 12 0
74 20 0
42 0 0
77 0 0
0 0 0
0 16 0
91 97 109
23 85 0
0 0 0
102 119 31
14 80 0
0 107 0
0 0 0
0 0 21
0 33 24
0 71 17
31 0 3
82 39 64
71 0 0
0 0 0
0 109 0
66 86 0
0 0 83
0 0 0
93 79 111
92 44 0
110 0 0
106 0 29
0 0 28
0 0 0
46 0 0
67 0 0
77 59 52
101 20 0
0 59 90
66 0 0
54 87 0
0 7 2
0 0 57
46 0 11
80 0 86
111 8 82
0 108 54
0 73 0
5 0 57
94 0 0
88 0 0
0 0 120
0 64 1
0 0 0
0 0 0
34 0 109
0 72 102
64 0 90
0 16 74
90 0 33
0 113 1
0 0 51
34 0 0
0 0 0
0 99 0
82 116 32
0 2 0
0 0 0
0 0 84
0 38 0
0 0 0
102 0 3
56 116 4
0 68 53
1 0 0
0 83 0
0 8 0
54 0 0
65 17 64
76 15 73
44 3 0
0 0 81
77 0 86
16 18 27
79 0 0
0 0 98
0 0 0
0 21 59
3 11 53
83 0 5
23 0 8
0 0 117
0 116 0
70 0 3
75 58 0
51 8 97
68 100 68
0 119 99
13 0 103
4 0 0
0 0 0
84 121 104
0 29 0
72 0 6
77 0 112
0 0 0
9 0 0
0 0 0
0 31 0
0 106 71
58 114 61
0 55 0
0 80 11
31 101 23
13 67 0
22 0 26
43 24 0
21 0 108
27 0 73
43 0 121
0 93 3
0 36 0
14 4 0
0 73 0
114 49 78
0 0 24
0 13 78
104 64 32
98 0 36
0 104 0
0 0 92
0 0 0
82 33 119
0 5 0
41 22 117
0 0 60
0 79 92
96 0 6
0 0 0
42 0 34
0 0 61
0 30 92
41 0 0
0 0 6
84 111 58
0 84 65
0 82 92
59 0 50
71 62 0
63 0 0
103 58 0
0 0 0
0 109 13
0 103 0
107 30 0
0 0 0
80 0 0
53 55 0
0 77 0
0 0 0
0 15 0
0 114 0
0 0 0
89 106 0
18 60 0
0 90 0
110 0 0
0 13 18
0 86 0
102 58 0
105 0 4
0 0 0
0 37 0
0 2 120
100 86 36
93 0 0
0 53 0
0 102 0
33 85 0
9 0 75
73 41 120
35 0 0
20 0 0
0 0 0
49 87 0
0 0 0
0 33 0
0 50 0
0 113 13
86 73 56
97 0 41
8 0 0
115 9 0
82 0 0
0 42 120
0 0 0
66 121 19
0 0 0
0 47 0
78 0 108
26 118 0
0 42 0
74 1 18
0 9 24
0 35 0
108 0 119
0 0 117
82 0 4
63 0 0
92 0 91
41 51 0
81 0 0
7 26 37
0 0 80
3 30 21
0 0 36
0 0 44
117 56 0
0 0 0
0 45 0
0 0 0
0 93 118
0 116 114
0 0 0
0 0 106
0 0 0
0 0 98
0 96 0
12 75 0
113 54 0
0 0 6
0 0 0
83 0 0
0 0 92
0 10 113
0 0 108
21 0 0
0 61 0
0 0 107
69 37 17
62 0 0
0 1 0
0 64 0
51 47 57
0 0 0
0 67 116
0 0 83
83 0 0
104 64 0
85 0 0
13 90 0
0 0 0
35 0 0
53 0 40
0 0 22
78 38 0
111 23 0
29 0 0
46 0 0
0 0 11
77 0 107
24 0 97
0 0 73
0 0 0
0 0 23
0 6 42
0 93 0
0 91 0
0 0 0
0 0 0
92 0 0
84 85 0
9 24 0
55 0 37
0 0 0
24 0 0
0 18 81
39 0 0
1 0 54
34 0 83
0 30 0
75 59 0
74 59 0
0 117 71
1 0 30
34 0 28
64 57 0
4 0 0
0 22 0
45 0 112
0 0 42
6 0 0
117 78 0
5 54 64
115 0 0
0 62 0
36 56 44
0 0 0
26 0 105
74 0 0
69 0 89
0 81 8
69 27 0
118 0 0
0 0 120
0 11 109
0 58 7
95 0 90
0 0 0
0 0 0
74 0 0
25 0 90
0 0 0
0 114 0
79 0 27
78 0 110
6 121 0
118 80 0
92 1 0
0 84 0
0 47 113
0 0 0
50 91 116
37 40 84
0 0 0
54 73 24
39 0 0
30 72 0
55 0 104
109 0 2
83 0 0
0 0 52
41 0 15
71 24 0
106 46 115
0 93 93
0 0 0
0 28 36
1 0 0
76 0 0
29 76 78
0 90 55
0 23 86
0 0 61
0 60 0
0 44 0
0 0 0
0 0 0
81 0 0
40 0 5
82 0 0
68 0 0
100 0 0
0 0 84
0 0 0
15 0 0
0 72 0
0 0 0
0 0 48
80 91 18
0 109 0
0 112 0
7 62 0
0 0 0
84 0 0
0 0 1
24 0 4
0 54 71
0 109 0
111 0 0
0 0 0
0 10 68
0 0 0
0 111 0
0 76 0
0 0 118
0 38 0
83 0 93
0 66 104
89 38 3
0 116 0
0 81 0
0 0 0
0 0 112
0 0 0
0 2 0
0 75 0
2 0 47
0 107 64
90 0 118
88 0 0
0 0 89
63 0 0
0 0 23
41 0 0
102 0 54
40 33 8
65 0 0
0 108 21
0 0 0
0 0 29
0 0 0
82 53 89
0 16 0
58 0 87
63 18 101
56 95 0
0 38 6
0 0 0
40 45 27
60 0 37
0 0 48
79 48 66
87 0 92
0 90 83
38 0 0
113 60 43
42 0 0
96 8 113
0 0 83
29 0 0
0 72 0
100 0 0
27 58 0
0 0 0
89 0 80
108 17 100
0 0 27
0 0 0
81 0 0
0 0 0
51 72 0
108 0 0
0 0 84
16 0 61
45 98 0
7 105 0
93 0 60
83 4 33
0 78 0
0 0 110
0 0 0
109 80 62
0 0 0
116 0 0
0 82 18
0 0 53
8 0 0
36 0 0
0 0 29
71 56 68
0 0 0
0 55 100
10 54 0
34 0 0
79 0 77
63 83 13
0 0 0
0 0 64
0 0 0
121 0 0
107 37 0
98 0 0
33 0 0
56 75 4
3 112 0
3 0 113
72 121 96
36 0 0
0 68 67
0 0 0
0 0 13
0 0 88
44 99 25
0 1 52
46 88 0
19 110 8
78 0 0
0 102 106
0 0 114
76 105 118
0 88 0
0 110 0
92 87 88
117 0 73
0 101 0
0 103 0
0 0 72
0 82 0
0 0 44
0 0 0
83 0 108
2 0 0
112 62 17
73 79 0
43 0 0
0 21 112
0 0 81
92 0 0
87 0 0
82 0 96
0 0 63
2 43 0
1 53 0
9 52 79
0 0 28
20 0 75
33 113 66
0 0 0
48 0 0
0 9 0
114 115 0
84 0 0
74 48 0
115 0 0
43 0 0
56 105 0
119 14 83
51 0 80
0 16 0
112 21 53
0 82 0
0 0 109
0 111 37
0 0 62
0 0 0
114 0 1
47 0 0
0 0 70
56 72 0
0 0 72
28 0 0
1 39 30
30 0 25
0 72 51
82 66 111
0 0 59
73 87 38
0 36 51
0 0 70
0 0 120
27 62 0
30 0 0
0 0 52
0 112 0
92 15 0
0 35 0
0 45 67
0 0 0
0 117 0
0 47 85
0 0 118
76 35 7
0 50 0
0 0 0
66 0 0
0 0 0
0 0 0
0 0 50
0 0 104
28 34 79
0 37 38
25 109 0
0 90 0
0 0 5
0 0 30
33 0 0
0 15 45
55 0 38
121 0 82
54 63 111
0 0 100
106 38 30
63 0 13
0 119 0
1 0 0
34 81 106
0 8 43
0 0 15
13 0 0
0 85 61
107 48 20
93 0 66
9 0 0
0 0 0
91 71 0
62 0 96
0 118 0
0 0 0
0 0 0
0 0 27
0 0 29
14 0 0
58 0 72
0 0 90
86 110 59
62 16 0
0 0 0
0 0 0
0 0 0
0 80 40
50 73 0
100 111 0
34 105 0
28 23 12
104 0 0
84 113 37
52 18 8
0 19 0
7 0 0
0 0 0
0 62 0
0 0 107
0 0 0
0 0 53
0 6 12
0 73 0
0 0 0
49 0 0
31 0 34
90 0 1
93 0 0
54 0 79
56 0 75
0 0 113
0 0 0
40 78 0
0 0 0
0 0 0
97 0 0
70 0 57
0 0 0
108 0 0
0 39 110
0 9 0
118 70 101
49 0 69
79 100 103
0 0 87
0 0 0
70 32 0
0 0 0
0 0 24
100 70 0
0 57 0
83 44 0
0 101 0
0 50 0
0 84 0
46 0 0
62 79 34
0 37 0
0 0 0
0 0 53
0 0 0
27 41 27
75 0 49
0 0 0
0 0 0
0 0 48
4 0 39
0 0 105
0 20 0
0 110 0
78 61 114
0 0 0
0 0 0
73 0 0
5 0 94
0 0 76
0 44 21
0 0 74
24 0 29
106 0 0
0 7 0
109 0 0
0 11 0
53 0 58
0 0 0
0 0 44
25 0 55
36 8 87
0 71 61
16 0 0
58 108 108
87 89 25
0 63 0
0 0 25
0 0 0
0 0 94
38 22 104
0 0 31
0 63 0
0 0 0
0 0 42
0 92 47
14 29 0
37 0 0
0 55 19
71 69 79
0 0 0
120 0 95
0 12 0
0 54 43
0 10 0
99 0 0
0 0 63
57 0 0
79 0 59
0 0 75
114 65 116
25 0 79
106 121 65
103 3 0
78 87 0
0 72 56
3 0 115
95 97 0
43 0 0
23 77 0
0 110 83
14 0 29
19 2 0
0 98 84
36 12 0
25 101 0
96 0 0
0 0 0
0 0 0
0 12 0
0 0 60
63 0 0
36 77 0
112 71 0
0 121 0
0 0 0
0 104 0
89 0 0
45 25 56
0 0 0
0 16 106
28 0 0
32 0 0
90 79 100
17 0 0
0 55 25
64 15 0
118 0 0
0 88 0
8 0 58
98 0 0
0 0 0
0 0 72
99 45 0
108 103 0
0 74 98
73 53 88
0 0 53
0 104 22
0 106 80
0 2 74
11 15 0
58 84 93
0 75 0
0 0 21
10 100 6
0 70 0
0 0 48
0 104 0
107 0 44
0 0 0
0 0 0
23 24 41
0 0 2
42 106 65
0 66 0
21 89 0
31 0 0
0 0 0
81 0 59
0 54 0
0 84 102
0 0 27
49 89 0
108 0 0
0 65 26
0 0 0
0 0 62
116 0 100
49 1 0
26 111 89
0 0 0
66 1 37
95 111 110
0 32 49
23 63 8
0 108 0
67 0 54
0 0 0
0 92 0
21 37 52
0 34 47
0 101 0
0 0 106
88 0 112
0 0 0
54 48 0
63 0 29
115 43 0
18 0 0
15 0 98
105 12 0
53 73 6
0 56 34
0 0 45
6 117 60
0 94 62
25 22 0
90 0 65
72 0 42
0 120 121
111 0 0
56 0 95
0 0 113
37 14 66
0 0 0
0 0 53
50 56 32
101 55 0
0 0 38
0 0 0
0 115 67
52 113 0
0 108 11
0 0 48
38 73 29
0 2 76
4 118 101
0 78 52
32 22 0
57 0 0
0 0 26
0 119 1
117 0 84
0 0 0
0 23 0
0 111 0
0 72 0
0 0 68
0 9 0
0 0 47
25 0 121
117 0 0
13 0 112
7 0 0
0 0 0
0 0 31
21 41 98
0 0 77
0 0 101
57 0 66
0 0 12
11 0 101
29 0 0
43 0 0
0 0 0
3 62 69
44 0 0
0 105 58
0 0 73
0 0 0
78 104 0
0 75 0
117 26 0
0 55 0
0 45 0
49 0 0
84 0 112
119 0 0
38 46 0
62 12 0
58 22 114
86 12 0
0 7 12
0 62 111
0 44 0
82 0 0
2 65 59
100 0 0
0 55 29
0 18 54
0 0 0
38 0 37
65 0 0
0 0 0
0 0 0
0 0 0
30 112 0
35 0 0
58 57 69
13 0 0
0 0 19
96 0 0
34 34 0
82 0 16
0 115 0
52 93 0
0 0 114
0 97 88
0 0 94
0 6 20
0 0 71
11 86 0
0 73 53
50 13 53
0 0 0
0 0 1
0 0 4
48 42 118
0 0 65
1 30 0
0 0 104
0 0 65
0 103 0
45 66 32
19 90 121
85 72 0
59 76 0
0 11 102
86 0 0
0 0 36
110 0 0
46 6 0
101 17 67
113 34 58
0 92 54
0 0 38
0 0 40
0 54 84
71 0 13
113 0 0
0 0 0
0 0 0
113 0 20
0 0 42
64 37 0
0 0 94
45 0 0
0 0 27
0 0 48
100 0 44
0 0 39
50 0 0
51 97 0
42 46 89
56 47 16
0 0 26
0 0 0
0 0 15
24 0 0
61 115 70
0 23 0
120 0 0
0 0 78
32 24 0
79 121 99
0 95 0
17 106 96
0 0 0
0 0 50
121 0 0
0 94 102
0 52 90
0 11 116
109 45 0
0 0 0
104 0 0
67 86 81
0 53 0
0 105 3
0 0 104
0 24 0
0 110 0
0 4 0
0 0 96
0 39 68
0 64 0
55 65 19
21 0 31
0 45 9
0 66 0
0 50 0
56 0 0
20 72 1
0 57 65
0 0 42
0 0 0
0 111 102
0 0 46
0 0 22
0 0 33
0 68 71
0 60 0
0 117 80
71 0 0
0 18 0
0 0 0
74 0 0
0 0 0
0 100 0
64 25 0
0 0 29
30 72 0
20 0 97
0 59 0
0 0 40
61 103 0
4 0 19
80 94 0
40 114 119
0 22 45
0 0 111
0 0 0
0 0 119
0 0 59
0 6 0
16 0 0
0 0 0
41 77 103
0 115 0
2 117 0
0 0 93
8 21 0
121 85 0
112 61 46
40 59 28
0 0 2
0 0 93
0 18 0
57 113 0
0 0 0
0 0 0
0 12 102
31 89 0
77 80 82
0 0 86
0 0 0
0 56 0
32 0 0
111 74 96
0 62 100
79 113 76
0 63 0
0 0 0
72 0 0
0 74 0
48 33 95
0 10 89
0 0 0
51 0 97
0 114 27
0 22 0
41 0 0
0 0 104
0 0 0
0 0 0
95 11 68
0 0 92
112 116 0
44 19 0
0 0 108
3 0 0
13 38 40
25 0 0
84 0 0
0 116 118
0 0 0
0 9 0
0 0 39
50 0 84
100 87 114
0 100 104
0 0 74
120 0 0
0 39 0
78 0 26
81 0 0
0 99 0
0 2 0
111 0 0
57 8 99
0 0 0
0 0 0
0 0 4
0 0 0
0 0 0
109 0 0
24 25 0
0 0 0
121 0 108
19 0 112
2 0 0
0 0 58
85 35 0
0 102 0
0 0 65
0 0 58
0 27 0
109 38 0
56 86 75
42 0 0
0 70 63
66 0 39
82 41 0
81 0 0
0 0 0
0 0 8
95 72 86
100 0 0
0 99 72
12 16 61
0 106 0
0 109 0
0 0 54
24 0 39
0 98 94
86 0 0
0 0 17
26 0 0
0 38 0
63 0 6
0 0 28
24 0 0
57 57 0
79 0 0
0 3 52
103 0 83
63 52 0
0 87 99
0 0 0
0 0 0
68 0 0
0 48 0
0 17 0
0 52 6
59 58 37
21 0 77
33 0 4
0 65 0
29 0 0
0 102 61
0 48 0
0 12 0
0 113 93
0 112 62
0 0 0
7 0 0
0 0 0
85 0 0
0 0 0
0 114 0
45 0 75
79 0 50
59 101 55
0 77 0
78 0 75
0 0 0
74 105 21
85 103 0
0 0 0
52 0 83
0 0 82
106 0 0
93 20 56
0 1 49
35 0 0
119 42 88
106 0 0
100 113 69
0 0 0
0 57 0
80 37 0
0 53 119
0 0 0
0 45 0
1 0 0
0 0 75
0 0 0
92 73 0
0 0 0
26 114 110
0 31 0
0 1 0
91 78 52
43 26 0
94 7 0
106 112 28
0 22 0
0 36 0
0 106 88
115 0 0
89 21 0
0 38 63
62 21 112
0 114 38
22 98 0
0 76 99
104 77 0
86 0 0
0 0 0
0 104 0
0 0 0
82 0 0
114 0 91
24 0 34
0 40 7
0 0 0
0 65 0
74 0 76
0 0 12
110 0 23
0 116 12
0 17 0
65 0 97
0 0 34
0 0 8
0 21 0
111 0 0
95 2 1
62 4 87
0 98 59
0 0 0
0 0 0
107 0 5
0 35 38
0 36 0
24 41 78
50 0 0
0 75 118
0 81 0
61 0 63
0 75 52
41 81 0
0 0 84
21 0 0
73 15 7
0 0 102
0 0 0
77 10 0
0 0 13
0 55 68
0 0 2
0 14 34
0 0 0
99 97 76
0 0 0
0 0 62
0 0 0
24 0 0
57 0 67
0 55 0
57 0 0
119 0 92
0 87 0
86 0 0
0 0 0
0 24 53
58 100 105
18 0 0
0 29 22
42 51 21
0 0 0
94 121 0
0 0 0
0 117 114
0 0 94
0 0 108
0 0 94
13 17 38
0 106 0
55 0 82
0 118 0
99 47 72
38 12 22
0 85 0
0 0 107
86 0 0
0 0 0
53 35 0
0 0 28
22 0 0
0 0 0
4 120 40
107 0 27
40 0 0
43 0 0
93 78 27
29 0 0
98 0 0
0 42 0
0 78 7
0 0 0
34 0 49
0 0 0
34 48 0
0 89 0
3 73 0
0 0 0
45 85 27
0 114 0
0 1 0
57 0 0
0 0 74
0 75 0
81 6 0
29 0 61
115 93 0
0 14 0
0 37 0
0 0 22
0 0 0
0 81 93
5 116 0
66 0 31
0 40 13
0 4 117
0 0 0
0 101 40
0 0 14
52 44 0
0 0 92
0 66 0
121 92 47
0 0 90
0 101 91
0 0 0
45 0 0
0 93 0
102 0 40
0 113 0
0 95 76
0 111 0
0 0 0
19 0 0
0 5 4
0 0 67
27 0 0
0 77 70
0 34 0
0 0 0
75 0 72
113 93 0
0 94 73
0 0 0
101 0 0
82 0 0
24 33 0
0 46 5
49 53 55
0 0 113
0 0 0
0 56 0
0 110 90
0 73 0
0 0 0
0 107 80
13 39 112
112 0 94
0 112 0
34 0 0
0 0 117
0 0 0
87 0 0
0 0 119
0 91 0
2 104 44
0 109 89
25 10 7
0 64 0
85 21 11
0 0 0
39 106 0
30 0 0
0 87 112
0 114 6
0 66 17
14 0 18
74 73 0
0 0 31
102 4 0
5 0 12
119 82 41
36 0 0
34 0 10
50 0 64
0 0 0
61 0 0
16 58 118
54 77 0
112 0 0
51 85 25
0 71 0
115 112 0
117 0 59
76 0 86
14 41 0
0 1 25
0 0 0
87 57 45
68 0 109
69 58 95
0 118 96
0 0 6
115 2 0
8 0 75
57 103 1
45 49 97
0 83 3
0 0 22
30 81 0
8 15 0
0 0 0
92 0 0
41 0 68
0 68 11
0 0 0
50 0 0
57 96 62
0 0 86
0 0 80
0 0 0
0 42 57
0 59 42
38 0 51
110 0 0
0 0 59
0 0 0
7 0 53
0 0 0
0 0 0
31 10 78
70 38 0
0 0 86
70 57 17
0 110 95
0 99 0
0 2 7
0 92 0
0 0 78
12 96 0
25 0 0
96 0 51
0 0 0
68 0 0
0 12 37
38 0 0
89 89 0
48 0 65
21 52 0
0 0 80
99 0 16
41 0 0
62 68 99
40 18 0
0 0 80
65 24 69
0 0 0
0 55 76
82 73 0
67 0 0
0 0 121
52 80 49
28 106 98
48 0 34
0 56 0
112 0 2
2 0 95
83 0 0
0 0 0
75 0 0
2 0 14
0 100 17
106 0 70
0 0 23
52 0 16
22 106 42
0 120 108
0 0 0
113 0 0
0 0 0
10 42 0
114 14 35
48 75 0
0 86 0
0 112 0
38 0 105
47 15 86
0 0 53
0 87 0
43 15 55
0 14 98
0 33 0
0 0 0
1 23 49
71 0 0
4 42 0
0 0 113
0 16 0
73 0 0
34 45 91
0 114 0
0 80 0
104 0 60
89 0 0
0 17 104
99 0 60
78 0 0
69 92 0
0 0 11
0 0 0
0 0 29
0 0 71
4 0 66
0 0 0
0 0 55
0 64 0
0 4 51
89 3 0
0 0 77
0 0 37
74 0 0
0 0 0
91 57 55
84 0 39
0 20 0
50 0 96
0 48 102
110 0 0
114 0 121
0 26 0
0 6 0
45 0 62
0 0 71
0 0 40
31 41 78
89 16 0
0 21 0
120 66 0
5 0 0
121 80 42
0 0 0
0 82 0
80 0 65
2 0 62
77 0 0
2 0 17
0 61 117
93 3 100
53 72 73
14 57 56
19 117 13
0 8 0
85 70 0
8 62 75
116 116 0
103 0 0
21 71 0
13 0 114
0 112 101
46 61 33
25 64 64
0 0 15
100 50 23
84 103 66
0 0 68
0 72 0
0 0 0
0 20 0
40 14 0
0 0 0
0 121 0
37 0 22
98 0 0
0 0 113
8 0 104
0 107 104
0 103 0
0 0 0
0 0 71
0 0 86
0 0 0
57 0 6
78 67 0
26 119 58
0 0 0
0 121 0
61 0 0
33 105 75
94 0 108
65 0 0
80 105 0
0 74 65
0 17 0
57 0 0
1 0 0
84 97 0
0 0 7
0 0 17
0 17 0
0 0 0
27 13 0
60 89 0
58 66 114
117 0 0
0 26 65
0 0 0
23 0 16
49 0 0
0 86 97
0 0 74
0 100 0
0 88 0
18 117 60
116 0 0
5 115 0
6 0 22
0 0 0
39 0 96
86 0 0
118 121 105
98 51 0
0 0 0
65 48 72
0 0 0
103 103 63
0 0 36
0 119 89
0 0 0
28 12 112
0 0 0
0 32 104
0 8 0
0 0 0
0 0 87
0 0 111
0 4 0
17 81 0
0 0 0
0 72 37
0 0 0
0 0 14
0 19 0
0 117 0
27 57 94
92 0 38
0 94 0
0 0 0
0 0 0
73 17 0
0 5 88
0 0 53
0 15 0
0 113 0
103 90 0
0 0 0
34 56 0
108 25 0
0 0 69
0 0 0
0 10 15
107 0 7
0 10 3
54 35 0
32 115 0
0 24 85
67 0 39
0 110 0
3 94 59
0 115 55
0 0 54
0 0 13
9 46 0
0 41 11
0 54 38
0 17 107
0 0 19
110 45 0
0 0 21
6 47 62
0 0 118
17 0 11
0 35 0
0 0 62
7 57 0
0 87 116
0 0 0
0 11 117
0 0 89
0 107 93
0 78 77
0 0 114
0 0 104
0 0 87
0 107 22
66 83 56
98 0 14
0 85 0
0 21 0
0 81 94
34 99 0
101 0 0
104 105 0
59 0 112
0 41 0
1 17 0
0 0 66
0 0 0
96 0 0
0 0 0
0 0 9
0 62 119
0 0 0
0 0 0
27 0 0
0 0 0
0 0 4
0 19 25
39 0 29
0 0 0
0 53 0
26 29 9
0 0 22
32 22 0
50 113 0
0 75 93
0 29 0
9 106 12
0 0 9
35 0 0
51 115 0
0 0 0
0 30 0
0 0 9
0 93 0
0 34 105
107 0 80
0 60 0
0 0 109
0 0 0
0 89 1
88 0 85
74 0 0
22 0 0
0 69 41
0 0 0
85 96 0
10 98 0
44 113 0
80 0 0
61 0 77
55 101 13
47 30 107
0 0 0
0 0 75
71 34 107
0 0 0
49 33 0
44 0 71
0 9 0
68 0 0
99 21 0
0 45 60
0 0 1
37 0 54
71 0 0
0 93 32
0 103 0
0 116 0
0 0 100
0 102 114
70 0 0
88 0 88
0 102 0
0 0 0
86 48 0
10 16 32
39 119 83
106 31 107
82 27 0
0 35 31
48 64 63
89 97 51
70 0 40
88 0 0
82 0 3
39 0 93
94 0 0
110 0 0
0 85 0
9 0 0
49 23 0
120 0 91
50 93 0
111 0 0
83 12 24
0 95 0
0 52 0
48 20 0
5 21 104
104 117 0
11 0 0
0 0 108
0 17 0
0 0 0
33 0 85
0 80 0
0 0 0
0 13 0
0 77 0
0 15 0
0 95 0
0 0 73
0 55 0
94 0 71
0 45 89
75 78 121
17 0 0
0 0 0
0 29 0
66 0 0
51 113 90
0 0 29
0 0 76
106 0 0
0 60 0
0 47 19
48 107 101
118 0 1
0 0 1
12 0 0
18 0 0
0 33 95
0 86 0
0 0 42
21 30 9
0 19 105
0 93 0
83 28 0
0 26 19
100 0 0
62 0 0
77 0 90
0 0 5
0 0 11
10 102 51
84 120 0
0 57 0
49 75 11
0 119 32
0 0 54
36 109 0
0 35 7
113 0 27
0 64 7
19 81 33
0 84 116
70 116 0
0 12 0
0 101 0
0 61 11
103 0 70
52 0 84
0 0 0
22 0 47
106 74 0
0 24 0
81 75 90
0 69 55
73 78 85
93 67 37
0 33 114
107 51 0
97 0 62
29 84 0
51 0 0
91 75 0
0 54 0
28 24 58
38 0 0
0 72 73
73 0 0
106 72 93
0 0 0
70 0 5
0 0 17
0 0 0
0 38 0
0 0 7
45 34 39
13 61 0
32 91 12
62 0 0
90 116 0
0 20 93
0 101 72
0 22 0
0 72 0
0 0 65
0 0 0
36 0 0
97 0 0
0 0 55
0 82 103
61 0 100
0 0 115
0 0 78
42 0 0
0 73 0
70 0 90
39 0 8
42 11 0
0 0 0
35 32 0
92 0 0
0 62 118
39 0 32
45 93 0
0 0 0
29 0 32
0 114 0
89 23 87
0 0 40
0 31 0
0 75 117
15 0 0
0 0 0
0 36 0
0 50 96
0 0 0
0 0 0
107 0 0
114 0 0
0 90 0
108 0 65
0 0 70
118 0 0
63 90 0
69 0 0
0 49 84
17 37 0
10 92 0
0 0 16
113 12 0
0 0 0
43 0 0
52 32 54
0 0 45
0 0 47
91 0 26
91 0 51
120 0 28
116 0 115
29 36 13
59 0 0
0 0 35
0 47 67
0 59 0
94 0 0
61 0 0
94 0 0
10 0 0
0 0 99
4 0 7
0 0 86
83 10 35
0 0 0
0 60 0
15 0 69
17 0 0
0 116 0
0 0 0
0 0 0
14 0 60
0 66 0
105 6 25
23 0 0
12 0 0
7 107 0
38 92 80
25 0 0
100 35 0
0 45 0
0 0 0
0 79 49
50 34 80
51 0 0
0 0 112
0 0 46
35 0 0
0 25 101
59 0 0
0 0 0
0 95 58
0 0 112
0 57 41
0 16 42
64 0 0
92 90 0
13 10 0
74 0 65
0 45 0
0 64 0
49 41 30
43 0 114
85 77 0
0 0 84
13 41 0
26 93 63
0 78 0
0 0 82
8 58 0
0 58 34
0 102 0
17 101 4
0 0 29
0 0 5
59 0 0
0 0 24
0 0 0
64 0 69
0 106 109
0 0 0
0 0 30
0 35 97
29 1 0
0 0 59
0 0 0
0 13 102
0 0 45
20 0 0
0 0 63
57 0 0
0 0 0
91 0 105
0 39 0
0 81 0
8 0 102
46 112 82
0 0 87
0 48 62
98 0 63
116 0 0
0 71 104
45 0 0
0 21 58
119 0 0
59 0 0
119 0 83
110 84 0
0 86 112
0 13 0
0 0 0
63 0 0
112 102 64
49 0 0
0 111 0
38 99 0
0 79 14
0 0 0
0 72 0
0 96 0
34 32 17
0 58 0
0 78 74
0 0 0
93 0 118
26 110 25
0 0 0
69 0 76
3 0 0
0 0 32
0 72 0
0 23 0
7 20 0
97 76 0
27 71 62
103 65 46
81 0 2
111 112 71
92 110 75
0 34 0
0 0 38
0 0 0
118 0 94
11 85 0
7 77 0
0 0 0
0 0 102
74 0 0
94 75 0
0 0 48
0 0 103
0 0 35
12 108 72
61 0 97
13 0 19
0 0 30
5 0 0
47 0 92
0 0 103
112 0 0
0 0 104
52 0 11
64 0 10
24 15 0
70 45 0
79 0 0
41 0 30
0 0 0
0 20 0
0 0 0
0 14 0
0 86 0
0 0 0
44 10 119
96 0 45
0 57 92
84 32 90
0 89 0
82 29 83
0 10 0
44 2 0
0 0 0
68 46 0
95 52 0
110 0 0
0 0 0
0 0 0
37 0 99
94 70 76
0 0 44
24 0 0
32 0 77
14 95 91
69 42 35
47 0 46
16 109 0
110 96 102
0 0 0
0 0 0
0 53 0
0 90 0
107 0 86
0 113 95
62 66 0
0 0 117
102 0 44
38 0 0
0 50 0
0 0 121
65 0 0
55 0 71
0 0 115
41 0 0
112 0 0
0 74 29
0 73 36
0 0 0
119 27 117
0 108 22
68 0 68
0 3 0
114 24 82
0 0 0
111 0 0
0 0 0
0 0 0
0 0 0
29 38 0
89 0 0
111 0 34
0 11 0
116 0 61
115 97 0
75 0 0
0 101 0
0 0 0
70 108 27
97 0 0
60 0 0
3 0 118
12 0 61
85 0 0
76 0 0
31 0 0
95 0 0
0 65 0
5 0 0
51 11 0
7 0 84
0 67 93
0 24 49
9 0 74
0 103 80
0 87 0
15 34 59
0 35 0
4 0 74
0 111 109
0 0 77
0 0 5
0 0 33
97 63 0
0 0 0
0 0 5
0 0 0
0 90 69
68 70 69
0 20 79
105 95 0
0 110 0
0 0 117
113 0 0
0 74 66
0 30 120
68 43 0
0 25 29
91 0 14
0 0 13
0 0 37
86 99 52
0 120 90
0 0 12
43 46 20
119 0 0
47 17 0
0 0 0
0 63 26
0 0 91
0 20 90
18 52 0
28 53 27
95 59 111
94 0 0
0 29 0
0 0 0
0 83 0
0 64 0
25 0 0
0 0 0
74 10 7
32 25 93
0 0 0
32 0 58
21 100 14
0 4 34
0 4 29
0 13 70
16 0 0
0 0 37
0 50 0
66 0 0
102 105 0
0 0 119
0 0 47
0 0 74
0 0 113
114 0 53
34 115 0
120 59 119
101 105 0
0 20 14
0 0 19
32 99 110
0 0 62
0 0 0
0 4 28
0 114 11
0 0 0
0 41 0
0 79 76
0 0 114
40 55 20
99 0 0
100 0 0
0 27 0
0 34 1
98 53 0
97 120 0
0 0 8
0 0 33
96 59 82
0 0 0
0 94 2
0 0 68
64 0 0
47 76 106
58 39 41
0 96 24
0 110 71
89 86 0
67 13 0
70 37 0
42 40 0
83 0 75
76 115 0
0 0 0
0 0 97
0 0 68
0 0 0
55 0 0
38 0 19
90 42 117
0 48 0
26 71 16
93 52 82
0 94 92
106 0 69
0 0 0
0 67 0
0 27 0
72 0 70
0 0 0
79 60 83
63 0 12
3 0 56
0 114 36
0 0 0
59 88 18
11 97 17
68 5 42
112 61 53
0 72 114
90 119 105
0 0 0
0 79 0
0 0 0
0 0 43
0 0 112
0 0 7
0 81 107
0 105 0
0 82 39
0 0 0
0 15 59
0 18 73
0 0 80
51 17 0
0 106 0
88 29 11
0 0 20
101 46 78
53 0 90
80 0 0
0 26 77
47 63 11
0 42 0
0 98 0
0 99 78
35 111 0
0 0 60
0 0 82
93 0 0
0 110 0
0 56 0
62 0 50
0 100 0
45 0 115
6 93 98
63 0 0
0 18 0
24 68 0
0 57 0
8 108 0
39 0 93
3 91 0
0 0 0
66 8 99
65 0 0
0 0 0
0 0 0
52 49 0
120 25 76
92 82 0
0 53 0
0 0 0
47 0 0
88 64 52
83 0 0
0 8 0
93 0 0
42 0 38
0 66 67
26 63 120
0 97 0
56 52 0
0 15 111
0 61 0
43 89 0
56 0 24
0 26 0
5 55 0
0 99 6
89 9 111
0 0 0
103 81 0
11 42 0
0 1 0
0 0 0
0 0 110
101 0 0
18 87 37
0 24 36
17 0 81
58 68 55
0 0 0
24 45 0
111 0 61
121 10 0
31 0 79
91 0 31
99 0 0
0 0 0
0 0 55
0 116 15
0 15 48
0 77 99
88 95 0
0 35 49
50 76 0
0 0 63
72 121 97
0 0 0
116 0 56
0 19 0
1 0 0
24 0 0
0 9 17
0 70 16
0 0 0
0 0 42
54 54 50
97 0 0
7 0 0
32 0 27
0 0 71
90 0 78
0 92 0
0 0 78
8 89 52
0 50 116
0 104 0
115 1 17
0 0 63
0 0 14
85 0 0
115 0 0
0 107 0
0 0 2
0 112 0
79 33 43
48 46 0
119 0 0
0 0 0
80 121 0
0 30 41
4 0 79
0 0 42
49 0 81
45 80 0
0 31 80
0 0 109
0 63 12
0 94 118
0 58 89
0 0 0
46 35 0
0 0 54
96 8 40
79 60 88
0 0 16
0 78 0
100 37 103
0 2 0
0 71 0
0 13 118
0 0 50
100 0 65
102 108 0
0 89 115
2 55 0
63 7 59
0 120 0
0 63 0
28 0 0
0 0 0
35 0 108
38 0 0
0 0 68
0 0 120
79 83 0
0 59 89
24 0 66
10 0 13
0 18 21
0 120 31
42 115 0
0 0 32
79 0 33
32 107 78
95 106 0
0 0 36
47 100 0
0 0 0
0 0 67
0 0 102
0 0 0
118 0 119
72 0 90
0 5 0
0 0 79
0 0 74
0 13 0
8 17 0
79 0 0
38 106 0
19 11 0
0 0 82
43 109 0
0 0 14
20 27 3
42 81 86
77 93 0
36 66 32
62 54 0
76 109 111
83 90 8
0 0 72
0 36 0
30 0 0
0 65 97
81 0 92
21 66 11
0 0 82
83 0 0
39 87 0
74 0 0
31 0 64
92 97 0
86 90 0
0 0 0
15 0 1
48 50 107
9 0 0
0 25 2
34 81 42
20 28 33
66 119 0
96 0 47
0 96 46
91 10 95
75 92 0
0 36 86
0 74 0
0 0 0
40 109 0
0 0 0
0 0 0
0 0 0
0 39 33
0 44 45
0 66 55
0 0 5
0 7 38
0 0 0
0 0 0
25 15 0
0 0 23
0 22 84
106 0 0
0 50 68
0 47 120
0 40 63
0 0 85
0 0 69
25 0 91
26 0 81
50 92 79
70 0 0
34 0 83
45 0 0
44 35 18
22 75 0
0 0 0
0 0 0
79 84 72
94 0 0
62 92 35
98 34 121
40 0 25
0 0 51
64 0 53
21 14 103
38 0 103
21 0 0
0 0 110
77 23 69
0 19 57
0 42 0
0 93 0
110 0 0
0 55 62
67 112 0
103 0 18
0 101 87
18 72 0
8 0 64
99 111 0
0 0 48
71 0 0
67 0 67
0 0 54
113 53 0
0 107 0
0 0 14
0 0 0
41 9 0
110 0 120
0 49 100
76 0 0
0 81 117
93 64 0
16 61 0
0 50 0
87 10 13
119 0 7
0 0 44
0 79 91
0 0 0
111 0 94
80 8 0
0 58 19
0 102 13
118 0 61
1 1 53
0 25 0
65 38 94
0 0 3
112 15 0
0 77 33
85 0 95
0 0 92
0 0 0
57 0 0
0 0 0
73 0 0
42 0 0
112 0 0
0 102 116
109 116 0
0 110 0
111 0 0
41 0 62
88 67 0
0 0 0
0 30 61
84 0 0
42 0 38
0 0 0
100 0 0
0 0 48
0 0 0
0 94 108
0 39 77
0 25 0
62 0 0
0 69 0
0 0 87
70 92 91
0 0 0
0 102 81
26 88 8
61 72 74
0 78 19
0 0 2
35 0 59
0 26 0
80 1 23
0 0 92
72 120 0
70 0 98
0 0 85
95 9 121
0 44 1
86 86 60
0 0 50
0 0 64
116 83 0
96 67 0
57 0 104
81 0 0
0 0 37
0 0 0
0 0 0
0 105 0
59 0 0
0 0 0
0 117 0
55 0 0
55 94 77
0 46 0
0 0 0
0 0 13
91 50 0
0 106 102
72 0 0
6 0 0
81 62 48
71 0 6
90 87 0
47 42 89
40 0 35
78 5 103
2 45 0
0 24 11
0 69 0
37 105 0
0 0 8
0 0 0
0 85 0
0 69 84
0 0 14
105 0 0
0 0 0
0 82 0
12 79 106
0 68 0
112 43 6
97 0 72
0 0 0
0 90 46
102 35 15
34 0 0
24 0 11
5 0 0
0 89 6
0 12 48
81 0 116
0 0 0
0 0 0
23 95 97
0 0 16
63 0 108
46 81 0
59 0 0
114 2 49
4 104 97
46 0 0
50 0 0
0 0 40
58 0 79
0 14 0
16 19 58
105 0 0
0 22 0
0 0 0
36 0 0
0 36 0
22 3 0
100 0 75
0 0 0
54 0 0
71 81 0
0 0 0
0 67 53
91 0 25
0 0 17
69 39 42
103 50 45
35 0 75
0 0 17
85 110 43
0 0 0
0 89 40
27 0 0
18 0 0
0 0 73
0 66 45
0 0 0
0 84 25
0 38 103
0 114 5
0 22 91
73 37 0
3 19 112
23 0 0
0 87 1
0 0 104
66 0 80
66 0 49
0 0 95
0 0 0
0 82 71
99 63 12
78 0 0
63 114 0
0 75 20
0 0 0
110 111 0
0 77 0
0 45 0
0 109 93
0 0 0
0 0 21
0 67 0
0 0 10
82 1 19
0 0 0
0 0 0
52 0 99
0 0 108
108 99 59
93 0 44
0 52 9
29 0 0
22 0 46
0 0 60
0 0 23
58 68 0
114 77 0
0 100 99
0 0 0
89 78 0
0 30 56
25 0 18
0 0 44
110 96 0
45 0 0
0 105 101
66 119 0
0 52 0
0 75 35
0 98 0
40 0 0
0 118 0
111 111 0
103 86 0
104 18 36
92 0 0
50 0 0
67 21 98
0 45 117
46 78 18
12 0 41
0 35 75
0 35 63
103 23 35
0 63 0
0 0 0
72 72 10
67 42 66
0 0 0
0 54 0
0 0 0
73 0 0
51 84 88
9 64 24
0 65 16
1 69 73
20 36 25
76 45 0
46 0 15
0 0 0
64 71 0
90 76 0
54 74 100
26 0 0
0 91 0
0 95 0
25 71 33
0 105 0
0 0 0
22 83 12
0 0 0
0 0 0
0 0 5
121 108 73
76 70 0
70 113 0
21 80 70
0 81 9
0 0 12
0 0 71
51 81 0
0 5 112
51 23 0
19 0 0
0 92 86
0 0 0
93 38 0
91 37 112
0 0 0
104 0 111
4 106 25
0 113 0
0 20 37
0 50 30
0 115 0
63 32 54
31 81 14
48 0 43
46 115 36
0 18 0
56 0 30
10 0 26
0 0 73
104 59 75
0 94 106
53 0 0
82 0 17
7 83 0
0 0 0
0 47 21
0 41 110
0 0 0
89 77 9
65 0 0
0 0 0
0 0 55
70 0 113
0 6 0
74 0 0
0 14 28
0 116 88
0 96 0
0 0 53
0 98 0
0 0 73
0 3 37
0 118 0
0 0 0
8 86 0
39 104 20
7 0 69
84 85 0
9 33 0
74 0 68
35 0 22
28 0 29
82 0 0
30 0 35
64 91 71
69 0 116
0 71 0
1 0 0
0 60 0
65 0 40
0 0 20
0 0 119
0 0 57
0 91 0
0 0 11
51 0 0
106 19 0
49 7 0
107 0 38
69 0 0
16 0 102
0 14 0
0 0 0
108 0 3
100 0 5
89 0 0
0 0 0
0 0 0
0 88 0
0 0 0
96 0 0
29 82 0
0 0 0
112 55 0
33 15 0
115 86 10
65 0 0
0 100 0
0 47 0
66 65 0
0 36 80
5 0 0
0 0 0
74 62 0
19 95 5
85 0 0
0 97 0
0 95 27
27 0 50
0 35 0
98 64 0
0 0 73
74 38 34
0 80 0
0 0 94
34 0 33
0 78 0
85 0 34
0 21 37
54 29 29
71 1 64
77 0 0
94 38 119
27 54 50
0 0 0
86 43 104
0 0 54
0 0 111
0 0 43
0 0 0
0 97 0
0 63 16
4 0 56
106 0 0
0 94 32
31 11 79
0 0 0
33 44 0
48 18 0
13 94 15
32 32 92
45 0 0
0 69 0
95 0 17
115 0 21
0 69 0
0 0 70
26 10 78
0 98 0
43 14 108
0 0 0
0 94 52
53 12 78
58 54 60
0 40 0
86 49 7
0 0 65
54 0 0
0 0 0
45 120 0
0 70 77
7 17 0
0 64 18
0 33 0
26 93 0
0 116 0
95 0 0
0 0 0
57 0 0
41 104 46
0 0 0
0 48 0
0 14 0
39 36 60
47 0 19
0 0 70
0 0 60
0 0 118
0 89 47
72 0 110
0 95 40
0 0 77
0 0 112
0 111 0
66 0 0
0 0 0
118 30 0
33 0 101
84 0 0
49 75 121
0 0 0
0 0 0
26 4 32
102 54 84
120 48 24
20 43 90
22 0 0
0 9 0
0 20 0
0 73 105
61 0 16
115 20 120
14 21 0
0 25 0
2 62 0
0 27 0
0 0 0
0 0 111
36 27 0
0 0 0
13 0 0
41 0 91
55 0 0
0 7 0
0 86 0
64 0 0
117 109 99
36 13 0
111 0 12
0 0 10
42 105 0
0 0 108
46 55 118
21 15 29
0 0 17
101 28 60
35 115 0
0 76 0
0 0 108
41 0 107
0 0 0
0 0 21
0 0 26
0 0 0
55 0 11
0 59 35
112 0 0
118 52 109
15 0 85
102 64 0
0 9 21
0 61 65
0 70 19
0 0 0
108 0 0
0 0 8
36 0 99
0 111 87
0 0 0
112 112 77
4 79 82
4 0 26
81 121 0
0 0 24
55 0 0
88 55 21
0 0 0
13 98 97
0 0 0
111 100 0
97 3 0
61 56 0
0 24 116
0 69 92
0 111 75
114 77 0
0 99 48
73 76 0
0 93 0
74 0 90
0 0 0
50 12 0
0 40 33
53 62 116
0 0 0
30 117 108
85 62 0
25 72 0
0 18 38
43 86 64
111 0 10
0 64 97
13 0 0
58 121 17
0 63 103
0 0 0
3 98 83
0 85 9
0 0 0
0 0 0
58 52 0
0 0 5
0 15 0
0 0 0
73 72 30
30 0 0
68 0 100
0 121 73
75 36 26
0 0 0
0 0 85
66 0 103
110 86 0
0 16 0
0 0 98
0 104 0
0 92 0
45 11 107
0 77 0
0 0 0
0 0 6
0 116 0
69 0 0
0 0 0
100 9 0
68 0 68
0 0 0
86 0 57
97 0 0
0 0 65
58 61 112
0 82 0
4 19 83
113 0 87
0 8 27
29 15 0
73 0 0
0 0 0
86 103 0
6 18 0
9 45 0
0 88 0
114 78 0
10 37 0
0 107 5
117 84 0
0 0 0
0 0 0
90 0 89
17 0 88
0 42 0
58 0 71
0 0 36
7 0 0
89 28 86
70 59 0
0 78 0
0 0 104
0 47 83
104 57 0
79 0 42
91 64 46
0 48 6
14 39 0
108 75 0
0 0 82
0 28 0
0 0 0
0 10 31
0 0 83
0 70 0
0 0 43
0 3 39
48 0 0
58 22 0
0 0 4
103 0 0
0 0 0
70 118 0
0 98 0
0 63 109
0 0 75
7 95 0
17 0 22
0 36 0
62 73 0
0 0 0
0 0 21
93 0 99
0 62 0
51 0 98
2 0 0
0 10 0
4 99 0
47 25 0
0 0 78
0 22 84
116 0 0
0 69 87
0 14 0
0 0 0
52 119 79
98 7 51
0 110 90
0 40 66
0 0 22
0 99 67
22 4 61
38 46 0
0 69 0
61 0 20
0 82 0
0 92 99
0 106 0
73 107 11
12 48 0
75 29 62
63 33 80
13 96 0
0 0 0
0 71 84
0 35 58
0 0 0
71 81 0
0 0 35
0 0 0
15 0 14
0 0 0
112 82 46
0 88 11
0 106 0
0 0 0
87 0 0
0 101 0
0 10 0
0 72 0
43 0 64
0 98 0
16 0 0
52 0 34
0 90 100
0 109 0
87 10 85
77 105 0
0 0 0
92 79 27
0 59 0
39 95 7
0 0 18
0 45 4
84 0 42
49 89 10
0 80 0
0 37 105
109 0 0
0 7 61
0 0 0
0 94 25
0 0 99
0 108 29
66 0 0
118 0 0
0 11 92
0 0 109
0 0 31
97 0 0
0 43 0
0 14 0
0 0 0
48 0 0
0 0 75
0 82 0
0 0 24
64 71 0
100 110 0
10 0 13
26 109 0
84 0 9
120 0 81
0 0 37
64 0 100
22 73 40
26 63 93
117 67 0
40 4 98
0 24 6
0 22 0
87 89 4
0 91 31
15 0 0
99 0 0
4 0 36
54 6 0
57 0 0
49 116 0
0 110 30
0 86 0
0 17 0
70 0 0
0 0 86
0 37 7
48 43 0
88 79 76
17 0 87
0 22 0
0 0 0
88 0 0
0 33 103
24 0 2
0 85 1
0 71 0
0 103 61
0 0 120
12 75 0
0 0 0
0 14 0
28 0 0
0 84 37
0 0 0
39 0 0
0 0 0
0 95 0
19 113 78
0 34 76
0 0 71
0 9 0
0 0 82
31 37 0
0 0 109
0 117 0
27 115 0
65 108 0
0 0 0
0 0 0
15 68 0
0 0 0
60 109 0
61 5 39
0 0 0
0 0 0
105 70 0
41 0 0
0 5 60
0 0 29
0 90 0
39 47 83
0 82 36
0 0 75
0 103 59
0 66 0
0 0 105
70 0 107
0 9 81
0 0 0
0 4 0
0 117 44
0 109 20
0 59 73
0 22 0
0 0 43
0 0 0
0 100 0
27 29 0
0 53 0
0 0 0
0 86 51
70 0 3
97 0 52
45 0 2
112 0 54
0 12 5
102 45 0
55 0 17
0 117 0
23 1 0
19 53 41
0 94 0
0 72 4
8 97 0
75 30 19
0 62 0
0 0 0
0 0 0
0 57 0
78 52 112
73 23 58
0 70 24
121 74 112
0 0 55
84 0 0
47 0 95
0 0 106
90 0 0
72 95 0
0 79 0
0 63 0
0 43 46
0 0 7
0 117 24
80 33 113
70 61 0
0 100 113
43 0 33
0 0 119
0 1 0
62 0 0
40 0 93
0 0 0
69 111 46
0 48 0
0 63 16
54 0 0
72 3 0
0 0 0
112 98 69
0 121 88
0 20 0
0 0 0
109 96 0
0 0 16
101 0 0
0 36 0
0 78 79
0 0 111
0 72 0
0 0 96
41 0 0
0 0 0
0 52 0
23 27 115
3 0 0
83 0 0
0 0 0
0 5 96
115 0 36
27 0 106
0 109 0
86 0 0
0 54 85
0 0 79
0 87 20
0 0 84
0 0 0
0 0 62
47 119 0
1 0 82
0 44 121
115 0 8
0 0 120
0 0 0
0 19 91
0 0 109
11 28 63
0 0 25
116 2 64
111 0 0
0 0 0
47 36 0
49 0 91
63 63 0
0 0 0
0 110 106
0 13 89
102 116 0
0 43 27
0 0 0
112 99 0
0 56 0
61 0 115
106 0 0
48 0 18
118 0 0
0 82 52
0 99 0
0 0 0
47 8 0
0 0 0
0 0 0
111 0 44
61 0 0
70 0 0
0 0 0
100 42 83
0 48 0
53 3 0
