5000
0 99 0
1 0 12
0 119 0
-14 87 0
115 0 56
0 53 0
0 -6 -111
-13 67 -102
0 114 0
0 0 27
-87 0 0
-2 0 14
0 0 0
-78 93 0
97 -42 0
108 68 -69
0 -96 90
0 105 0
4 0 0
21 -117 -108
110 0 -24
-40 -69 0
0 0 0
0 7 -29
0 94 13
0 7 116
3 0 -113
-107 0 64
48 89 0
31 22 0
6 40 45
54 4 0
-91 7 70
0 -109 0
0 111 -100
-97 0 0
-102 4 0
0 60 0
-25 -41 92
0 0 0
0 0 -68
0 0 -84
0 94 -96
13 108 0
0 82 -82
0 0 0
25 0 0
-95 0 1
0 0 -85
102 45 46
0 25 -101
0 116 49
0 0 103
0 0 89
0 0 30
0 -54 0
19 -23 0
0 -57 0
106 -53 0
109 0 0
-115 0 0
-41 0 100
-15 -46 12
0 75 56
0 -8 0
0 0 54
0 0 52
0 0 0
0 -99 24
0 -34 -6
-39 -105 -78
5 0 -112
0 -60 -25
72 0 -63
0 0 0
0 0 0
-92 6 118
0 -118 0
-54 83 43
0 0 10
0 104 0
55 0 6
0 0 0
-92 -49 -76
90 -27 -35
-61 -93 -37
0 -88 -34
0 0 0
0 0 -97
0 0 -106
-64 0 95
0 0 0
0 105 -5
-82 77 0
0 0 10
-66 0 0
0 0 0
0 0 104
0 -17 57
0 0 0
83 -104 7
0 116 0
0 0 -111
-111 0 0
0 -88 57
0 44 0
0 -42 0
18 0 0
0 0 0
81 0 0
0 -109 0
-98 41 0
-40 0 -2
24 0 0
-44 0 0
0 0 -58
99 0 0
0 0 0
58 0 107
44 -105 24
0 0 0
0 0 -33
101 33 -105
-16 59 0
0 0 93
0 -119 0
-12 69 97
0 54 84
18 39 0
107 114 0
77 0 112
0 42 0
35 86 37
0 1 0
0 0 39
73 87 24
65 0 0
0 0 14
80 59 0
0 113 0
0 15 95
53 101 30
0 42 113
0 62 0
0 43 0
84 25 0
0 0 0
0 61 7
30 5 0
0 0 0
0 0 99
0 116 0
64 0 0
39 0 120
0 0 27
0 0 22
0 82 0
55 37 0
82 0 63
0 48 105
0 32 0
0 78 0
49 0 0
38 49 0
43 32 0
28 44 32
55 108 0
97 0 10
0 76 0
0 0 42
39 57 0
0 56 0
0 0 12
115 0 48
0 0 0
120 56 0
0 0 0
0 0 0
0 27 26
0 47 0
90 93 0
0 66 0
0 0 0
29 22 0
0 0 0
0 49 118
0 0 0
0 0 0
109 25 31
0 0 0
30 72 51
83 26 16
100 102 117
0 0 0
19 0 49
89 0 17
0 0 29
0 50 52
0 35 65
11 0 0
0 0 0
0 0 0
13 44 53
86 32 61
0 0 0
0 115 119
0 0 0
0 17 28
71 0 0
90 0 0
27 0 37
0 0 0
0 112 0
0 0 0
0 0 90
0 94 109
0 0 87
14 0 83
0 0 25
0 0 0
0 0 0
101 82 0
75 32 91
0 0 30
0 64 0
42 73 57
22 0 0
0 0 4
0 0 0
0 112 0
0 0 63
118 99 58
0 0 0
0 109 0
116 53 0
0 3 0
41 0 80
0 0 0
0 0 0
87 40 32
0 116 0
0 13 0
34 79 0
71 61 95
105 0 119
90 0 35
0 31 0
23 0 13
74 0 13
0 68 79
64 45 95
0 0 76
0 92 0
36 24 27
0 121 0
106 27 0
0 12 0
92 0 0
118 0 0
116 0 55
45 55 80
83 89 0
0 80 46
14 11 0
118 21 0
80 24 91
0 59 48
6 0 0
0 63 116
0 32 1
0 0 95
0 0 99
33 32 0
0 56 0
0 0 7
46 0 0
0 23 0
0 0 14
0 0 104
104 0 0
56 0 101
0 0 0
0 40 95
105 42 79
63 42 11
110 103 0
0 0 4
16 97 83
0 0 66
0 63 89
87 51 0
96 0 0
0 93 0
0 117 0
94 0 9
0 0 0
0 47 99
0 0 0
0 0 0
0 0 49
49 0 0
0 112 42
8 69 0
0 0 0
94 0 29
0 7 0
0 19 101
0 16 66
0 34 0
26 0 0
0 45 28
1 57 57
27 35 64
13 11 64
39 0 113
51 99 0
0 94 0
0 0 0
101 0 0
0 0 0
0 20 0
0 75 25
120 67 47
0 33 0
27 0 119
27 0 99
109 0 74
0 0 0
0 21 0
0 45 117
0 69 0
0 0 54
93 0 0
0 57 0
38 49 0
0 50 93
0 55 0
116 0 27
0 0 26
34 0 0
2 67 29
115 0 0
87 0 0
41 8 82
69 83 0
118 0 0
91 0 92
54 57 62
55 0 0
0 102 20
4 102 94
0 106 0
45 0 0
0 0 0
0 0 59
0 0 0
0 0 0
113 0 37
87 9 0
0 27 77
0 3 0
0 0 0
0 0 40
0 0 0
67 59 0
0 0 82
109 108 8
0 0 78
0 118 0
18 15 0
0 54 0
0 117 0
0 0 90
0 0 0
71 48 23
86 26 0
17 4 0
0 64 79
0 0 11
0 0 28
47 0 35
0 0 104
15 0 0
25 0 90
0 0 22
102 94 0
44 0 0
0 104 55
29 0 34
26 24 38
0 0 0
19 105 49
0 28 96
54 82 0
119 0 0
67 4 114
0 0 0
0 88 0
0 0 0
38 44 0
0 7 101
0 76 4
0 0 67
0 71 0
41 0 109
70 119 0
98 65 69
0 0 113
0 109 37
21 0 21
0 55 0
0 0 38
92 64 0
85 0 0
51 112 30
23 98 70
0 33 10
12 0 61
0 69 0
0 0 0
47 66 82
0 0 79
40 0 0
101 0 83
0 0 107
0 0 30
0 0 0
0 0 28
10 0 22
83 0 116
0 0 12
0 0 66
91 0 120
0 111 52
0 0 79
95 116 26
0 10 90
34 79 0
108 0 0
0 63 0
70 16 0
101 0 39
38 0 30
0 9 96
0 30 30
54 0 0
0 60 0
88 119 0
0 0 0
45 76 0
67 50 0
30 95 0
0 0 27
67 16 0
0 0 99
47 0 24
0 0 113
75 15 3
29 0 81
38 0 0
63 0 29
120 71 0
74 28 70
41 37 113
0 91 70
0 0 0
110 83 102
65 0 90
0 40 0
0 0 67
113 68 0
46 26 0
0 49 0
17 86 0
0 0 19
0 0 30
34 96 0
0 0 0
114 8 0
60 81 0
15 0 115
56 57 0
23 0 43
0 0 24
0 94 0
29 74 93
51 0 0
50 24 0
43 0 0
0 88 17
110 93 42
0 0 62
27 0 108
0 0 11
0 0 29
0 0 0
75 0 11
58 0 0
0 64 22
0 0 0
86 0 82
0 114 0
100 102 0
26 0 0
90 0 0
46 12 0
0 0 86
0 0 0
0 0 109
108 41 0
75 0 0
0 102 47
12 22 9
53 0 0
25 104 5
23 0 0
0 0 0
22 34 88
69 2 84
118 0 104
0 1 52
0 0 81
95 0 0
64 71 0
50 0 0
62 0 0
110 0 0
0 0 58
63 0 0
28 0 0
0 87 77
0 0 14
56 88 66
0 0 115
73 0 40
62 119 0
0 0 0
113 0 0
47 0 33
0 49 108
0 0 7
104 0 0
26 31 73
0 100 0
0 107 1
0 55 0
0 0 56
0 0 0
112 0 0
0 0 5
0 118 0
0 0 0
0 20 117
52 70 109
0 0 0
0 0 0
0 0 0
52 0 19
39 28 26
79 66 0
81 53 48
0 72 55
0 0 61
0 86 0
0 32 0
0 65 0
52 0 0
106 77 0
0 0 0
56 0 0
0 77 0
67 0 99
0 61 7
120 85 0
0 0 42
85 118 0
0 89 81
0 0 17
0 0 0
0 81 0
0 74 68
56 0 32
102 0 0
110 0 0
67 88 0
0 37 59
0 0 40
3 0 79
0 0 0
0 6 19
112 117 120
9 39 0
0 0 61
0 92 116
97 0 68
64 0 3
66 0 100
4 67 105
26 23 48
100 95 11
18 45 78
0 0 0
25 0 0
0 0 0
52 0 0
0 24 118
0 0 0
0 77 0
0 0 0
0 0 117
0 60 97
12 0 118
47 20 5
0 0 0
88 95 44
0 0 79
33 0 0
0 73 0
0 67 0
0 99 118
109 74 48
62 0 35
0 83 0
0 29 0
63 0 91
0 56 0
0 0 0
0 68 22
0 0 0
37 0 65
37 87 17
0 0 0
0 83 0
77 0 0
56 0 69
0 0 76
0 0 0
0 0 79
0 0 0
0 73 0
0 20 13
0 0 0
0 38 0
56 0 92
0 64 41
73 0 4
0 114 0
0 0 0
66 0 0
0 1 83
104 0 0
0 0 0
0 29 32
74 106 113
15 88 0
14 95 22
0 0 0
4 83 0
51 52 0
46 3 0
16 4 0
0 0 0
98 0 0
45 0 42
49 58 0
0 0 104
95 61 20
41 0 119
71 118 0
11 0 0
76 2 58
0 0 0
0 10 118
0 82 0
0 0 0
15 85 0
0 0 0
48 104 111
0 110 0
93 102 64
0 0 0
0 0 111
0 0 4
111 58 120
102 0 0
0 0 0
0 41 0
83 79 0
42 23 7
0 0 0
29 0 0
0 113 43
58 0 69
0 0 10
9 0 69
0 0 0
0 107 0
18 0 0
0 42 0
71 110 0
15 0 15
91 0 108
0 54 0
0 0 0
57 22 0
0 87 0
0 0 40
0 103 91
0 26 0
0 0 102
26 32 0
22 0 83
75 0 95
61 0 0
0 0 6
0 1 0
0 0 0
0 38 4
0 12 87
0 68 0
0 0 0
0 0 50
0 0 27
0 0 0
5 0 0
119 80 117
115 76 86
0 0 97
94 0 0
0 0 56
0 100 77
0 87 0
0 0 0
0 65 0
0 72 0
33 0 55
0 0 8
25 0 0
69 3 46
0 0 0
67 88 30
81 0 0
0 0 0
35 0 58
105 7 0
98 3 81
0 24 91
58 0 109
0 3 97
0 70 0
26 0 0
0 0 0
30 0 55
0 0 94
0 0 53
31 103 109
4 0 12
0 0 73
68 35 0
29 64 45
0 94 0
0 112 0
40 0 0
0 0 0
27 98 0
0 64 0
65 118 20
33 108 0
0 0 89
0 0 28
116 0 21
61 9 5
117 0 67
9 3 0
0 66 0
21 21 0
37 58 0
0 55 105
0 0 0
106 24 0
90 46 0
0 92 102
0 120 40
0 42 112
0 0 52
0 90 104
0 33 41
0 12 0
47 38 77
0 0 45
47 107 0
0 0 116
0 0 0
36 0 0
31 13 0
0 0 30
0 37 0
0 0 96
25 33 50
0 0 50
48 0 21
49 79 0
0 9 0
15 71 52
11 0 0
75 46 69
7 71 55
63 111 0
0 0 103
68 27 15
42 106 49
0 116 0
56 97 68
0 0 41
0 35 0
0 16 77
0 0 0
0 63 37
2 119 0
0 0 68
0 32 15
0 0 0
8 114 0
47 0 40
0 0 64
116 0 0
107 0 109
36 0 109
0 0 0
112 43 43
0 109 12
3 114 15
105 0 0
58 0 73
0 82 94
0 0 0
61 27 55
97 0 0
114 0 0
78 118 0
0 36 0
69 43 65
27 0 110
0 31 0
0 0 0
114 0 6
55 0 0
0 75 0
0 111 88
100 0 0
0 0 0
109 35 0
0 0 0
56 0 0
0 92 79
112 9 0
0 114 9
0 106 0
0 0 0
0 0 0
100 52 0
2 14 0
71 79 0
0 0 0
68 10 4
33 0 68
102 65 0
0 0 74
37 0 0
0 79 55
103 0 33
34 105 98
49 83 12
0 0 0
0 94 96
0 0 0
107 0 0
111 0 64
39 15 0
83 120 0
0 0 15
0 54 116
48 0 54
0 96 0
30 0 0
58 0 0
7 24 0
0 0 0
0 33 0
48 109 117
21 99 0
0 0 22
79 0 0
0 0 0
0 73 22
0 0 58
106 0 0
24 45 0
105 0 0
0 39 0
0 69 73
0 109 0
0 76 35
40 14 49
36 0 0
0 4 111
111 0 0
58 59 10
0 0 43
29 120 0
0 84 4
0 0 0
73 113 95
58 0 0
5 0 97
54 2 64
96 58 0
43 94 87
0 112 52
55 0 71
96 27 101
0 0 0
0 0 18
1 74 78
82 0 120
34 104 0
0 73 31
30 106 0
84 0 0
17 4 64
44 65 60
0 33 120
34 0 20
12 0 10
4 0 48
116 102 8
113 0 22
0 0 0
49 0 67
0 10 0
117 0 0
21 0 42
89 26 56
53 27 108
42 0 0
0 106 0
120 0 0
0 120 0
0 109 35
0 105 0
99 114 0
88 63 18
49 61 103
107 40 69
0 0 0
111 0 121
0 112 54
9 29 105
60 0 0
0 104 0
0 0 0
0 66 59
12 0 0
20 0 0
0 0 27
97 58 52
74 40 71
75 27 0
10 0 0
0 0 0
0 0 0
42 0 69
103 0 59
0 0 0
0 41 0
0 0 105
34 0 0
110 0 0
0 22 0
115 92 98
0 3 0
20 0 16
110 25 33
0 9 113
48 54 0
3 0 120
10 111 0
112 0 0
56 0 13
7 52 91
17 23 31
31 97 0
0 19 113
106 31 0
0 41 0
103 58 0
8 0 50
0 0 0
0 0 0
111 25 0
110 0 0
0 0 0
1 80 60
7 119 46
74 20 32
26 0 86
0 108 0
15 70 42
0 89 78
0 0 0
46 110 87
88 87 0
47 111 0
0 0 116
0 0 96
0 45 0
0 0 0
0 41 0
70 78 0
44 101 0
75 0 0
0 82 98
45 69 36
93 83 61
0 66 93
0 5 0
17 0 0
0 0 0
42 102 9
91 0 0
54 0 111
38 74 84
95 0 107
12 26 0
0 0 103
26 43 0
100 0 68
64 27 102
52 0 0
0 0 10
40 1 14
24 0 0
0 86 78
0 0 0
4 95 1
109 0 0
0 113 7
0 0 103
5 70 0
105 0 32
0 60 33
0 17 0
0 0 121
86 52 0
72 94 108
0 116 59
0 0 71
62 0 0
13 78 16
21 0 1
35 0 0
120 0 0
53 33 41
46 0 16
0 0 47
68 110 0
63 12 27
0 51 78
76 43 7
0 0 48
0 0 0
0 0 19
27 15 32
0 82 50
0 0 0
22 0 97
0 0 0
0 63 0
0 0 104
94 0 10
0 23 104
97 49 0
50 0 0
0 62 48
75 0 0
59 88 30
99 35 0
50 0 0
74 108 43
0 114 0
52 0 12
97 108 100
0 89 0
83 98 2
0 38 0
0 38 0
29 37 0
0 110 70
51 0 20
4 0 0
30 96 0
114 12 0
6 3 0
43 0 3
17 0 64
0 55 0
69 84 9
0 0 61
0 0 0
0 0 18
100 0 41
0 114 0
0 106 92
67 0 0
0 0 21
51 0 0
23 50 0
0 0 8
105 0 0
0 57 29
0 0 56
101 0 0
31 54 27
0 56 0
0 102 108
31 110 0
56 111 0
56 0 0
0 0 0
110 0 0
114 0 0
61 0 0
0 0 0
47 0 12
0 48 0
56 0 0
94 13 39
0 0 0
0 56 52
0 0 85
0 0 0
83 0 0
0 0 0
5 0 99
0 28 0
0 0 17
0 105 0
93 0 0
0 82 91
7 0 0
0 107 0
0 2 0
0 0 0
0 84 120
0 45 0
0 0 0
51 11 39
85 40 0
0 92 76
39 0 0
63 13 0
0 63 0
12 61 93
85 66 0
0 64 93
50 34 0
0 13 0
0 25 0
6 0 46
56 114 71
0 0 0
0 0 18
0 13 17
90 57 65
83 0 16
0 9 115
102 41 31
0 0 31
0 121 57
105 0 29
55 26 3
0 38 93
1 77 88
64 0 0
0 0 78
0 0 81
8 64 0
32 93 0
0 0 118
59 0 71
97 0 92
0 35 42
111 0 0
61 53 92
0 0 33
0 0 0
87 115 0
0 83 77
43 0 0
0 0 0
15 0 0
0 0 4
0 7 49
0 0 0
0 0 55
97 0 53
111 18 75
45 52 4
14 0 76
0 0 76
76 0 0
0 0 40
53 0 0
0 0 100
0 0 0
0 0 120
119 0 52
55 0 44
0 0 0
0 121 70
116 0 54
42 50 0
0 0 0
21 64 0
0 0 67
0 77 91
0 37 60
16 0 92
66 0 0
0 0 66
24 24 6
26 0 0
98 0 0
0 0 0
0 32 0
0 83 79
0 0 0
0 48 0
119 0 64
0 23 41
47 0 0
0 53 0
91 0 109
97 19 37
15 17 0
0 20 0
25 33 81
58 0 0
44 0 91
0 14 2
69 0 97
0 0 40
0 103 0
0 62 96
42 0 0
92 106 118
0 92 57
0 0 0
17 0 0
46 0 0
0 100 0
25 4 108
92 108 0
99 0 18
32 0 10
0 0 0
0 66 0
0 98 10
0 103 6
0 0 64
5 0 55
31 0 0
0 40 71
0 41 5
0 5 0
35 56 0
121 0 2
0 0 35
106 35 114
0 63 0
24 0 0
25 0 0
100 0 0
76 0 0
0 0 0
70 0 0
87 98 11
42 0 0
60 0 0
0 0 2
0 0 121
113 24 0
101 34 0
0 66 0
0 112 0
0 87 114
0 0 54
0 28 0
0 8 55
0 0 0
70 0 0
35 0 4
0 81 89
0 52 0
0 112 5
0 0 33
0 51 2
48 0 47
79 0 119
0 119 0
0 116 0
115 83 0
0 0 0
0 0 95
0 88 0
0 68 46
0 23 109
20 0 26
22 37 53
0 0 0
0 0 0
0 0 0
111 10 98
23 12 0
0 52 81
57 0 0
51 84 0
3 0 2
62 0 60
0 105 0
113 0 48
0 0 0
0 0 0
0 113 0
44 0 46
32 17 5
0 0 0
29 1 0
8 0 0
0 65 0
71 0 119
84 89 47
95 92 0
0 27 68
12 0 0
0 0 0
0 0 0
0 9 92
71 0 37
0 39 104
100 82 90
10 68 0
0 102 0
0 0 27
0 0 108
0 34 28
0 13 56
97 47 0
11 0 0
119 0 80
73 0 0
0 37 64
0 0 43
0 4 0
22 82 78
0 0 0
0 38 119
37 81 58
0 0 0
0 0 30
0 0 0
0 112 0
7 71 0
91 3 0
0 97 0
0 44 89
0 15 0
0 40 39
15 0 17
19 26 0
106 113 33
14 97 117
113 120 77
0 59 21
23 0 25
19 68 55
0 0 0
0 19 0
0 108 8
15 101 103
19 9 88
0 24 0
115 19 0
0 0 1
0 15 88
99 0 1
0 0 54
0 71 39
2 0 95
0 0 86
94 0 0
0 0 0
0 0 0
109 0 0
3 0 0
80 7 0
69 34 0
37 35 0
11 0 0
0 85 112
0 0 0
52 110 67
0 28 120
0 0 0
0 0 71
0 107 0
0 69 90
0 83 55
0 0 0
100 83 100
0 91 58
0 88 0
66 73 0
11 0 18
0 121 0
0 0 0
9 18 0
0 9 7
70 29 0
12 0 0
0 41 13
120 0 0
0 99 0
0 0 102
38 0 68
64 0 54
112 26 95
0 64 0
0 110 0
0 99 114
0 0 120
32 55 117
115 0 0
22 112 0
0 0 91
0 0 0
0 0 0
0 60 58
0 10 0
51 110 62
93 48 43
0 120 0
93 0 0
0 80 0
0 0 0
0 0 95
117 86 0
0 0 0
120 0 0
0 0 80
0 109 120
0 94 0
22 0 21
0 0 85
0 0 54
0 51 110
0 0 0
0 76 16
0 0 88
99 0 21
85 112 2
18 0 0
0 72 110
0 0 61
18 52 65
27 0 46
40 0 20
41 0 70
96 0 85
0 44 100
0 0 0
32 64 34
109 0 0
58 0 0
0 15 23
0 4 0
0 0 0
0 3 1
50 17 0
47 108 91
0 0 0
23 0 30
0 0 0
42 0 0
80 0 65
81 119 70
0 25 7
0 0 0
0 110 67
104 101 0
0 12 27
0 0 0
106 80 0
0 76 52
0 0 9
0 117 64
0 0 94
76 0 90
0 91 0
0 31 100
0 0 64
94 0 59
74 0 0
70 114 8
110 50 0
0 19 101
0 0 0
67 7 33
0 105 0
66 0 0
27 56 0
0 0 63
14 0 0
118 0 0
0 0 0
4 0 121
49 74 0
2 0 39
0 33 117
73 42 0
0 22 0
17 72 83
0 0 0
115 0 34
0 66 0
74 0 40
113 0 90
0 0 64
0 36 0
38 87 89
0 0 0
0 0 0
107 0 109
0 0 71
5 0 0
0 0 12
85 107 0
0 69 0
52 0 118
53 0 36
21 0 28
111 0 116
0 83 0
77 0 20
45 0 86
0 0 19
0 0 0
37 0 0
41 81 0
109 0 59
0 0 0
0 0 86
7 0 71
23 0 31
100 28 0
0 86 77
78 0 55
91 115 0
82 43 76
108 108 0
0 0 97
0 0 47
15 0 36
15 0 91
19 0 0
0 116 78
97 0 0
0 0 98
0 11 34
0 13 27
32 96 0
20 0 0
0 0 0
0 0 18
37 41 19
26 72 0
62 0 0
0 0 88
0 0 0
0 0 29
104 119 0
8 98 0
0 4 0
30 118 75
0 18 0
0 0 0
13 3 102
0 0 58
57 6 0
70 0 0
0 1 117
0 87 116
53 92 114
0 0 0
0 45 0
0 0 0
0 80 73
0 0 0
0 84 0
0 0 55
119 0 80
35 17 41
100 0 20
0 7 77
7 0 0
0 20 93
96 0 0
0 0 120
0 0 0
89 0 0
103 0 0
101 20 28
0 99 0
0 0 0
0 96 8
36 0 0
71 107 0
47 7 0
0 0 0
110 38 21
2 0 0
94 0 0
10 2 107
40 0 0
91 0 42
60 0 59
0 100 29
98 0 0
0 0 0
46 0 115
32 0 0
6 0 0
100 0 65
52 81 2
0 0 0
106 76 0
0 0 0
0 37 0
91 0 0
0 25 0
43 0 118
0 0 62
49 0 61
0 0 65
0 13 73
0 56 60
49 0 46
118 13 63
41 41 73
0 0 0
0 86 14
0 93 7
35 39 50
0 0 120
0 0 8
68 92 0
0 114 54
12 85 67
87 0 0
0 32 0
0 96 40
0 106 23
0 0 0
0 0 0
41 0 9
0 0 118
0 41 0
40 0 51
44 0 0
74 0 71
4 0 30
100 0 67
86 0 99
0 0 96
0 0 74
0 0 0
0 0 89
91 1 0
0 28 0
0 0 109
110 10 90
0 114 0
0 53 0
0 0 0
0 0 0
0 0 16
0 0 0
0 5 80
0 0 0
0 68 81
98 62 47
0 0 0
0 78 0
117 0 0
14 0 53
1 0 0
0 0 30
71 23 42
0 64 5
82 0 0
17 38 0
105 103 0
115 40 104
0 0 0
0 0 0
107 0 0
68 0 0
0 0 61
0 60 100
0 113 14
64 0 109
19 0 33
0 82 2
52 0 17
0 53 87
0 72 0
0 78 110
0 0 15
28 59 6
114 62 0
14 100 84
112 14 50
5 0 0
72 116 0
0 89 0
0 0 0
0 0 69
0 0 0
103 104 0
37 0 0
0 0 0
42 27 91
60 0 53
0 113 4
29 96 87
0 0 0
0 65 43
0 82 0
0 0 0
2 0 0
13 0 0
32 63 12
34 0 0
33 115 1
17 55 0
0 0 0
41 75 28
0 43 0
66 76 115
56 88 86
0 0 0
21 23 42
8 0 46
96 91 0
0 0 43
102 94 25
45 0 0
0 18 0
50 76 0
18 85 2
11 80 36
0 0 49
84 26 51
0 0 0
0 0 46
92 15 121
23 0 51
0 0 21
0 0 0
0 33 43
0 45 0
0 0 0
79 5 25
0 0 72
114 0 78
0 49 102
91 0 0
0 102 0
100 0 105
0 63 0
0 120 0
44 48 45
75 0 0
0 0 97
105 24 91
0 81 94
121 0 105
0 0 118
0 0 0
0 53 0
0 61 0
99 0 96
0 99 0
43 0 78
0 74 0
0 96 115
86 79 3
0 0 0
48 0 0
0 21 99
0 0 0
0 82 100
0 120 0
0 0 0
0 19 0
84 0 35
0 0 0
117 0 98
97 50 85
0 0 83
0 43 12
120 76 80
24 121 0
0 0 0
0 35 119
0 19 0
0 0 0
32 0 74
0 0 78
0 89 0
0 8 63
0 0 61
38 78 23
0 0 81
98 0 0
23 84 82
0 75 0
4 33 0
21 0 44
7 0 0
0 14 0
2 16 86
100 0 0
12 103 0
38 0 0
0 7 0
14 0 0
119 14 116
1 0 0
0 62 67
39 76 40
0 0 0
0 95 100
74 0 0
45 0 0
0 38 61
121 0 0
118 0 63
0 0 0
0 0 81
12 43 0
0 36 0
0 0 0
0 101 19
61 0 94
0 0 28
6 8 17
0 72 68
0 0 0
99 110 0
0 0 41
0 0 110
0 105 98
0 117 0
6 56 0
43 54 0
37 0 103
5 0 0
0 49 59
0 0 0
0 0 0
24 0 0
0 0 66
54 0 0
91 0 66
113 38 0
0 16 0
0 0 0
115 79 113
0 103 101
0 62 74
0 71 114
0 34 71
118 0 53
0 0 27
59 0 29
0 63 49
0 119 0
0 0 0
12 0 115
85 0 28
49 0 0
0 12 16
35 0 37
63 42 0
0 0 0
0 37 0
0 0 81
0 77 18
56 10 0
18 0 93
62 0 0
70 11 0
0 0 45
0 92 0
92 0 0
86 71 0
0 0 97
0 0 0
0 0 29
0 110 43
0 0 0
0 0 0
111 0 0
83 2 0
84 29 0
0 0 74
0 0 20
66 0 0
88 44 0
0 62 0
0 0 42
54 0 53
56 14 0
54 0 0
10 0 17
24 0 0
88 26 32
9 35 101
0 112 0
37 0 51
50 61 7
112 0 0
32 17 85
0 0 95
0 94 73
120 20 0
0 0 15
96 64 24
0 0 0
0 0 0
0 0 0
0 0 70
0 0 84
71 0 111
0 0 65
0 31 0
38 0 79
74 81 0
60 0 74
104 0 0
0 60 0
94 0 80
0 105 0
80 56 0
11 53 0
0 0 0
102 86 46
98 63 93
0 0 64
50 0 6
11 52 0
78 15 60
0 27 75
0 0 0
0 0 0
54 103 0
52 118 0
0 75 0
99 4 113
35 0 82
54 0 26
11 0 105
0 36 24
0 33 32
0 0 0
0 0 17
0 0 92
93 68 114
102 68 0
112 113 0
0 0 0
0 0 0
0 120 0
0 51 0
36 59 20
0 113 0
0 0 12
0 0 0
112 45 94
51 75 0
12 0 0
44 0 0
39 106 74
16 84 0
0 1 0
116 0 26
0 0 121
0 9 0
12 0 0
5 13 0
17 112 116
84 85 0
0 0 74
0 38 56
0 0 0
0 0 105
0 93 74
81 2 0
10 0 0
49 107 65
0 57 48
0 0 107
89 54 0
74 40 105
121 1 0
0 0 0
0 20 0
0 54 8
0 0 0
78 45 0
54 50 40
76 0 3
41 81 0
118 0 0
0 101 26
0 95 22
0 35 69
0 0 17
0 0 33
115 109 13
0 0 0
0 0 50
0 68 0
0 53 63
0 0 0
94 88 0
0 0 0
90 64 100
101 59 0
72 6 0
0 118 53
0 9 29
0 0 0
0 0 15
0 24 52
0 61 0
45 0 31
0 0 0
53 0 0
0 0 16
0 119 6
0 0 45
65 109 108
0 0 0
0 0 30
80 29 106
22 24 40
0 0 91
0 0 0
67 120 94
57 63 0
0 0 0
0 0 27
0 32 0
121 114 0
0 53 105
106 0 0
84 0 59
0 0 0
0 0 0
35 0 28
55 89 78
0 0 0
68 88 120
103 0 0
58 0 85
0 44 49
0 0 73
0 0 0
61 0 0
97 0 119
0 0 0
23 0 0
0 0 59
72 119 98
48 66 0
0 0 0
69 0 43
47 92 0
0 0 0
112 0 14
111 0 0
41 121 0
66 48 0
0 0 10
88 0 0
0 18 67
0 8 44
66 0 0
105 0 51
0 66 0
0 51 6
103 45 85
70 85 4
0 0 0
11 30 73
0 0 45
118 0 47
0 0 0
0 0 0
0 4 0
0 6 8
74 97 0
106 0 52
0 51 0
96 0 0
0 0 0
0 0 0
0 108 37
97 0 0
0 107 39
103 0 0
0 0 0
88 70 0
0 53 7
0 0 0
0 0 0
105 0 0
0 0 0
0 0 104
48 92 36
0 103 40
0 0 88
5 20 41
44 41 1
0 104 0
0 4 1
52 0 0
0 44 0
52 0 10
0 103 0
0 0 0
104 0 0
0 0 118
74 0 0
0 0 44
26 95 0
97 73 0
0 0 9
83 36 0
89 0 0
0 52 0
0 0 0
119 0 76
0 0 0
0 107 0
0 0 95
39 43 0
102 0 0
50 11 47
95 0 119
0 0 49
0 44 34
0 63 21
61 0 76
0 81 88
0 0 19
90 5 0
17 107 14
31 7 0
69 33 0
69 53 0
53 0 108
0 0 30
5 0 32
59 119 42
93 54 115
0 46 65
0 0 0
0 41 53
84 0 38
108 17 0
0 0 65
0 54 0
105 17 0
19 108 0
29 0 82
0 117 0
0 0 0
61 48 0
86 0 0
0 11 42
0 6 0
74 35 81
114 0 52
0 0 0
0 22 114
16 0 0
0 0 82
0 65 0
88 100 31
0 46 22
24 84 0
17 93 0
0 111 105
87 72 0
120 118 0
37 39 0
0 0 101
33 84 0
49 94 93
0 0 0
0 114 0
80 90 0
98 25 0
0 0 0
63 0 13
0 0 49
0 0 101
70 0 39
0 90 0
66 0 70
0 0 34
75 0 0
71 76 38
0 0 88
97 0 0
0 16 0
108 0 0
7 11 62
0 87 44
102 35 117
0 98 83
0 29 0
15 88 97
0 26 58
0 97 101
0 0 38
17 51 0
80 75 71
0 95 78
80 0 24
0 0 22
0 27 0
61 99 77
74 40 0
0 0 7
1 0 0
14 117 50
53 0 79
0 64 0
0 27 121
38 86 56
0 0 0
0 0 0
0 0 75
0 0 94
81 0 14
78 99 0
25 45 0
0 108 0
0 31 0
0 70 0
0 95 120
0 104 0
0 76 55
0 18 0
30 76 78
0 47 0
27 66 0
0 0 0
0 53 15
43 121 84
37 20 0
0 0 0
0 0 0
0 107 0
86 0 84
0 0 112
0 82 0
24 0 0
37 96 0
60 51 90
43 33 0
0 0 66
0 68 0
111 0 51
98 0 77
21 0 106
0 102 116
100 9 0
0 111 0
71 0 91
70 3 0
72 0 113
96 0 29
0 54 108
75 0 46
25 0 0
0 0 52
116 96 5
41 49 95
0 73 5
0 0 11
5 33 111
15 0 0
26 0 22
114 0 93
0 1 75
0 0 21
52 77 102
0 0 49
0 0 118
0 0 0
104 108 0
0 0 0
60 118 0
0 0 71
0 99 0
107 0 0
0 19 0
0 64 0
0 18 0
0 0 0
66 0 0
0 1 53
100 67 0
18 7 63
0 0 4
32 0 23
53 0 91
38 0 0
32 92 46
30 0 87
0 0 5
9 14 0
0 67 94
37 0 111
27 121 100
0 0 98
35 118 67
0 8 40
71 47 0
47 0 0
82 0 38
0 22 37
0 0 72
0 0 0
0 0 0
119 52 29
0 0 45
57 0 6
0 0 51
76 44 0
0 111 0
58 0 0
0 56 0
33 0 0
0 0 0
2 119 11
85 102 0
101 80 0
0 0 10
0 8 0
0 53 52
0 0 121
29 22 0
72 106 0
0 0 0
0 0 65
0 114 0
3 112 0
21 57 59
0 0 0
0 112 45
0 0 0
0 102 0
0 67 54
92 0 0
0 48 74
0 0 105
105 70 0
0 16 0
0 37 0
66 26 0
91 0 15
0 0 44
0 0 113
0 0 66
0 44 88
95 0 48
67 67 17
76 0 0
9 0 19
58 0 115
0 30 5
65 98 42
0 0 62
0 69 0
37 0 0
0 0 69
0 71 78
0 68 109
0 39 0
0 56 118
0 0 0
113 0 24
87 0 0
0 0 105
20 119 0
0 121 0
0 0 0
50 24 0
6 0 0
0 0 0
0 67 60
0 0 112
0 61 73
82 116 0
0 0 102
44 0 16
0 0 43
80 0 0
117 0 56
57 0 0
0 0 70
0 60 11
0 89 0
0 0 97
118 0 54
28 7 9
5 80 0
93 0 0
29 79 0
0 0 15
102 107 0
79 0 0
0 79 121
75 9 0
0 119 0
116 18 0
52 57 9
99 71 45
26 61 0
0 0 78
0 83 121
74 84 0
45 0 0
82 32 0
100 51 8
0 82 50
0 0 0
0 59 10
105 0 0
0 2 0
0 0 0
0 64 45
0 89 0
70 0 73
0 13 56
45 0 0
0 36 6
82 52 0
0 63 119
0 116 60
112 0 0
65 13 0
0 0 0
0 2 37
0 56 0
0 87 0
0 0 0
111 0 99
8 0 0
108 13 118
14 0 112
0 0 65
0 13 63
94 0 98
120 54 116
0 0 7
84 102 0
0 114 0
0 0 0
52 0 54
0 0 0
0 95 0
0 107 0
10 6 1
0 117 77
0 0 0
80 0 106
102 81 0
95 0 112
46 0 0
23 102 0
99 25 0
0 0 17
0 0 30
119 24 96
0 0 16
54 13 0
79 0 0
0 69 78
5 100 0
0 0 102
22 53 0
0 99 0
29 55 0
99 0 6
0 0 110
58 82 46
91 0 0
0 0 0
5 0 43
17 106 0
81 0 5
0 0 0
0 98 0
116 17 56
0 107 101
0 0 71
67 0 0
0 0 0
0 48 104
0 94 0
25 10 0
12 98 0
0 0 92
27 39 67
0 85 0
0 14 51
48 0 0
0 0 6
3 41 0
0 43 0
0 0 13
41 4 0
0 0 102
0 58 0
28 28 0
0 106 0
0 103 23
0 0 0
0 0 0
68 0 0
71 0 0
112 100 0
15 79 4
37 0 84
16 105 43
0 0 8
97 84 0
77 9 99
29 108 0
0 43 93
112 86 109
121 46 0
65 104 0
96 105 0
0 119 13
11 0 0
116 0 11
0 0 0
0 57 0
0 87 0
67 71 45
61 89 120
0 1 0
0 0 0
54 72 82
0 104 3
0 5 11
0 0 0
0 0 0
1 92 0
1 0 0
0 13 97
0 110 0
6 0 0
52 41 45
0 2 68
0 0 58
63 0 0
0 0 79
72 0 0
57 0 80
0 37 78
77 0 107
72 27 0
16 57 0
0 0 0
65 114 0
34 72 0
0 119 44
0 115 103
0 42 0
121 102 0
0 12 10
0 72 63
0 0 118
106 64 10
0 0 86
72 16 0
0 0 21
0 0 0
3 0 0
0 1 0
0 0 105
0 0 0
0 103 101
0 0 82
44 0 0
0 0 89
58 0 0
6 0 115
0 47 111
0 107 68
0 0 0
107 92 60
62 35 0
0 24 74
113 0 84
0 0 0
84 41 0
0 0 99
114 30 0
115 0 0
99 54 0
0 58 74
96 95 63
0 0 72
0 0 0
0 70 47
0 0 0
7 22 40
0 0 0
9 107 0
13 73 51
0 2 0
0 0 106
52 0 65
78 0 0
0 0 0
0 0 0
8 93 0
0 0 0
0 76 0
87 0 120
0 0 0
0 0 0
0 0 0
114 16 56
0 67 0
116 0 0
77 0 98
14 78 47
0 0 25
4 103 0
0 0 12
0 0 0
63 80 0
65 4 83
0 9 71
93 0 0
50 14 41
0 66 112
0 118 0
0 71 56
106 0 78
121 63 117
0 0 19
102 84 89
0 0 119
0 0 0
0 85 0
0 0 74
0 95 0
107 0 26
69 51 25
0 0 41
16 0 0
0 0 54
0 0 40
0 66 0
112 0 0
0 61 0
5 2 78
91 0 120
0 0 44
0 0 13
0 96 0
84 0 74
0 39 78
30 0 0
0 76 0
13 32 92
0 0 0
19 32 37
0 0 66
1 93 62
0 94 0
0 23 0
78 0 86
49 76 0
0 112 0
121 0 5
0 81 0
25 0 0
0 34 98
0 28 0
0 38 10
0 0 50
0 105 0
0 116 0
0 0 0
0 0 0
79 0 0
0 88 64
0 0 0
88 18 106
70 79 0
0 0 51
118 79 42
120 9 0
68 61 33
3 0 0
69 0 0
0 0 0
121 69 0
0 0 0
91 44 0
106 0 113
0 117 7
0 0 36
2 78 0
88 37 101
56 23 10
74 0 0
0 45 48
0 0 0
0 42 73
0 0 0
0 30 39
114 37 29
115 0 0
28 88 0
0 0 0
0 0 42
0 0 0
41 0 49
93 105 9
7 93 0
0 102 0
0 24 0
0 79 65
0 0 0
0 40 65
0 0 118
110 0 0
3 0 15
0 80 110
7 113 85
0 0 4
0 47 0
8 0 0
41 37 0
43 23 0
0 60 0
0 0 0
0 27 0
82 62 119
0 0 9
0 0 0
17 0 0
0 30 25
76 0 0
33 118 103
100 0 13
0 0 0
0 0 99
71 96 83
0 0 0
0 0 35
0 0 0
0 0 45
117 0 0
0 0 25
43 0 0
0 26 82
0 121 64
0 0 6
0 0 12
111 84 0
92 0 95
0 3 87
25 0 0
34 0 113
0 0 0
0 0 113
43 0 43
0 0 0
0 0 3
23 0 0
63 0 0
0 0 111
54 0 72
0 0 0
73 0 0
33 118 100
0 30 32
21 101 0
108 96 106
0 0 46
73 115 0
0 0 0
88 40 0
76 78 49
0 117 104
56 17 103
0 106 0
22 117 51
0 0 79
0 0 0
0 0 31
0 115 0
0 62 19
0 0 0
0 0 0
35 0 84
0 97 13
0 0 110
0 93 0
0 3 63
5 45 76
112 0 0
89 0 0
63 89 12
0 0 0
116 0 0
0 0 0
97 8 0
116 0 43
0 0 57
0 0 71
0 99 0
0 10 77
82 0 1
55 68 0
0 113 9
59 117 69
0 0 30
0 0 0
0 0 0
119 0 0
0 19 0
28 0 0
114 0 30
0 0 119
0 120 120
31 49 97
0 0 0
114 0 29
0 0 117
93 121 0
48 0 0
0 41 4
0 0 101
0 54 0
55 30 112
98 0 52
99 74 86
0 52 87
0 0 68
0 0 0
22 0 0
34 102 0
0 0 116
0 0 0
0 0 0
16 96 47
84 0 57
50 103 0
103 106 0
0 94 74
0 88 8
61 0 20
0 0 63
0 0 0
106 0 110
39 64 52
35 0 0
94 9 67
119 0 0
0 0 0
37 65 0
0 14 0
108 0 0
2 0 0
45 0 0
0 0 0
90 10 3
0 106 99
0 0 0
104 0 0
43 0 0
0 73 0
1 0 0
83 0 0
86 118 75
0 62 0
77 55 77
0 12 1
74 60 64
0 102 33
31 0 26
0 0 0
0 0 0
0 33 22
40 0 27
0 0 0
0 31 0
56 0 44
0 115 70
0 0 0
0 33 38
0 0 0
41 50 11
83 0 62
0 0 0
52 99 0
0 0 104
0 111 36
20 52 9
0 43 85
25 98 0
15 102 0
96 17 0
36 68 107
0 0 108
11 0 0
0 109 1
0 69 0
0 100 32
0 0 0
118 12 0
56 0 76
114 31 0
0 0 58
0 106 0
82 60 0
15 0 0
110 77 79
39 117 0
0 111 50
108 0 0
0 0 0
0 0 57
14 44 67
13 92 0
0 0 119
0 113 26
0 11 0
0 66 72
28 86 115
0 0 40
0 20 0
0 1 0
78 12 75
0 0 23
0 0 0
0 5 0
0 80 0
102 0 0
46 58 97
0 11 0
2 0 0
48 19 0
108 0 0
0 85 90
0 0 0
0 0 86
0 0 66
24 0 87
60 0 0
27 0 86
0 91 44
0 0 0
0 35 109
0 0 102
68 0 116
73 0 76
0 48 0
56 92 0
15 0 0
0 82 0
63 80 0
0 10 0
0 0 0
7 94 0
0 87 0
0 0 108
52 25 95
86 0 0
44 0 116
27 37 0
0 0 0
0 24 35
0 0 43
59 0 0
73 72 66
0 40 32
103 0 37
0 0 0
0 0 0
31 0 0
0 0 0
0 0 0
94 0 112
111 0 41
0 30 98
93 92 0
21 0 0
0 71 0
0 58 0
31 0 0
27 97 0
18 0 0
0 0 82
101 4 100
99 0 0
0 54 94
34 73 49
80 110 37
0 82 0
59 54 61
43 0 0
86 19 0
0 0 98
0 90 37
0 33 33
13 0 0
0 106 0
60 0 0
100 106 0
0 0 41
0 87 0
112 0 14
0 0 0
39 111 0
0 0 0
0 0 0
92 0 23
53 0 73
30 26 48
98 76 48
59 0 0
38 0 15
68 108 13
108 10 0
4 0 6
0 41 0
5 0 0
4 114 0
43 0 0
47 0 2
58 0 0
0 0 0
0 16 83
77 0 49
0 0 83
36 0 44
87 49 0
0 0 0
0 51 103
50 116 21
79 21 0
0 0 0
0 64 57
0 106 0
24 0 0
9 0 75
0 0 34
26 89 81
17 40 28
0 5 77
0 0 0
33 0 0
0 6 0
0 0 0
0 0 59
0 102 0
97 89 0
0 0 0
67 76 0
102 12 51
0 0 0
15 49 42
0 0 0
0 0 0
62 29 0
0 11 0
0 43 0
0 14 107
24 106 0
0 0 0
0 97 4
22 121 0
45 14 0
59 96 0
0 118 0
22 0 0
0 0 0
0 4 15
0 0 5
0 0 58
66 102 0
0 0 67
0 97 21
50 113 98
0 96 0
0 0 28
0 0 0
0 47 0
77 0 0
92 0 0
0 0 32
0 38 17
12 0 0
0 0 0
12 0 0
87 0 0
0 0 24
0 0 0
47 7 0
64 31 119
0 0 36
79 0 8
0 92 92
0 0 82
47 30 0
101 14 0
83 85 68
0 93 0
51 0 99
111 0 0
0 43 9
0 0 114
80 45 0
0 111 0
47 25 34
0 15 16
94 1 0
0 0 44
75 54 0
37 108 0
0 0 80
66 121 79
0 36 105
97 0 0
85 0 0
43 0 0
14 0 30
0 0 0
0 1 28
28 17 111
0 0 48
0 77 68
0 67 0
0 24 33
0 0 0
0 115 0
0 31 45
26 0 86
60 117 55
0 22 48
0 63 68
0 0 0
0 112 65
36 12 17
43 0 6
0 0 22
31 0 70
27 0 0
27 0 76
0 108 2
0 0 0
118 0 23
0 120 0
0 54 92
0 0 70
80 96 84
0 12 87
62 12 0
76 100 14
93 91 30
0 0 0
0 16 81
72 12 91
98 73 0
0 0 83
89 0 0
0 0 2
0 10 0
15 0 0
68 0 93
13 0 97
115 64 0
0 0 0
64 46 0
0 0 0
0 0 0
0 87 0
54 46 0
2 102 43
27 0 49
70 46 20
25 84 0
0 0 0
0 89 0
0 94 0
0 0 0
0 0 0
0 0 0
0 0 0
0 0 85
26 48 0
78 104 0
38 0 99
0 29 0
110 0 0
0 0 23
8 0 0
0 0 53
0 40 0
89 29 39
48 80 33
0 0 0
120 78 0
0 35 29
49 83 83
0 0 28
0 8 0
0 86 0
56 0 53
0 68 106
0 84 0
0 121 48
0 59 0
0 56 0
0 109 0
0 68 83
0 4 0
0 0 54
53 18 0
0 76 0
0 90 0
108 93 95
0 74 0
0 119 67
88 60 0
47 87 34
56 99 0
0 33 83
26 0 22
0 0 0
8 36 0
0 0 0
4 35 0
94 0 114
0 0 0
118 34 0
0 44 82
68 0 42
0 51 49
26 0 0
0 18 98
0 0 0
119 38 0
0 0 46
93 0 93
0 0 63
0 23 0
25 10 0
0 28 52
82 91 0
60 83 18
103 0 0
52 0 91
0 52 0
103 0 15
11 0 0
0 42 45
0 47 0
0 9 0
2 0 0
8 0 0
9 0 93
93 16 65
0 76 69
72 61 0
0 0 0
118 0 100
81 101 13
86 0 0
0 0 0
0 105 62
0 22 0
17 83 0
45 0 0
0 60 47
112 89 0
0 12 0
0 0 58
78 109 0
0 0 0
0 91 47
0 0 120
0 0 0
115 112 0
0 0 0
0 0 0
0 0 0
0 74 0
42 0 0
100 0 0
99 0 0
11 50 86
0 36 71
13 0 118
0 54 110
0 0 67
0 11 0
47 23 26
0 12 0
0 0 0
0 0 0
81 0 30
0 25 0
0 0 0
35 116 0
1 112 3
0 95 73
0 0 0
0 0 0
0 0 24
0 110 0
80 0 95
0 0 0
0 77 102
43 0 0
30 5 0
54 114 0
93 20 49
27 0 29
107 0 43
0 0 0
0 0 0
0 21 19
0 0 4
35 82 0
114 0 32
99 0 28
0 0 18
115 90 0
0 0 0
0 0 24
16 0 0
0 120 0
19 0 0
0 0 98
0 66 81
0 57 0
4 74 0
16 0 0
0 7 0
0 78 0
37 46 80
0 0 0
111 0 12
82 0 105
63 30 0
33 0 99
0 0 0
20 0 0
0 106 0
94 63 52
16 74 0
0 33 0
85 15 53
0 117 0
86 0 0
50 0 100
0 89 0
0 69 0
0 0 78
32 0 75
13 4 21
0 0 0
34 0 0
29 0 98
20 43 0
15 119 0
0 0 0
11 0 25
0 0 34
0 86 0
110 0 0
0 75 40
26 0 19
0 88 0
0 19 0
0 106 73
0 0 0
0 89 0
30 0 0
0 87 37
88 112 107
0 3 0
0 0 0
0 18 16
114 0 56
0 0 100
40 54 0
33 13 0
0 32 107
0 79 46
0 105 9
0 119 0
0 0 0
0 0 1
94 79 0
0 0 0
0 0 0
81 74 89
98 44 71
53 36 0
0 22 0
0 0 54
75 108 0
26 0 0
102 0 104
82 0 0
96 0 45
69 121 0
14 0 17
46 0 88
45 35 0
81 0 0
0 0 0
5 96 38
110 0 54
30 1 0
116 0 91
0 0 0
0 22 0
7 85 0
0 9 48
94 0 1
63 0 99
62 0 40
0 18 69
7 0 87
97 0 64
106 0 69
94 113 0
99 18 22
0 1 0
24 58 0
0 0 0
0 0 0
25 0 0
49 48 13
61 0 80
0 119 9
64 45 0
41 0 67
0 0 0
93 49 32
67 0 58
0 83 10
28 66 75
0 83 99
88 0 54
0 25 11
13 36 0
49 0 110
0 52 0
41 4 0
0 53 0
9 0 0
0 0 0
85 0 0
0 88 56
103 0 0
29 63 0
74 0 0
0 42 0
0 0 36
0 0 0
0 0 0
0 13 0
1 77 75
120 19 0
56 0 0
0 0 11
58 0 72
12 28 10
0 0 100
0 63 53
16 0 0
91 0 108
0 0 0
61 52 0
57 15 0
102 0 0
0 0 0
0 0 41
102 0 96
20 37 0
70 0 44
0 0 0
0 116 15
110 51 29
0 12 102
40 105 0
0 0 7
0 73 7
0 83 14
0 0 93
0 0 7
0 0 93
1 6 0
72 22 33
0 4 0
73 0 1
70 81 105
0 31 0
8 0 0
0 0 0
0 115 0
0 58 0
87 0 45
0 57 63
0 4 0
97 24 19
108 10 58
0 0 0
52 0 54
29 0 0
0 0 0
0 0 11
2 0 77
0 0 55
0 111 0
0 2 31
107 119 109
0 30 96
81 0 93
0 0 0
83 0 34
0 0 15
97 1 98
0 0 0
51 0 75
93 9 89
0 70 24
102 109 121
0 0 0
57 0 83
19 93 0
0 34 31
0 0 1
40 79 44
10 0 0
106 5 105
14 0 99
0 0 0
32 18 0
41 108 72
0 61 28
114 0 54
22 0 84
103 0 0
0 56 0
0 49 0
24 89 0
0 61 0
0 19 0
0 0 31
0 0 29
19 13 0
94 72 0
84 0 0
19 24 0
0 45 0
0 0 52
16 86 0
0 0 0
0 0 2
94 23 104
0 54 30
0 0 93
0 85 0
0 66 8
0 0 0
101 109 115
52 0 0
0 11 0
0 0 107
0 0 0
0 117 41
83 0 46
0 0 0
2 0 61
17 75 0
92 11 0
0 52 0
0 71 90
79 45 0
27 0 0
0 21 0
34 86 70
94 0 110
0 110 36
0 0 109
41 13 0
12 50 28
0 0 9
0 114 0
40 78 0
82 0 87
0 0 110
87 115 64
0 0 0
104 0 0
86 0 0
76 0 75
49 0 109
74 0 0
93 0 0
119 0 0
33 0 0
0 0 0
0 64 85
103 0 108
7 120 0
94 0 103
0 2 101
0 10 91
13 7 0
97 0 0
43 22 0
7 0 0
0 0 0
0 0 12
0 44 0
0 0 0
0 0 64
0 52 0
0 0 39
59 0 70
26 0 0
0 56 58
0 115 0
71 117 2
0 0 0
0 43 106
95 0 25
44 2 95
0 71 0
0 0 0
79 98 0
28 0 102
0 0 0
0 24 0
104 19 0
0 0 121
33 0 0
105 0 0
106 87 0
0 121 12
0 0 29
0 0 120
0 0 115
0 96 0
11 0 0
0 0 0
0 77 37
108 0 107
0 9 0
0 0 0
48 78 39
24 67 0
58 70 16
0 0 110
65 88 0
0 0 32
84 0 0
0 0 96
19 115 0
57 38 0
0 0 36
0 0 98
4 0 48
0 71 0
0 29 16
0 75 20
0 79 30
95 23 0
0 36 93
0 61 95
0 0 0
0 3 9
91 64 16
0 0 0
0 34 83
58 0 0
31 112 0
50 0 0
0 69 20
0 0 79
104 0 0
91 0 4
51 0 0
55 0 90
79 6 0
26 99 0
0 85 42
83 0 107
0 0 99
0 42 0
0 0 0
0 0 0
35 100 0
0 11 16
30 0 0
12 58 29
48 0 74
0 53 0
9 0 50
40 105 0
100 46 0
10 0 0
117 85 15
0 0 112
0 0 0
0 31 0
0 39 0
0 6 75
0 0 118
0 93 42
0 89 11
109 0 0
0 50 0
101 78 55
0 42 0
40 79 0
55 119 0
66 0 0
88 96 0
0 74 0
20 117 70
3 0 11
103 103 60
0 0 46
0 0 54
0 0 16
0 0 0
49 0 35
78 0 0
94 0 27
0 0 0
96 0 0
0 0 0
22 0 0
0 86 0
0 0 45
0 84 0
0 0 0
0 97 110
0 0 117
31 0 0
0 0 39
70 53 28
0 120 95
86 88 0
2 74 112
0 0 56
0 95 0
0 4 0
0 110 73
117 32 0
0 0 0
0 92 0
0 14 0
0 0 116
0 60 0
0 113 0
0 0 0
76 0 117
0 0 100
94 18 0
0 112 87
6 0 45
0 0 49
0 0 117
99 0 70
85 0 0
110 102 0
0 0 0
35 74 64
0 117 68
0 0 16
0 0 0
0 27 28
76 0 0
0 0 8
8 17 108
0 0 52
0 7 0
102 0 56
0 39 96
86 0 0
41 44 0
22 72 0
0 0 0
0 0 0
0 0 0
0 86 68
74 0 0
4 33 58
36 44 0
0 0 0
83 113 0
95 18 10
27 46 0
57 14 79
0 0 0
22 103 0
0 22 0
41 0 54
0 9 0
0 86 0
29 0 8
0 0 0
0 0 84
90 94 108
82 0 79
0 116 0
0 0 0
0 0 100
0 0 19
94 35 89
26 90 0
102 90 0
48 0 91
36 0 99
32 19 13
106 0 32
35 18 0
0 0 0
30 0 0
8 0 0
0 12 89
16 23 51
0 0 115
0 112 3
10 44 0
47 0 80
34 119 0
8 0 50
89 0 47
0 0 0
0 100 0
105 113 0
13 81 0
0 90 12
62 121 0
20 0 87
40 6 0
0 0 0
67 0 0
0 82 0
8 0 0
33 21 0
101 34 0
0 101 0
0 0 11
0 64 0
20 10 0
36 0 112
96 14 105
0 119 44
117 0 31
86 0 0
0 0 108
97 0 117
65 103 91
0 111 40
23 80 0
0 87 18
112 0 0
0 0 42
0 1 41
41 9 27
0 53 0
67 0 0
31 0 0
0 0 0
29 0 0
0 0 111
0 0 0
0 7 0
0 89 83
0 114 0
78 0 0
29 32 0
57 0 89
0 0 62
120 108 0
0 0 105
82 0 0
0 0 57
0 0 0
55 0 35
0 32 61
0 7 0
0 68 0
104 90 83
79 0 7
71 0 90
0 11 119
60 68 115
0 0 0
50 0 46
0 0 0
80 0 0
67 0 10
31 0 0
0 0 116
0 0 0
0 44 0
116 25 58
81 85 63
73 0 0
60 14 93
96 107 44
0 0 15
75 0 0
0 0 105
81 0 0
0 0 28
96 31 0
0 0 0
0 69 1
0 0 0
0 28 60
0 58 33
0 0 104
97 0 45
0 95 0
110 111 0
68 33 45
72 5 0
46 119 0
0 0 0
8 109 0
38 40 40
67 0 0
28 0 0
0 85 83
57 86 0
107 27 55
90 28 70
0 51 16
47 0 0
65 94 0
43 111 97
28 7 0
0 0 81
0 101 57
8 0 0
28 0 66
0 63 72
84 0 0
0 45 95
0 0 47
0 92 2
7 104 90
59 65 0
0 0 0
78 0 12
98 0 78
0 0 114
0 48 0
34 40 0
107 25 11
0 0 17
0 2 39
107 81 0
0 0 69
57 5 46
64 40 0
0 17 9
0 49 4
13 84 82
0 45 53
0 78 0
0 117 117
0 119 0
0 118 0
0 0 0
15 16 39
8 0 117
103 32 66
25 0 36
24 0 0
79 65 0
0 27 0
0 0 0
0 0 110
42 0 56
0 33 16
37 7 100
0 37 0
44 0 0
0 2 0
0 56 0
0 43 0
0 0 0
49 60 106
96 0 84
0 75 63
0 86 76
0 0 0
0 0 0
24 36 0
25 0 0
2 11 103
54 15 0
19 103 0
9 0 75
96 20 108
17 0 0
101 0 61
0 0 68
0 71 0
51 0 0
0 10 0
24 0 91
98 17 0
0 0 115
107 0 0
0 121 32
50 6 4
0 121 0
0 35 0
0 55 114
0 0 45
0 0 0
56 0 57
0 0 33
96 52 0
0 58 120
0 82 101
9 0 10
0 0 0
103 80 0
30 0 61
69 0 13
0 119 104
0 88 0
0 112 0
100 27 107
119 0 36
25 0 0
0 0 25
0 0 0
37 0 0
0 117 0
119 14 97
9 0 11
0 0 46
80 23 97
29 51 83
78 87 0
32 8 0
0 0 41
105 0 117
0 0 0
34 0 0
0 17 0
40 0 0
76 0 0
106 0 0
0 116 59
75 87 72
0 0 0
10 0 0
0 105 0
35 47 0
0 0 0
12 0 30
10 0 45
71 56 110
0 107 36
58 78 6
0 91 0
0 63 84
112 0 0
0 0 0
21 64 0
0 0 0
46 0 28
0 54 0
0 0 50
65 91 0
110 0 0
0 26 0
0 0 67
69 63 0
55 56 12
100 68 70
52 11 52
0 28 0
0 8 0
0 0 0
0 67 0
0 30 40
12 117 0
0 0 51
4 0 65
92 0 0
10 77 0
0 90 0
66 111 0
64 115 0
85 0 117
0 89 0
41 52 11
0 0 54
30 0 115
19 74 49
0 0 50
0 0 0
0 20 0
87 2 116
0 51 0
117 0 69
74 78 56
0 0 96
0 67 17
0 0 0
51 0 82
107 26 0
0 29 0
105 0 0
47 0 0
0 0 9
0 55 116
50 0 0
49 0 0
62 107 99
21 0 68
0 27 0
0 0 0
16 0 0
0 0 0
0 42 0
70 0 104
13 28 90
96 0 68
82 2 48
0 110 46
40 14 53
98 0 0
0 0 0
48 0 0
0 39 57
26 41 64
19 0 116
0 0 0
0 0 102
38 0 0
0 0 120
0 0 12
0 0 0
0 0 95
76 85 0
0 0 0
0 17 16
121 66 2
0 88 0
33 0 0
0 58 0
121 0 0
0 0 12
0 0 22
0 0 0
21 0 0
85 0 0
0 0 0
22 63 106
0 0 107
5 0 72
70 0 90
39 0 53
63 0 17
0 49 48
0 0 0
0 0 40
82 108 87
106 60 58
26 0 42
83 0 76
93 0 0
0 0 0
0 106 0
0 0 0
0 0 17
41 18 58
0 121 0
69 8 0
61 0 0
87 0 0
0 0 0
0 0 109
64 0 0
64 67 0
0 75 80
0 81 18
15 0 0
94 0 0
33 0 0
0 9 0
0 0 109
0 6 46
0 0 67
43 42 0
107 33 50
48 0 0
35 32 0
0 2 108
0 0 0
47 0 0
0 0 41
0 0 6
0 76 26
0 14 115
0 0 0
0 83 42
30 0 35
0 11 0
118 0 0
0 7 0
94 0 0
0 89 14
91 44 0
9 0 102
0 0 60
0 25 0
79 35 0
0 0 0
0 101 0
13 47 0
0 0 39
65 0 106
114 0 0
0 49 0
15 0 51
51 116 3
0 95 79
95 0 0
0 0 2
0 104 11
0 103 0
100 0 26
0 0 0
0 0 15
81 39 2
21 52 33
0 0 0
0 0 65
3 15 0
0 63 109
0 0 22
0 0 119
59 0 93
0 0 47
0 33 0
0 114 0
0 0 117
0 61 18
0 0 0
53 6 29
0 101 58
23 0 36
0 7 0
0 43 0
5 112 0
0 0 0
0 0 98
59 0 0
0 107 0
104 0 12
41 4 0
16 66 96
0 0 9
93 0 22
16 0 0
115 117 0
0 116 0
75 0 62
0 84 36
80 103 0
0 0 95
116 0 38
5 0 5
0 0 111
0 0 0
0 0 44
0 0 0
20 57 29
0 0 0
0 78 0
65 39 100
91 0 0
37 0 0
0 0 19
0 0 14
9 0 0
76 6 112
98 0 0
0 0 13
0 118 98
82 0 0
12 0 0
0 0 109
35 0 59
0 0 71
84 0 0
72 15 0
0 0 0
114 0 10
16 3 0
0 0 49
32 0 0
69 0 0
0 60 0
0 0 0
0 98 0
91 2 38
64 39 0
0 21 0
71 57 90
0 56 0
78 0 113
32 0 110
47 70 0
82 0 0
0 0 48
0 0 0
0 40 0
0 0 24
0 88 106
0 0 75
0 59 89
102 96 38
29 101 42
0 15 104
17 51 31
100 112 54
112 0 12
30 0 29
0 24 117
0 0 35
0 0 0
107 0 0
0 1 0
42 0 0
94 120 28
76 29 0
68 102 73
93 0 0
83 0 43
91 0 0
16 0 0
0 57 0
0 24 77
0 0 0
0 0 0
0 0 0
82 61 42
92 0 20
118 75 0
0 0 0
0 0 0
97 24 0
0 49 57
0 31 62
74 38 0
43 69 0
103 99 0
17 0 0
0 0 28
116 79 0
92 0 0
0 106 0
23 119 0
0 0 111
0 0 0
0 102 109
0 0 55
0 18 0
96 65 7
0 0 13
0 28 15
110 0 99
0 0 0
87 0 0
0 121 118
0 69 84
69 100 72
0 0 0
0 90 0
90 0 47
0 0 14
74 115 70
55 0 0
23 26 0
63 39 61
99 107 82
46 0 0
0 20 0
13 0 0
58 118 0
0 72 81
78 54 30
82 107 28
27 37 28
0 0 0
69 0 82
21 74 45
0 31 86
0 0 7
60 26 0
0 46 0
23 120 0
45 0 47
97 17 46
0 0 0
0 67 25
0 0 57
0 0 0
116 108 24
65 108 19
0 0 0
46 84 0
0 0 51
6 0 0
119 96 0
48 20 77
93 0 0
0 0 99
61 0 0
0 19 32
0 92 96
23 74 33
0 49 87
0 0 0
0 8 104
0 0 0
39 109 0
48 7 102
34 88 92
0 0 85
95 0 62
0 0 0
0 0 26
0 0 0
0 0 33
0 17 41
0 98 94
0 7 48
0 14 79
0 20 0
82 28 7
38 0 0
119 0 30
45 0 0
72 36 49
21 23 0
0 0 116
0 83 47
0 0 50
0 8 61
21 99 69
0 0 0
0 89 41
106 0 102
0 76 17
0 0 0
0 0 88
0 0 0
0 0 82
42 0 0
0 91 0
68 90 63
0 32 0
0 0 0
0 0 8
87 120 0
108 0 0
76 0 0
0 112 120
71 0 48
0 94 0
0 89 0
0 0 119
0 56 81
114 0 0
0 0 56
72 0 0
62 0 0
0 0 44
55 0 0
0 51 0
31 0 0
0 0 0
0 0 78
43 74 99
9 0 120
86 79 0
77 0 108
0 0 0
0 53 28
0 35 0
76 20 0
94 82 97
44 0 102
0 89 0
0 25 0
9 0 0
0 0 27
0 71 0
73 0 71
0 45 0
72 0 0
0 0 69
0 0 0
0 0 36
95 57 0
36 70 0
0 18 0
28 0 0
0 103 90
0 44 22
103 0 0
0 0 72
17 47 33
0 0 0
0 0 0
0 55 27
119 121 98
79 76 0
50 4 0
0 59 0
0 107 90
120 0 119
0 51 93
0 7 121
58 46 45
0 14 14
51 95 56
110 0 30
75 0 0
119 0 31
30 0 0
27 0 31
81 102 60
0 32 0
55 69 1
84 89 0
0 112 43
0 93 110
58 62 0
10 0 0
42 101 0
0 105 11
60 106 0
0 0 0
99 15 76
0 40 67
0 0 110
9 99 0
102 0 40
0 105 119
0 121 51
14 0 93
31 0 40
0 0 28
61 0 59
0 0 0
0 0 0
0 24 10
0 27 83
0 0 0
0 0 6
0 3 0
0 53 71
95 24 32
0 0 0
60 61 49
0 72 0
0 0 0
0 87 109
106 32 0
76 118 92
0 36 45
31 59 0
121 0 65
0 18 4
0 30 0
27 0 0
66 83 0
49 69 83
47 60 96
56 18 4
75 64 8
0 2 0
76 0 52
83 0 11
0 43 29
110 0 24
35 111 0
0 0 0
0 9 0
24 94 0
0 49 0
27 49 118
0 105 0
74 0 96
0 0 45
0 0 117
0 0 116
59 0 71
98 0 18
0 61 88
2 30 107
8 11 0
117 0 119
0 0 14
0 34 0
0 0 94
0 5 0
10 15 0
0 50 0
0 23 80
121 11 0
57 0 98
20 53 50
89 60 0
0 41 0
83 60 0
51 84 70
69 20 0
0 114 0
0 0 0
0 0 45
89 0 90
0 0 0
0 0 0
0 66 85
0 27 0
62 91 0
0 47 0
0 0 33
65 43 43
0 0 0
19 0 31
104 0 0
78 27 0
89 0 0
49 0 45
44 0 0
99 0 0
0 34 107
100 26 25
0 120 41
0 0 65
117 94 64
0 0 77
115 0 31
3 0 53
0 0 0
0 112 0
0 9 9
0 0 0
46 0 0
59 0 84
4 0 0
0 100 0
0 75 48
0 0 0
0 119 92
0 0 36
0 106 13
70 0 77
80 0 0
77 0 0
0 0 77
13 0 0
55 0 8
0 44 13
92 85 0
7 33 104
0 0 0
76 102 0
0 0 0
43 103 3
0 0 105
77 37 38
0 0 0
28 20 0
80 0 20
57 12 40
0 57 0
40 78 0
31 0 62
0 0 41
0 0 33
112 0 112
99 39 57
0 0 0
0 51 109
104 87 3
14 0 79
0 76 0
0 57 40
86 0 0
0 0 0
0 121 0
77 0 0
0 0 0
30 0 36
0 109 0
100 0 86
28 0 101
0 39 0
50 32 0
70 0 13
0 0 49
0 0 0
58 0 95
0 19 40
0 81 66
64 63 94
0 118 7
0 0 0
0 0 0
120 75 87
56 83 54
111 105 10
0 0 43
99 0 0
53 0 60
0 0 0
0 0 0
62 71 110
56 47 19
0 0 81
56 83 80
0 0 61
70 70 0
0 0 65
1 0 0
73 0 0
0 0 0
48 0 117
0 0 0
49 0 0
0 0 0
0 0 60
91 0 0
87 0 98
86 0 97
116 3 0
22 0 0
0 52 0
26 120 0
3 0 114
0 67 61
0 0 41
0 0 0
0 0 70
22 0 0
95 75 0
68 91 91
112 97 0
0 0 29
99 57 0
0 72 0
21 89 0
89 0 0
0 0 0
0 19 33
0 39 0
0 105 36
47 0 114
27 15 110
62 98 0
0 0 34
62 0 0
116 45 0
0 0 0
97 0 29
0 57 0
0 0 0
0 95 0
26 0 0
60 0 119
73 0 0
48 0 9
0 0 6
0 48 24
0 30 0
0 0 0
112 0 56
0 72 0
0 102 0
73 0 0
84 0 0
43 119 0
0 35 0
31 45 0
88 4 0
97 0 33
0 114 70
26 45 43
100 0 0
52 0 70
31 22 106
16 77 0
35 0 8
11 0 51
120 30 87
0 0 0
0 41 0
0 82 0
98 103 0
0 72 0
0 3 84
55 0 20
0 0 0
42 54 31
29 118 0
0 0 92
0 25 0
0 23 0
0 82 30
0 69 0
103 30 16
0 0 0
117 0 0
64 0 107
25 16 0
59 0 13
20 0 0
0 16 0
0 0 6
0 0 0
74 121 89
0 96 34
0 88 0
9 0 116
0 75 0
0 0 0
0 5 106
0 64 22
0 115 6
0 0 0
100 0 0
0 0 76
0 40 89
120 25 95
70 33 0
0 0 0
0 0 82
0 32 0
23 0 0
0 0 0
91 6 74
0 61 1
57 0 0
0 75 0
75 0 0
0 109 0
49 99 0
3 0 44
0 0 0
57 0 79
0 101 41
98 50 73
67 0 0
46 110 50
0 9 0
34 0 55
0 0 54
0 0 0
0 0 35
0 0 0
0 0 36
0 0 0
0 79 0
99 0 2
0 0 110
10 4 5
0 0 0
5 53 80
60 0 61
0 23 73
5 55 0
0 110 0
0 0 0
0 121 0
14 0 0
76 0 0
0 0 0
118 79 0
0 27 0
0 80 0
47 98 86
0 0 12
10 0 0
111 0 0
0 0 120
0 0 0
0 0 0
0 0 0
0 0 0
29 73 0
0 64 0
0 68 16
0 0 0
66 0 32
0 106 38
0 0 0
0 89 0
109 84 0
93 0 0
0 0 54
120 7 79
52 14 0
119 23 116
90 0 51
46 0 66
0 0 0
114 91 22
0 0 87
0 0 0
0 11 0
77 39 77
0 53 0
0 73 0
71 8 102
17 25 0
0 47 0
2 0 0
77 54 0
0 0 72
0 19 105
38 12 60
0 0 0
0 0 0
10 0 36
23 43 0
0 0 102
0 0 0
76 75 0
0 118 19
57 84 17
0 0 60
0 0 72
0 0 88
0 0 0
0 42 0
18 0 43
108 0 0
